0  -2.33418  1.92384   -2.02358  12.9195  10.6887   13.3488  0.25846  0.36972   -0.2521  0.25716  0.37506   -0.25453  1
1  -2.32771  1.93116   -1.89156  13.1182  10.7664   13.5065  0.25288  0.37365   -0.273  0.25143  0.37907   -0.27553  2
2  -2.33356  1.92631   -1.75162  13.2784  10.8408   13.6607  0.25569  0.37603   -0.27828  0.2541  0.38143   -0.28094  3
3  -2.34292  1.90783   -1.62336  13.3331  10.8671   13.7373  0.25921  0.37854   -0.26354  0.2575  0.3838   -0.26635  4
4  -2.33872  1.87916   -1.52056  13.2646  10.8234   13.7035  0.25496  0.38189   -0.2342  0.25322  0.38686   -0.23717  5
5  -2.29958  1.84772   -1.44216  13.1151  10.7211   13.5819  0.23678  0.38744   -0.20218  0.23513  0.39206   -0.20524  6
6  -2.2057  1.82034   -1.36869  12.9654  10.5968   13.4317  0.20308  0.39673   -0.17782  0.20156  0.40102   -0.18111  7
7  -2.04939  1.80136   -1.2808  12.8932  10.4943   13.3176  0.15745  0.40919   -0.16412  0.15606  0.41378   -0.16774  8
8  -1.84672  1.79514   -1.18611  12.9355  10.446   13.2859  0.10847  0.42502   -0.1565  0.10648  0.42808   -0.16041  9
9  -1.62984  1.80574   -1.11286  13.0752  10.4606   13.3535  0.06483  0.43998   -0.1466  0.06156  0.44326   -0.15138  10
10  -1.42437  1.83286   -1.07877  13.2519  10.5191   13.4988  0.03637  0.45499   -0.12974  0.03336  0.4582   -0.13469  11
11  -1.23575  1.87102   -1.07528  13.3884  10.5842   13.6645  0.02603  0.46507   -0.10452  0.0235  0.46792   -0.10939  12
12  -1.05414  1.91723   -1.07816  13.4258  10.6187   13.7815  0.02871  0.46186   -0.07486  0.0267  0.46421   -0.07943  13
13  -0.864537  1.98109   -1.06886  13.3525  10.6049   13.8075  0.03396  0.44064   -0.04818  0.03219  0.44274   -0.05236  14
14  -0.655663  2.08419   -1.03692  13.211  10.5522   13.7459  0.0306  0.40636   -0.02988  0.02882  0.40848   -0.0337  15
15  -0.424723  2.24572   -0.969976  13.0747  10.4906   13.6372  0.01123  0.36948   -0.01843  0.00936  0.37174   -0.02201  16
16  -0.180963  2.46717   -0.853144  13.0096  10.4559   13.5351  -0.02485  0.33793   -0.00591  -0.02675  0.34035   -0.00927  17
17  0.0572613  2.73239   -0.678083  13.0457  10.475   13.4902  -0.07002  0.31381   0.01372  -0.07176  0.31633   0.01071  18
18  0.269973  3.01271   -0.448454  13.1657  10.5539   13.5385  -0.10865  0.29549   0.03967  -0.11013  0.29803   0.0371  19
19  0.440412  3.27267   -0.178206  13.3153  10.6735   13.6851  -0.1228  0.28017   0.06627  -0.12415  0.28268   0.06392  20
20  0.555416  3.47815   0.11045  13.4275  10.7957   13.8926  -0.10114  0.265   0.08664  -0.10236  0.26749   0.08426  21
21  0.612547  3.60826   0.39066  13.4553  10.8809   14.0919  -0.04705  0.24801   0.09478  -0.04805  0.25046   0.09218  22
22  0.626096  3.66231   0.637268  13.3948  10.9049   14.212  0.02152  0.23014   0.08404  0.02072  0.23254   0.08123  23
23  0.62689  3.65764   0.834214  13.2847  10.868   14.2143  0.07957  0.21589   0.04978  0.07889  0.21827   0.04685  24
24  0.655582  3.61979   0.9798  13.1827  10.7942   14.1067  0.1077  0.21017   -0.00613  0.10709  0.21254   -0.00914  25
25  0.74814  3.57572   1.0782  13.1368  10.7223   13.934  0.10231  0.21466   -0.07363  0.10185  0.21701   -0.0767  26
26  0.916007  3.55008   1.12857  13.1676  10.6911   13.7574  0.07759  0.22899   -0.13577  0.07743  0.23135   -0.13904  27
27  1.1391  3.55789   1.1277  13.2644  10.7223   13.6303  0.05807  0.2534   -0.17436  0.05828  0.2558   -0.17797  28
28  1.37549  3.59477   1.08641  13.39  10.8088   13.583  0.06452  0.28756   -0.17807  0.06504  0.29002   -0.18218  29
29  1.58003  3.63582   1.04037  13.4936  10.9191   13.6166  0.10244  0.32506   -0.14793  0.1031  0.32759   -0.15266  30
30  1.72415  3.64752   1.04386  13.5316  11.0129   13.7064  0.15911  0.35243   -0.09795  0.15975  0.35503   -0.10329  31
31  1.80575  3.6069   1.138  13.4906  11.0617   13.8108  0.21055  0.35687   -0.05029  0.21103  0.35951   -0.05614  32
32  1.84927  3.51089   1.32297  13.3953  11.0619   13.8883  0.23423  0.33644   -0.02743  0.23438  0.33892   -0.03333  33
33  1.89819  3.37279   1.55392  13.2946  11.0337   13.9154  0.22055  0.2982   -0.04145  0.22062  0.30082   -0.04795  34
34  1.9964  3.21589   1.75943  13.2361  11.0079   13.8955  0.17795  0.2513   -0.08994  0.17788  0.25388   -0.09667  35
35  2.16429  3.07228   1.87063  13.2485  11.0128   13.8547  0.12581  0.20352   -0.15175  0.12565  0.20606   -0.15874  36
36  2.39137  2.97584   1.84657  13.3322  11.0629   13.8255  0.08439  0.16445   -0.19733  0.08416  0.16692   -0.20464  37
37  2.64382  2.94493   1.68507  13.4582  11.1533   13.8272  0.06601  0.14489   -0.20443  0.06568  0.14729   -0.21215  38
38  2.87813  2.97002   1.41845  13.5785  11.2637   13.857  0.07146  0.15085   -0.17209  0.07094  0.15321   -0.18024  39
39  3.05665  3.02115   1.10478  13.6484  11.3672   13.8959  0.09247  0.17694   -0.1229  0.09174  0.17928   -0.13127  40
40  3.15834  3.06836   0.808589  13.6512  11.4438   13.9224  0.1167  0.20831   -0.09125  0.11587  0.21068   -0.09951  41
41  3.18586  3.09434   0.574256  13.6055  11.4877   13.9225  0.13292  0.22947   -0.1055  0.13202  0.23191   -0.1134  42
42  3.1675  3.09458   0.411715  13.5515  11.5073   13.8949  0.13463  0.23209   -0.17364  0.13351  0.2347   -0.18122  43
43  3.14542  3.07742   0.297058  13.5289  11.5211   13.8524  0.12187  0.21749   -0.27946  0.12052  0.22029   -0.28672  44
44  3.1537  3.0665   0.183131  13.5596  11.5509   13.8199  0.10016  0.19581   -0.38973  0.09861  0.1987   -0.39662  45
45  3.20151  3.09345   0.0211324  13.6388  11.6144   13.8229  0.07644  0.18277   -0.46965  0.07471  0.18575   -0.47623  46
46  3.26943  3.18009   -0.218812  13.7365  11.7164   13.8722  0.05467  0.19394   -0.49784  0.05276  0.19699   -0.50424  47
47  3.3211  3.32406   -0.539726  13.8116  11.8433   13.9518  0.03425  0.23705   -0.47347  0.03217  0.24005   -0.47982  48
48  3.32633  3.49922   -0.916882  13.8326  11.9657   14.0256  0.0131  0.3059   -0.4155  0.01089  0.30865   -0.42172  49
49  3.27903  3.66951   -1.30439  13.7945  12.051   14.0587  -0.00838  0.38074   -0.35546  -0.01069  0.3831   -0.36136  50
50  3.19779  3.80538   -1.6528  13.7213  12.0793   14.0398  -0.02695  0.43686   -0.32537  -0.02931  0.43882   -0.3308  51
51  3.11315  3.8921   -1.92579  13.6521  12.0525   13.9856  -0.03848  0.45572   -0.34383  -0.0408  0.45741   -0.34873  52
52  3.05259  3.9341   -2.11476  13.6226  11.9947   13.9317  -0.04047  0.43213   -0.40724  -0.0427  0.43368   -0.41165  53
53  3.0282  3.95741   -2.24405  13.6506  11.943   13.9139  -0.03341  0.37548   -0.49188  -0.03557  0.37695   -0.49586  54
54  3.03091  4.00253   -2.35766  13.7317  11.932   13.9502  -0.0207  0.30629   -0.56323  -0.02285  0.30772   -0.56692  55
55  3.03423  4.1066   -2.49838  13.8428  11.9788   14.0319  -0.00737  0.24853   -0.59167  -0.00966  0.24993   -0.59513  56
56  3.01174  4.28283   -2.69781  13.9499  12.0746   14.1259  0.00195  0.21965   -0.56492  -0.00055  0.22102   -0.5682  57
57  2.95732  4.51571   -2.96861  14.0196  12.1858   14.1897  0.00495  0.22437   -0.49325  0.00237  0.22565   -0.49637  58
58  2.88567  4.77536   -3.29613  14.0352  12.2708   14.1931  0.00262  0.25464   -0.40613  0.00017  0.2558   -0.40902  59
59  2.81521  5.03231   -3.64157  14.0055  12.2988   14.1316  -0.00135  0.2951   -0.33901  -0.00351  0.29624   -0.34157  60
60  2.75162  5.26488   -3.95305  13.961  12.2633   14.0242  -0.00237  0.32995   -0.31628  -0.00414  0.33121   -0.31855  61
61  2.6876  5.46684   -4.1891  13.9404  12.1857   13.905  0.00266  0.34864   -0.34084  0.00136  0.35013   -0.34295  62
62  2.6163  5.65518   -4.34664  13.9728  12.1077   13.8124  0.01345  0.34941   -0.39476  0.01265  0.35116   -0.39679  63
63  2.53615  5.86443   -4.46098  14.0622  12.0725   13.7753  0.02539  0.34005   -0.44802  0.02504  0.342   -0.44992  64
64  2.44311  6.12243   -4.57904  14.1831  12.1041   13.8042  0.03068  0.33439   -0.4711  0.03074  0.33653   -0.4728  65
65  2.33197  6.42788   -4.73729  14.2921  12.1925   13.8872  0.02225  0.34558   -0.44778  0.0227  0.34769   -0.44938  66
66  2.2079  6.74952   -4.95005  14.3489  12.2977   13.9919  -0.00137  0.37927   -0.38262  -0.00384  0.38089   -0.38551  67
67  2.0901  7.04536   -5.20503  14.3372  12.3716   14.0761  -0.03462  0.4322   -0.30333  -0.03676  0.43342   -0.30636  68
68  2.00374  7.28278   -5.47023  14.2737  12.3798   14.1033  -0.06743  0.49526   -0.2407  -0.06938  0.49633   -0.24371  69
69  1.96753  7.44912   -5.70643  14.1996  12.3169   14.0592  -0.08942  0.55723   -0.21685  -0.09131  0.55791   -0.21964  70
70  1.98724  7.55406   -5.88389  14.1608  12.2085   13.9623  -0.0934  0.60635   -0.23413  -0.09524  0.60686   -0.23715  71
71  2.05872  7.62764   -5.99886  14.1848  12.1   13.8572  -0.07737  0.63177   -0.27667  -0.07913  0.63241   -0.27989  72
72  2.16915  7.71215   -6.0757  14.2688  12.037   13.7934  -0.04573  0.62956   -0.31883  -0.0474  0.63015   -0.32216  73
73  2.29325  7.84279   -6.15328  14.3854  12.0449   13.802  -0.00764  0.60776   -0.33529  -0.00914  0.60812   -0.33871  74
74  2.40567  8.02784   -6.27163  14.4971  12.1174   13.8812  0.02771  0.58423   -0.31233  0.0265  0.58441   -0.31585  75
75  2.50326  8.24646   -6.45759  14.5733  12.2199   13.995  0.055  0.57604   -0.25565  0.05415  0.57619   -0.25929  76
76  2.60745  8.46459   -6.70938  14.6021  12.308   14.0906  0.07243  0.5889   -0.18878  0.0716  0.58936   -0.19256  77
77  2.74323  8.65013   -6.99328  14.5942  12.3463   14.1232  0.07979  0.61622   -0.14143  0.07907  0.61707   -0.14532  78
78  2.91634  8.7789   -7.25444  0  0   0  0  0   0  0  0   0  79
79  0  0   0  0  0   0  0  0   0  0  0   0  80
