0  -1.46078  -0.44572   -2.75092  2.12331  2.20206   2.71744  -0.699136  0.308861  0.373129  -0.667516  0.347348  0.337315  1
1  -1.43637  -0.509266   -2.80044  2.14896  2.21933   2.74421  -0.702037  0.306812  0.373917  -0.66767  0.353952  0.335027  2
2  -1.42733  -0.552669   -2.83513  2.17772  2.22064   2.76131  -0.700507  0.304025  0.372395  -0.667408  0.356745  0.33475  3
3  -1.44173  -0.557171   -2.83452  2.20366  2.20796   2.76077  -0.695283  0.300863  0.370305  -0.670268  0.356971  0.337413  4
4  -1.47362  -0.523031   -2.7938  2.21853  2.18888   2.73713  -0.688538  0.299359  0.367778  -0.673834  0.355714  0.339522  5
5  -1.50991  -0.468739   -2.73042  2.21724  2.17312   2.69376  -0.680667  0.299919  0.363389  -0.674833  0.352477  0.339714  6
6  -1.53644  -0.4233   -2.67694  2.20369  2.1684   2.64627  -0.671062  0.299995  0.357058  -0.672296  0.346966  0.33934  7
7  -1.54012  -0.413847   -2.66258  2.19217  2.17837   2.61571  -0.663724  0.298053  0.352742  -0.668859  0.342902  0.338886  8
8  -1.51569  -0.451644   -2.69821  2.19288  2.20077   2.61674  -0.662952  0.295159  0.353118  -0.66698  0.344746  0.336909  9
9  -1.47306  -0.525593   -2.77341  2.2065  2.22519   2.64604  -0.666438  0.292893  0.354831  -0.662903  0.349344  0.332273  10
10  -1.43136  -0.611219   -2.86422  2.22737  2.24126   2.69218  -0.670307  0.291638  0.355107  -0.655179  0.35122  0.327521  11
11  -1.40454  -0.68445   -2.94231  2.24826  2.24523   2.73904  -0.673238  0.290834  0.355126  -0.64921  0.349877  0.326611  12
12  -1.39229  -0.729738   -2.9826  2.26079  2.23993   2.76782  -0.675759  0.290708  0.356722  -0.647205  0.347389  0.328146  13
13  -1.38456  -0.742959   -2.9733  2.25754  2.23161   2.7641  -0.678873  0.292694  0.359796  -0.64718  0.34483  0.328734  14
14  -1.37105  -0.732501   -2.92449  2.23623  2.22524   2.72646  -0.681653  0.296909  0.362192  -0.647885  0.341607  0.32883  15
15  -1.34383  -0.718135   -2.86613  2.2046  2.22377   2.67261  -0.682894  0.301451  0.362539  -0.649164  0.337712  0.330356  16
16  -1.29708  -0.724541   -2.83521  2.17705  2.22831   2.63001  -0.686349  0.304805  0.364078  -0.652362  0.336453  0.333374  17
17  -1.23105  -0.768044   -2.85649  2.16448  2.23669   2.61953  -0.696598  0.306728  0.370519  -0.656814  0.340524  0.335641  18
18  -1.15713  -0.844281   -2.92684  2.16859  2.24366   2.6429  -0.710351  0.307352  0.37872  -0.657737  0.34671  0.335306  19
19  -1.09522  -0.930347   -3.01701  2.18621  2.24636   2.68749  -0.721027  0.306575  0.384032  -0.655479  0.350908  0.334991  20
20  -1.06204  -0.997471   -3.08599  2.21226  2.24818   2.73416  -0.725851  0.304732  0.386106  -0.656323  0.352576  0.33876  21
21  -1.05886  -1.02381   -3.09812  2.23747  2.254   2.76016  -0.725941  0.303642  0.386467  -0.661074  0.352734  0.344171  22
22  -1.07277  -1.00466   -3.04188  2.25057  2.26373   2.74607  -0.722769  0.304808  0.385444  -0.666271  0.351614  0.347173  23
23  -1.08634  -0.956162   -2.93887  2.2453  2.27432   2.68877  -0.715449  0.306916  0.381731  -0.670117  0.348603  0.348316  24
24  -1.08289  -0.908199   -2.83242  2.22714  2.27995   2.61011  -0.704148  0.307779  0.374863  -0.672605  0.344685  0.349426  25
25  -1.05057  -0.890653   -2.765  2.20939  2.28034   2.5461  -0.694378  0.306731  0.368667  -0.675152  0.343946  0.350186  26
26  -0.991528  -0.919505   -2.75887  2.2034  2.27864   2.52431  -0.692054  0.304232  0.367613  -0.676047  0.347969  0.348288  27
27  -0.925777  -0.990344   -2.8073  2.21205  2.2782   2.55004  -0.694795  0.300858  0.369264  -0.671004  0.352453  0.343224  28
28  -0.87918  -1.0842   -2.88077  2.23257  2.28715   2.60871  -0.696633  0.297082  0.369026  -0.6632  0.353719  0.340005  29
29  -0.86353  -1.17677   -2.93967  2.25783  2.31372   2.67486  -0.695888  0.293868  0.366847  -0.658591  0.352023  0.341741  30
30  -0.868905  -1.24581   -2.94894  2.27601  2.35723   2.71768  -0.694243  0.292737  0.365006  -0.6558  0.348934  0.343367  31
31  -0.87638  -1.28014   -2.89428  2.27659  2.40427   2.71285  -0.692664  0.294137  0.364553  -0.652946  0.345118  0.341802  32
32  -0.870485  -1.28446   -2.78803  2.25789  2.43865   2.65749  -0.69019  0.296989  0.364312  -0.651034  0.340624  0.339299  33
33  -0.841996  -1.27587   -2.66157  2.22888  2.44781   2.57518  -0.68641  0.300393  0.362447  -0.651607  0.336904  0.338273  34
34  -0.789099  -1.277   -2.55232  2.20287  2.43183   2.50337  -0.684361  0.304044  0.360103  -0.655101  0.336638  0.338677  35
35  -0.719901  -1.30733   -2.48922  2.18921  2.40228   2.47273  -0.689059  0.30733  0.361616  -0.657959  0.339643  0.33843  36
36  -0.651524  -1.37293   -2.47905  2.18989  2.37714   2.49177  -0.699809  0.309176  0.36726  -0.656137  0.342794  0.336715  37
37  -0.603624  -1.46184   -2.50197  2.20271  2.37493   2.54645  -0.710094  0.309095  0.372252  -0.653258  0.344543  0.337462  38
38  -0.586881  -1.5472   -2.51982  2.22162  2.40435   2.6091  -0.716537  0.308513  0.374126  -0.654252  0.345638  0.342511  39
39  -0.596125  -1.59785   -2.49369  2.23772  2.4603   2.65001  -0.720093  0.309825  0.373796  -0.657095  0.346892  0.346675  40
40  -0.616918  -1.59578   -2.40519  2.24131  2.51544   2.64444  -0.720683  0.313094  0.372185  -0.660378  0.34812  0.347662  41
41  -0.633866  -1.54551   -2.26629  2.23056  2.54307   2.59137  -0.716457  0.316307  0.368679  -0.665662  0.348855  0.348278  42
42  -0.633849  -1.46936   -2.11157  2.21226  2.5288   2.51273  -0.707279  0.318375  0.36216  -0.674414  0.35013  0.351028  43
43  -0.60954  -1.39709   -1.98155  2.19703  2.47714   2.44417  -0.696642  0.31921  0.353992  -0.686058  0.354068  0.355431  44
44  -0.565367  -1.35455   -1.90459  2.19277  2.4108   2.41556  -0.690183  0.318366  0.348821  -0.695401  0.360179  0.358218  45
45  -0.519636  -1.35293   -1.88431  2.20223  2.36089   2.43681  -0.688913  0.315157  0.348113  -0.697397  0.365499  0.357542  46
46  -0.495448  -1.38524   -1.89931  2.22378  2.35376   2.49575  -0.68799  0.310174  0.347536  -0.696191  0.368567  0.357905  47
47  -0.501682  -1.42958   -1.91519  2.25048  2.39801   2.56535  -0.685243  0.305954  0.344402  -0.696092  0.369877  0.361103  48
48  -0.525155  -1.45872   -1.90059  2.26929  2.47367   2.61442  -0.681808  0.304276  0.340032  -0.693674  0.369977  0.361196  49
49  -0.544233  -1.45504   -1.84113  2.27414  2.55543   2.62164  -0.677525  0.304079  0.336316  -0.688986  0.36887  0.357246  50
50  -0.541342  -1.4165   -1.7434  2.25986  2.59738   2.58504  -0.671916  0.304159  0.333575  -0.686058  0.366792  0.353449  51
51  -0.506981  -1.35376   -1.62908  2.23913  2.5885   2.52101  -0.665765  0.30499  0.330622  -0.687578  0.36511  0.352621  52
52  -0.441929  -1.28594   -1.52475  2.21781  2.52452   2.45708  -0.660599  0.307168  0.32657  -0.692041  0.364864  0.354038  53
53  -0.35793  -1.23478   -1.4519  2.20684  2.45249   2.42006  -0.658928  0.3099  0.323341  -0.693175  0.364879  0.353982  54
54  -0.273958  -1.2161   -1.41956  2.2047  2.39553   2.42446  -0.662247  0.311362  0.323782  -0.687246  0.363834  0.350515  55
55  -0.20782  -1.23032   -1.41997  2.20936  2.38685   2.47207  -0.668037  0.310946  0.326575  -0.680022  0.362317  0.34822  56
56  -0.165318  -1.25842   -1.43177  2.21464  2.43927   2.54002  -0.6741  0.310902  0.328661  -0.675646  0.361473  0.34871  57
57  -0.13836  -1.27124   -1.43011  2.21215  2.5285   2.59938  -0.68046  0.313283  0.329601  -0.670883  0.361374  0.347086  58
58  -0.114181  -1.24755   -1.39914  2.19854  2.61276   2.62409  -0.685578  0.316804  0.330319  -0.66642  0.361362  0.343513  59
59  -0.0815385  -1.18187   -1.33986  2.17885  2.65848   2.60524  -0.687569  0.319755  0.330871  -0.666301  0.361166  0.342077  60
60  -0.0326854  -1.08307   -1.26933  2.15801  2.63805   2.551  -0.686139  0.322228  0.330029  -0.672516  0.361529  0.34487  61
61  0.0341573  -0.971042   -1.21264  2.14794  2.561   2.48533  -0.682079  0.324481  0.326848  -0.682412  0.363005  0.350158  62
62  0.112209  -0.871248   -1.19227  2.14382  2.45906   2.43749  -0.677758  0.325326  0.323483  -0.689052  0.36487  0.353131  63
63  0.185689  -0.80424   -1.21584  2.14576  2.381   2.43154  -0.675935  0.323013  0.323816  -0.689082  0.366389  0.351798  64
64  0.236285  -0.775011   -1.27016  2.15089  2.36246   2.47442  -0.676036  0.318207  0.326973  -0.689589  0.367674  0.352771  65
65  0.258361  -0.768308   -1.32871  2.154  2.41476   2.54953  -0.676666  0.314693  0.328829  -0.693888  0.36871  0.358322  66
66  0.264874  -0.758502   -1.36763  2.15207  2.51447   2.62514  -0.676731  0.313768  0.328199  -0.695325  0.368857  0.361233  67
67  0.27552  -0.726045   -1.37568  2.14258  2.61515   2.6682  -0.674048  0.312768  0.326495  -0.693225  0.367822  0.360188  68
68  0.306198  -0.663219   -1.35575  2.13259  2.67243   2.66292  -0.668556  0.310677  0.324932  -0.692708  0.366655  0.359  69
69  0.364498  -0.575193   -1.32436  2.12603  2.66264   2.61297  -0.662361  0.309019  0.323428  -0.694545  0.364913  0.359546  70
70  0.446665  -0.47569   -1.29488  2.12405  2.59094   2.53999  -0.65696  0.308895  0.321319  -0.696243  0.36218  0.360809  71
71  0.541315  -0.388025   -1.27776  2.12626  2.49126   2.47476  -0.653162  0.309517  0.319229  -0.694453  0.359662  0.359207  72
72  0.631843  -0.334872   -1.27978  2.12732  2.41168   2.44666  -0.651972  0.308956  0.31948  -0.68778  0.356735  0.354582  73
73  0.70472  -0.324321   -1.2964  2.12541  2.39425   2.47074  -0.653756  0.307079  0.322631  -0.683556  0.353877  0.353725  74
74  0.759121  -0.341638   -1.31671  2.11887  2.45144   2.53568  -0.658321  0.306732  0.326153  -0.681962  0.351463  0.355934  75
75  0.804352  -0.359706   -1.3291  2.10753  2.55803   2.61035  -0.66441  0.309002  0.328485  -0.676732  0.34923  0.354425  76
76  0.849972  -0.357085   -1.32552  2.09525  2.6653   2.66049  -0.669502  0.311575  0.330273  -0.669672  0.34713  0.350196  77
77  0.901594  -0.323555   -1.30489  2.08741  2.72513   2.66535  -0.672873  0.313502  0.332264  -0.666501  0.345737  0.347871  78
78  0.960554  -0.260213   -1.27377  2.08676  2.71069   2.62251  -0.675355  0.315933  0.334036  -0.669441  0.345425  0.349401  79
79  1.02422  -0.179749   -1.24459  2.0895  2.62683   2.54834  -0.676859  0.319309  0.3344  -0.675427  0.345715  0.352862  80
80  1.08662  -0.103463   -1.23176  2.08857  2.50918   2.47372  -0.676499  0.321907  0.333334  -0.678722  0.346144  0.353836  81
81  1.13873  -0.052757   -1.24365  2.06876  2.41192   2.43161  -0.674865  0.321163  0.333379  -0.678177  0.346815  0.351686  82
82  1.17146  -0.0351717   -1.27507  2.06716  2.38323   2.44452  -0.674527  0.317798  0.336348  -0.680285  0.347918  0.352748  83
83  1.18409  -0.0376176   -1.31187  2.05159  2.43657   2.50382  -0.677309  0.31644  0.339749  -0.685348  0.348887  0.35758  84
84  1.18581  -0.0368123   -1.34191  2.03561  2.54577   2.58103  -0.680402  0.317636  0.340818  -0.686427  0.348892  0.359483  85
85  1.18827  -0.0153706   -1.36158  2.02481  2.65876   2.64091  -0.679286  0.317376  0.339751  -0.684368  0.348171  0.358356  86
86  1.19997  0.0347296   -1.37433  2.02302  2.72309   2.65823  -0.674182  0.314894  0.33796  -0.684248  0.347776  0.3578  87
87  1.22401  0.111451   -1.38598  2.02894  2.7145   2.62806  -0.668086  0.312441  0.336094  -0.687383  0.347972  0.358962  88
88  1.25805  0.201088   -1.40182  2.03641  2.63412   2.56243  -0.662517  0.311302  0.333879  -0.690053  0.347973  0.359417  89
89  1.29547  0.281161   -1.42445  2.03818  2.5179   2.48922  -0.657079  0.310408  0.331358  -0.687401  0.347268  0.355446  90
90  1.32769  0.328737   -1.4511  2.0332  2.42757   2.44376  -0.651697  0.307819  0.329959  -0.681263  0.345865  0.349317  91
91  1.3496  0.334842   -1.47518  2.02551  2.40193   2.44538  -0.648338  0.304304  0.330756  -0.679396  0.343751  0.348923  92
92  1.3646  0.313867   -1.4938  2.01991  2.45517   2.49186  -0.648879  0.30329  0.332344  -0.679119  0.34081  0.351555  93
93  1.38001  0.289237   -1.5094  2.01985  2.55905   2.55932  -0.651054  0.304452  0.333125  -0.674109  0.337488  0.350098  94
94  1.40018  0.276717   -1.52486  2.02834  2.66275   2.6187  -0.651893  0.304809  0.333514  -0.667326  0.334971  0.345926  95
95  1.4251  0.282779   -1.54052  2.04226  2.71915   2.64639  -0.652517  0.304623  0.334646  -0.66375  0.333853  0.343145  96
96  1.45171  0.305971   -1.55465  2.05539  2.70042   2.63224  -0.655272  0.306054  0.336767  -0.66401  0.333401  0.34306  97
97  1.47586  0.337297   -1.56667  2.06259  2.61189   2.58385  -0.66014  0.309711  0.339067  -0.665095  0.332991  0.343466  98
98  1.49341  0.362041   -1.57844  2.051  2.49036   2.52125  -0.664562  0.313515  0.340737  -0.663568  0.332943  0.340934  99
99  1.50088  0.365164   -1.59102  2.03559  2.3872   2.47498  -0.666459  0.31445  0.342408  -0.661317  0.333584  0.337335  100
100  1.49722  0.343254   -1.60256  2.01643  2.35342   2.47074  -0.668146  0.313341  0.345404  -0.664065  0.334441  0.339025  101
101  1.48538  0.311203   -1.61193  2.00257  2.39612   2.50962  -0.673689  0.314943  0.349087  -0.668476  0.33464  0.343495  102
102  1.46995  0.288549   -1.62193  1.9974  2.48927   2.57477  -0.680512  0.31882  0.351547  -0.669139  0.334263  0.345022  103
103  1.45423  0.286633   -1.63805  1.99926  2.58722   2.64028  -0.683178  0.320479  0.352167  -0.668771  0.334578  0.344725  104
104  1.43944  0.309497   -1.66415  2.00555  2.6397   2.68085  -0.68173  0.319607  0.351575  -0.671205  0.336127  0.345626  105
105  1.42533  0.354427   -1.70021  2.00715  2.62827   2.68272  -0.678986  0.318577  0.350309  -0.675877  0.337946  0.348032  106
106  1.41112  0.410849   -1.74352  1.99891  2.55016   2.6445  -0.675833  0.318245  0.348273  -0.679045  0.339343  0.349017  107
107  1.39615  0.461597   -1.78862  1.98118  2.44355   2.58502  -0.670807  0.316985  0.345364  -0.677476  0.340422  0.345512  108
108  1.38069  0.489158   -1.82574  1.96138  2.35748   2.53376  -0.66322  0.313012  0.342409  -0.674592  0.340869  0.341521  109
109  1.3674  0.488614   -1.84759  1.95075  2.33313   2.51681  -0.656565  0.308526  0.34059  -0.676326  0.339638  0.344138  110
110  1.36037  0.472773   -1.86047  1.95499  2.38082   2.54092  -0.654426  0.307385  0.339642  -0.677699  0.336364  0.348735  111
111  1.36157  0.457926   -1.87941  1.97304  2.47349   2.59455  -0.653524  0.307575  0.338442  -0.674176  0.332823  0.348861  112
112  1.36982  0.452495   -1.91437  1.99847  2.5667   2.65662  -0.650285  0.305814  0.336851  -0.669704  0.33124  0.346084  113
113  1.38217  0.457678   -1.96345  2.02143  2.61812   2.70337  -0.64675  0.303455  0.335701  -0.667281  0.331067  0.343809  114
114  1.39571  0.46928   -2.01688  2.03245  2.60358   2.71529  -0.646192  0.303205  0.335636  -0.665817  0.330456  0.342712  115
115  1.40853  0.479042   -2.06461  2.02714  2.52803   2.68594  -0.649082  0.305617  0.336531  -0.662937  0.329313  0.340558  116
116  1.41993  0.476307   -2.09892  2.00941  2.42364   2.62806  -0.652765  0.308494  0.3378  -0.657639  0.3285  0.33561  117
117  1.43084  0.452682   -2.11484  1.99138  2.3362   2.56896  -0.654427  0.309085  0.339221  -0.653862  0.327974  0.332009  118
118  1.44286  0.41142   -2.11458  1.98584  2.30392   2.53606  -0.65609  0.308803  0.341297  -0.654674  0.326686  0.333977  119
119  1.45575  0.367547   -2.10982  1.99692  2.33653   2.54294  -0.66222  0.311888  0.344225  -0.654871  0.324257  0.33672  120
120  1.46685  0.333693   -2.11455  2.01926  2.4149   2.58676  -0.670426  0.316775  0.347223  -0.652478  0.322523  0.336383  121
121  1.47266  0.314077   -2.13673  2.04042  2.49776   2.65124  -0.675671  0.319409  0.349422  -0.651625  0.323322  0.335142  122
122  1.47062  0.308603   -2.17503  2.049  2.54593   2.7104  -0.677981  0.320153  0.350642  -0.654013  0.325605  0.335594  123
123  1.46007  0.315126   -2.22219  2.03736  2.53496   2.7378  -0.679562  0.321161  0.351083  -0.657861  0.327684  0.337495  124
124  1.44262  0.328149   -2.27006  2.0068  2.46753   2.71918  -0.680495  0.322634  0.350657  -0.660418  0.329694  0.337928  125
125  1.4224  0.339184   -2.30971  1.97006  2.37302   2.66329  -0.678313  0.322365  0.34902  -0.660271  0.332139  0.33506  126
126  1.40603  0.341113   -2.33182  1.94289  2.29404   2.59793  -0.671743  0.318786  0.346322  -0.661093  0.334037  0.333692  127
127  1.39932  0.335421   -2.33649  1.93907  2.26712   2.55711  -0.665318  0.315231  0.343634  -0.665414  0.333489  0.338377  128
128  1.4022  0.329798   -2.34081  1.9585  2.30194   2.55918  -0.66373  0.315409  0.341848  -0.667845  0.330546  0.343771  129
129  1.40922  0.328205   -2.36715  1.99089  2.37969   2.60789  -0.663041  0.315831  0.340505  -0.667233  0.328729  0.345209  130
130  1.41462  0.329774   -2.42507  2.02092  2.46325   2.68663  -0.658946  0.31318  0.338683  -0.667369  0.330196  0.344255  131
131  1.41622  0.333182   -2.50539  2.0355  2.51403   2.76331  -0.653338  0.309479  0.336423  -0.66808  0.332279  0.343237  132
132  1.41557  0.336452   -2.58957  2.02888  2.50913   2.80325  -0.649747  0.307663  0.334485  -0.667114  0.332676  0.342037  133
133  1.41611  0.335844   -2.66016  2.00578  2.45134   2.7879  -0.649121  0.308252  0.333373  -0.663158  0.332052  0.338601  134
134  1.42257  0.325925   -2.70422  1.98066  2.3655   2.72389  -0.64929  0.309218  0.332904  -0.657214  0.33131  0.333072  135
135  1.4396  0.303542   -2.71724  1.97078  2.2903   2.64013  -0.647761  0.3084  0.332608  -0.653536  0.329721  0.330567  136
136  1.4673  0.273084   -2.71023  1.98684  2.25934   2.57243  -0.64664  0.307537  0.3327  -0.652169  0.325951  0.332622  137
137  1.49882  0.242844   -2.70591  2.02465  2.28493   2.54822  -0.650209  0.309961  0.333994  -0.648502  0.321061  0.333695  138
138  1.52466  0.215931   -2.72256  2.06915  2.3548   2.57815  -0.656402  0.313473  0.336562  -0.644108  0.318861  0.331614  139
139  1.53829  0.191186   -2.76221  2.10131  2.43495   2.64757  -0.661298  0.315113  0.3395  -0.64236  0.320092  0.328953  140
140  1.53818  0.168211   -2.81325  2.10704  2.48919   2.72113  -0.66511  0.316008  0.342052  -0.642368  0.321563  0.327855  141
141  1.52608  0.148215   -2.86142  2.08335  2.49237   2.76041  -0.669534  0.318071  0.344197  -0.642724  0.322175  0.327815  142
142  1.50582  0.13135   -2.89583  2.0406  2.44167   2.74265  -0.674137  0.320986  0.345936  -0.642684  0.323331  0.326568  143
143  1.48399  0.116226   -2.90874  1.9986  2.35893   2.67189  -0.675834  0.322177  0.346759  -0.642699  0.325607  0.323989  144
144  1.46865  0.103314   -2.89812  1.97808  2.28222   2.5781  -0.672562  0.320139  0.346003  -0.645461  0.327379  0.324502  145
145  1.46314  0.0967535   -2.87561  1.98842  2.24677   2.50105  -0.668678  0.318575  0.344147  -0.649944  0.326358  0.329542  146
146  1.46178  0.0978435   -2.86635  2.02246  2.26776   2.47548  -0.669536  0.320808  0.343028  -0.652177  0.32367  0.334207  147
147  1.45398  0.0996439   -2.89305  2.06261  2.33317   2.51575  -0.67191  0.322698  0.34343  -0.65436  0.324154  0.335987  148
148  1.4329  0.0954826   -2.95904  2.08958  2.41107   2.60714  -0.670847  0.320876  0.343794  -0.65862  0.328355  0.336441  149
149  1.39986  0.0853807   -3.04842  2.091  2.46489   2.7075  -0.666838  0.317312  0.342828  -0.662202  0.331941  0.336958  150
150  1.36147  0.0732006   -3.13916  2.06678  2.46977   2.77087  -0.662772  0.314726  0.340948  -0.663191  0.333482  0.336806  151
151  1.32647  0.0617356   -3.21177  2.02997  2.42296   2.76894  -0.659754  0.313509  0.339074  -0.661572  0.334347  0.334396  152
152  1.3047  0.0511886   -3.25273  2.00126  2.34531   2.70357  -0.656307  0.311954  0.337485  -0.659212  0.334848  0.331232  153
153  1.30283  0.0412519   -3.26169  1.99865  2.27221   2.60579  -0.651169  0.309091  0.335773  -0.658698  0.333225  0.331779  154
154  1.31697  0.0325653   -3.25749  2.02673  2.23623   2.52072  -0.647094  0.307454  0.333928  -0.657564  0.328017  0.335259  155
155  1.3329  0.0233757   -3.26826  2.07498  2.25216   2.48899  -0.647357  0.308829  0.333208  -0.653689  0.322446  0.336563  156
156  1.33634  0.00856137   -3.31015  2.12413  2.31136   2.52754  -0.650073  0.310209  0.334624  -0.651186  0.321714  0.334712  157
157  1.3224  -0.0146316   -3.37598  2.15439  2.38656   2.61572  -0.652432  0.309797  0.337222  -0.650602  0.323847  0.332168  158
158  1.29478  -0.0433631   -3.44523  2.15405  2.44467   2.70911  -0.654878  0.309474  0.339767  -0.649203  0.324269  0.33057  159
159  1.25951  -0.0723101   -3.49922  2.12516  2.46   2.758  -0.659061  0.3111  0.34227  -0.647012  0.323358  0.329344  160
160  1.22293  -0.0974684   -3.52589  2.08329  2.42562   2.73626  -0.664759  0.314202  0.345124  -0.645184  0.323393  0.327224  161
161  1.19241  -0.116664   -3.52001  2.05039  2.35718   2.64846  -0.669096  0.3163  0.347925  -0.645202  0.324647  0.325426  162
162  1.17323  -0.127317   -3.4868  2.04345  2.28699   2.52836  -0.669658  0.31612  0.349409  -0.647697  0.324895  0.326932  163
163  1.16247  -0.126968   -3.44554  2.06551  2.24855   2.42517  -0.669211  0.316835  0.348961  -0.649498  0.322094  0.33082  164
164  1.14806  -0.120026   -3.42335  2.10568  2.25968   2.38258  -0.672201  0.320737  0.348538  -0.649946  0.319256  0.333616  165
165  1.11656  -0.11863   -3.43821  2.14659  2.31446   2.41734  -0.67727  0.323974  0.35052  -0.653529  0.321559  0.334746  166
166  1.06373  -0.130861   -3.48701  2.17111  2.38674   2.50864  -0.680369  0.323771  0.353656  -0.659533  0.326778  0.335698  167
167  0.995949  -0.153988   -3.55247  2.16906  2.44243   2.60904  -0.680351  0.321746  0.355326  -0.664089  0.330327  0.33704  168
168  0.924066  -0.179475   -3.61605  2.14315  2.45514   2.67052  -0.6787  0.319996  0.355133  -0.666538  0.332432  0.337677  169
169  0.860721  -0.199492   -3.66255  2.1082  2.41844   2.6653  -0.676174  0.318556  0.353975  -0.667838  0.334747  0.336733  170
170  0.818741  -0.209332   -3.68298  2.08392  2.34891   2.59732  -0.671577  0.315972  0.352174  -0.669567  0.33673  0.336267  171
171  0.803663  -0.2076   -3.68179  2.08319  2.27864   2.50021  -0.66447  0.312263  0.349187  -0.671548  0.335593  0.338976  172
172  0.805428  -0.197854   -3.68  2.10783  2.23806   2.42272  -0.65781  0.310238  0.344969  -0.67035  0.330088  0.342865  173
173  0.802161  -0.190325   -3.70365  2.14767  2.24319   2.4078  -0.654386  0.310434  0.341573  -0.667775  0.32581  0.344344  174
174  0.777136  -0.196101   -3.76303  2.18871  2.28938   2.4682  -0.653281  0.309647  0.341174  -0.668806  0.328059  0.343207  175
175  0.731985  -0.217563   -3.84464  2.21484  2.35432   2.57612  -0.652478  0.307059  0.342623  -0.669953  0.331579  0.341171  176
176  0.679671  -0.248016   -3.92523  2.21548  2.40884   2.68049  -0.65195  0.30492  0.343818  -0.66746  0.3316  0.339072  177
177  0.632686  -0.27825   -3.98574  2.19257  2.42879   2.73355  -0.653205  0.304976  0.344749  -0.662879  0.329913  0.336445  178
178  0.60047  -0.301307   -4.01455  2.15933  2.40592   2.71213  -0.656573  0.306781  0.346357  -0.658943  0.329035  0.333344  179
179  0.588761  -0.313266   -4.00907  2.13273  2.35172   2.62565  -0.660111  0.308379  0.348682  -0.65735  0.328764  0.331637  180
180  0.595485  -0.312214   -3.97851  2.12325  2.29187   2.51146  -0.661921  0.309102  0.350381  -0.656488  0.326524  0.332402  181
181  0.608345  -0.299647   -3.94297  2.13283  2.25548   2.42008  -0.663256  0.311333  0.350128  -0.653282  0.321336  0.333741  182
182  0.609513  -0.285007   -3.92473  2.15691  2.26067   2.39159  -0.666677  0.315888  0.349456  -0.650989  0.318493  0.333829  183
183  0.587421  -0.283034   -3.9339  2.18637  2.30686   2.43366  -0.672517  0.319526  0.351806  -0.653703  0.321728  0.33316  184
184  0.545072  -0.30144   -3.96319  2.20825  2.3743   2.51741  -0.678593  0.320529  0.356712  -0.657386  0.32577  0.332969  185
185  0.493952  -0.335136   -3.9983  2.21236  2.43249   2.59655  -0.682713  0.320242  0.360749  -0.659062  0.327377  0.333406  186
186  0.44643  -0.372128   -4.02676  2.19778  2.45466   2.63213  -0.684807  0.319975  0.362723  -0.660221  0.328687  0.333643  187
187  0.414555  -0.400473   -4.03974  2.17343  2.43083   2.60759  -0.685019  0.319327  0.36337  -0.662935  0.331519  0.333738  188
188  0.407624  -0.411451   -4.03442  2.15141  2.37277   2.53424  -0.682301  0.317152  0.362901  -0.667826  0.334647  0.335428  189
189  0.424884  -0.402119   -4.0185  2.14044  2.30763   2.44599  -0.676585  0.31425  0.360409  -0.671903  0.334495  0.339333  190
190  0.450513  -0.379847   -4.01063  2.14496  2.26461   2.38623  -0.670284  0.313192  0.355533  -0.671979  0.330223  0.343315  191
191  0.459898  -0.362967   -4.03081  2.16615  2.26216   2.38785  -0.665874  0.313404  0.351033  -0.672961  0.32907  0.345328  192
192  0.439372  -0.368595   -4.0849  2.19884  2.30069   2.45421  -0.664022  0.311763  0.350492  -0.678599  0.334979  0.345388  193
193  0.398068  -0.398261   -4.16051  2.2288  2.36228   2.55597  -0.663153  0.308045  0.352552  -0.682194  0.340247  0.344503  194
194  0.355399  -0.439797   -4.23842  2.24206  2.41855   2.64783  -0.661949  0.304534  0.353793  -0.680427  0.34101  0.343039  195
195  0.327776  -0.477468   -4.30088  2.23377  2.44477   2.69547  -0.661252  0.302817  0.353834  -0.676557  0.340226  0.340931  196
196  0.325043  -0.498615   -4.33503  2.20935  2.43071   2.68228  -0.661675  0.30258  0.354012  -0.674033  0.340018  0.339098  197
197  0.347728  -0.496516   -4.33705  2.17826  2.38415   2.61915  -0.662316  0.302591  0.354878  -0.673193  0.339332  0.338708  198
198  0.384674  -0.471413   -4.3149  2.15018  2.32726   2.5377  -0.662452  0.302957  0.355503  -0.670434  0.335229  0.339197  199
199  0.416158  -0.431874   -4.28632  2.13509  2.28661   2.47773  -0.662727  0.305301  0.354502  -0.664401  0.328466  0.338859  200
