0   -1.44856  -0.319658  -2.41537   2.12865  2.09099  2.49817
1   -1.44659  -0.33457  -2.40966   2.13434  2.09008  2.49368
2   -1.44523  -0.34994  -2.40575   2.13955  2.08973  2.48905
3   -1.44354  -0.364757  -2.40379   2.14423  2.08979  2.4845
4   -1.44018  -0.378025  -2.40334   2.14841  2.08998  2.48031
5   -1.43425  -0.389346  -2.40379   2.15219  2.09006  2.47668
6   -1.42531  -0.399459  -2.40509   2.15571  2.08992  2.47359
7   -1.4131  -0.410306  -2.40773   2.15904  2.08968  2.47083
8   -1.39761  -0.424106  -2.41182   2.1622  2.08959  2.46811
9   -1.37933  -0.441832  -2.41669   2.16517  2.08989  2.46513
10   -1.35924  -0.462542  -2.42175   2.16794  2.09073  2.46176
11   -1.33843  -0.484  -2.42723   2.17042  2.09205  2.4581
12   -1.3172  -0.504052  -2.43371   2.17249  2.09373  2.45443
13   -1.2948  -0.521867  -2.4415   2.1741  2.0956  2.45099
14   -1.26973  -0.538197  -2.45085   2.17521  2.09761  2.44789
15   -1.24038  -0.554742  -2.46181   2.17588  2.09987  2.44497
16   -1.20607  -0.573107  -2.47348   2.17615  2.1026  2.44191
17   -1.16798  -0.594021  -2.48374   2.17616  2.10605  2.43827
18   -1.12893  -0.617315  -2.4904   2.17604  2.11043  2.43361
19   -1.09163  -0.642326  -2.49266   2.17588  2.11576  2.42777
20   -1.05706  -0.66805  -2.49115   2.17565  2.12186  2.42093
21   -1.02445  -0.693406  -2.48664   2.17528  2.12842  2.41359
22   -0.992423  -0.717712  -2.47897   2.17473  2.13519  2.40611
23   -0.959996  -0.740974  -2.46733   2.17404  2.14205  2.39861
24   -0.92679  -0.763927  -2.45095   2.17329  2.14911  2.39088
25   -0.89301  -0.787938  -2.42956   2.17259  2.15659  2.38249
26   -0.859294  -0.814438  -2.4033   2.17208  2.16477  2.37293
27   -0.826478  -0.843836  -2.37262   2.17183  2.17375  2.36196
28   -0.795602  -0.874922  -2.33864   2.1718  2.18337  2.34981
29   -0.767784  -0.905532  -2.3031   2.17191  2.19317  2.33712
30   -0.743573  -0.933915  -2.26717   2.17208  2.20275  2.32457
31   -0.72253  -0.95967  -2.23069   2.17226  2.21198  2.31238
32   -0.703411  -0.98373  -2.19291   2.17246  2.22105  2.30037
33   -0.684594  -1.00767  -2.15324   2.1727  2.23025  2.28811
34   -0.664805  -1.03279  -2.11105   2.173  2.23988  2.27518
35   -0.643966  -1.05924  -2.06533   2.17336  2.25002  2.26139
36   -0.623482  -1.08569  -2.015   2.17378  2.26042  2.24696
37   -0.605381  -1.11027  -1.96023   2.17425  2.27058  2.23251
38   -0.590685  -1.1315  -1.90281   2.17472  2.28002  2.21874
39   -0.578698  -1.14871  -1.84452   2.17514  2.28858  2.2061
40   -0.567958  -1.16196  -1.78571   2.17547  2.29639  2.19454
41   -0.557243  -1.1716  -1.7255   2.1757  2.30367  2.1838
42   -0.545875  -1.17786  -1.6626   2.17585  2.31062  2.1736
43   -0.533581  -1.18096  -1.59599   2.1759  2.31729  2.16375
44   -0.520145  -1.18106  -1.52558   2.17581  2.32358  2.15433
45   -0.505257  -1.17821  -1.45285   2.17551  2.32926  2.14566
46   -0.48894  -1.17218  -1.38105   2.17494  2.33407  2.1382
47   -0.471603  -1.16273  -1.31414   2.17409  2.33795  2.13224
48   -0.453534  -1.14964  -1.25425   2.173  2.34104  2.12779
49   -0.434518  -1.13287  -1.20095   2.17168  2.34351  2.12463
50   -0.413791  -1.11265  -1.15277   2.17011  2.34552  2.12254
51   -0.390196  -1.08935  -1.1084   2.16823  2.3472  2.12134
52   -0.362585  -1.06338  -1.06711   2.16592  2.34863  2.12096
53   -0.33046  -1.03514  -1.0286   2.1631  2.34978  2.12147
54   -0.294622  -1.0048  -0.992943   2.1598  2.3505  2.12299
55   -0.257062  -0.972383  -0.960623   2.15615  2.35067  2.1256
56   -0.219378  -0.938026  -0.932521   2.15232  2.35037  2.12915
57   -0.181284  -0.901797  -0.909282   2.1483  2.34986  2.13338
58   -0.141177  -0.863579  -0.890933   2.14399  2.34938  2.13814
59   -0.0973787  -0.822988  -0.877032   2.13922  2.34905  2.1434
60   -0.048963  -0.779512  -0.86679   2.13388  2.34885  2.14925
61   0.00393486  -0.732945  -0.859167   2.12798  2.34866  2.15574
62   0.0601376  -0.683835  -0.853078   2.12167  2.34836  2.16284
63   0.117667  -0.633629  -0.847824   2.11521  2.3479  2.17027
64   0.174377  -0.584103  -0.843425   2.10887  2.34742  2.17762
65   0.229003  -0.536241  -0.840367   2.10282  2.3471  2.18453
66   0.281542  -0.489791  -0.838934   2.09706  2.34702  2.19094
67   0.332757  -0.44395  -0.839095   2.09148  2.34714  2.19698
68   0.383654  -0.397982  -0.8408   2.08596  2.34739  2.20284
69   0.435245  -0.351359  -0.844081   2.08037  2.34774  2.20869
70   0.488369  -0.303817  -0.849029   2.07459  2.34818  2.21459
71   0.543274  -0.255621  -0.855765   2.06863  2.34877  2.22051
72   0.598994  -0.207785  -0.864062   2.06259  2.34951  2.2263
73   0.653363  -0.161675  -0.872885   2.05676  2.35027  2.23181
74   0.704559  -0.118043  -0.881036   2.05139  2.35084  2.23703
75   0.752517  -0.0767376  -0.888507   2.04645  2.3512  2.24201
76   0.798509  -0.0371947  -0.896502   2.04174  2.35147  2.24682
77   0.844012  0.00131929  -0.906258   2.03705  2.3518  2.25153
78   0.889982  0.0395042  -0.918229   2.03224  2.35225  2.2562
79   0.936602  0.0776966  -0.932032   2.02731  2.35278  2.26089
80   0.983267  0.115582  -0.946798   2.02237  2.35329  2.2656
81   1.02867  0.152113  -0.961589   2.01761  2.35365  2.27028
82   1.07126  0.186017  -0.97592   2.0132  2.35376  2.27486
83   1.11014  0.216828  -0.990285   2.00915  2.35363  2.27931
84   1.14523  0.245009  -1.00592   2.00532  2.35336  2.28369
85   1.17684  0.271225  -1.02381   2.00156  2.35303  2.28807
86   1.20529  0.29602  -1.044   1.9978  2.35263  2.29254
87   1.23092  0.319869  -1.06577   1.99403  2.35215  2.2971
88   1.25416  0.343168  -1.08834   1.99027  2.35153  2.30179
89   1.27536  0.36596  -1.11136   1.98656  2.35077  2.30658
90   1.29447  0.387514  -1.13465   1.98296  2.34977  2.31149
91   1.31091  0.406538  -1.15768   1.97958  2.34839  2.31657
92   1.32417  0.422336  -1.17997   1.97644  2.34652  2.32192
93   1.33439  0.435311  -1.20187   1.97346  2.34416  2.32763
94   1.34226  0.446454  -1.22431   1.97049  2.34148  2.33369
95   1.34861  0.456896  -1.2479   1.96748  2.33864  2.33997
96   1.35414  0.467566  -1.27259   1.96445  2.33572  2.34636
97   1.35914  0.47885  -1.29784   1.96149  2.33265  2.35282
98   1.36354  0.490349  -1.32283   1.9587  2.32929  2.3594
99   1.36688  0.500855  -1.34662   1.95618  2.32549  2.36617
100   1.36869  0.509034  -1.36891   1.95393  2.32127  2.37313
101   1.36886  0.514604  -1.39092   1.95178  2.31687  2.38021
102   1.36771  0.518329  -1.41467   1.94957  2.31258  2.38729
103   1.36564  0.521167  -1.44108   1.94725  2.30856  2.39424
104   1.36308  0.523808  -1.46948   1.94492  2.30481  2.40096
105   1.36045  0.526614  -1.49838   1.94274  2.30117  2.40739
106   1.35809  0.529637  -1.5267   1.94086  2.29748  2.41356
107   1.35618  0.532483  -1.55417   1.93931  2.2936  2.41958
108   1.3545  0.534097  -1.58111   1.93807  2.28949  2.42551
109   1.35247  0.53318  -1.60802   1.937  2.28526  2.43144
110   1.34959  0.529323  -1.63532   1.93594  2.28101  2.43743
111   1.34589  0.523309  -1.66322   1.93479  2.27682  2.44351
112   1.34185  0.516446  -1.69179   1.93363  2.2727  2.44958
113   1.33825  0.510002  -1.72099   1.93261  2.26863  2.45547
114   1.33576  0.504827  -1.75082   1.93187  2.26453  2.46109
115   1.33476  0.501085  -1.78132   1.93152  2.26025  2.46648
116   1.33524  0.498074  -1.81216   1.93157  2.25565  2.47181
117   1.33683  0.494198  -1.84243   1.93193  2.25071  2.47721
118   1.33888  0.487811  -1.87145   1.9324  2.24562  2.48274
119   1.34076  0.478555  -1.89996   1.93278  2.24068  2.48827
120   1.34223  0.46746  -1.92961   1.93305  2.23615  2.49355
121   1.34357  0.456029  -1.96123   1.93332  2.23212  2.49832
122   1.34549  0.445478  -1.99419   1.93378  2.22847  2.50245
123   1.34872  0.436399  -2.02726   1.93455  2.22503  2.50599
124   1.35369  0.428729  -2.05956   1.93569  2.22162  2.50909
125   1.3604  0.421755  -2.09074   1.93718  2.21816  2.51185
126   1.36822  0.414123  -2.12097   1.93887  2.21478  2.51433
127   1.37593  0.404549  -2.15089   1.94056  2.2117  2.5165
128   1.38238  0.392891  -2.18125   1.94213  2.2091  2.51833
129   1.3871  0.380157  -2.21234   1.9436  2.20694  2.51978
130   1.39047  0.367616  -2.24394   1.94514  2.20511  2.52079
131   1.3932  0.356213  -2.27577   1.94687  2.20349  2.52133
132   1.39583  0.346285  -2.30798   1.94891  2.20195  2.5214
133   1.39857  0.3375  -2.34097   1.95131  2.20045  2.52104
134   1.40143  0.328829  -2.37459   1.954  2.19897  2.52032
135   1.40436  0.318701  -2.4078   1.9568  2.19759  2.51942
136   1.40716  0.305918  -2.43943   1.95946  2.19645  2.51845
137   1.40935  0.29054  -2.46977   1.96192  2.19561  2.51741
138   1.41038  0.273646  -2.50034   1.96431  2.19508  2.51609
139   1.41011  0.256673  -2.5322   1.96682  2.19483  2.51432
140   1.40894  0.240787  -2.56518   1.96954  2.19472  2.51209
141   1.40744  0.226527  -2.5985   1.9725  2.19465  2.50949
142   1.40601  0.213752  -2.63143   1.97566  2.19458  2.50664
143   1.40482  0.201716  -2.66336   1.97892  2.19451  2.50363
144   1.40358  0.189298  -2.69406   1.98217  2.19453  2.50052
145   1.40136  0.175709  -2.72417   1.98534  2.19475  2.49725
146   1.39694  0.161145  -2.7549   1.98851  2.19516  2.49372
147   1.38966  0.146528  -2.78683   1.9918  2.1957  2.48987
148   1.3799  0.132804  -2.81941   1.99524  2.19628  2.48575
149   1.36841  0.120449  -2.8518   1.9988  2.19683  2.48145
150   1.35555  0.109346  -2.88388   2.0025  2.19732  2.477
151   1.34132  0.098882  -2.91598   2.00635  2.19778  2.47237
152   1.32567  0.0881388  -2.94807   2.01032  2.19824  2.46757
153   1.30879  0.0762699  -2.97948   2.01429  2.19874  2.4627
154   1.29087  0.0630266  -3.00955   2.01817  2.19927  2.45786
155   1.2716  0.0486926  -3.03867   2.02201  2.19985  2.45304
156   1.25048  0.033621  -3.06795   2.0259  2.20045  2.44809
157   1.22742  0.0182897  -3.09798   2.02994  2.20106  2.44295
158   1.20276  0.0033254  -3.12858   2.0341  2.20163  2.43765
159   1.17691  -0.0108192  -3.1593   2.03838  2.20215  2.43226
160   1.15023  -0.0240524  -3.18958   2.04271  2.20259  2.42686
161   1.12314  -0.0366274  -3.21872   2.04702  2.20296  2.42154
162   1.09578  -0.0490034  -3.24636   2.05123  2.2033  2.41635
163   1.06748  -0.0615623  -3.27315   2.05541  2.20361  2.4112
164   1.03708  -0.0744146  -3.30043   2.05972  2.20392  2.40589
165   1.00438  -0.0872617  -3.32866   2.06421  2.20421  2.40037
166   0.970657  -0.0994602  -3.35696   2.06874  2.20445  2.39483
167   0.937292  -0.110518  -3.38431   2.07316  2.20464  2.38945
168   0.904818  -0.120423  -3.41046   2.0774  2.20478  2.38431
169   0.873076  -0.129553  -3.43567   2.0815  2.20487  2.37935
170   0.841804  -0.138401  -3.46015   2.08546  2.20494  2.37455
171   0.810857  -0.147191  -3.48396   2.08931  2.20499  2.3699
172   0.78001  -0.155746  -3.50728   2.09307  2.20504  2.36536
173   0.748851  -0.164066  -3.53051   2.09677  2.2051  2.36089
174   0.717249  -0.172712  -3.55385   2.1004  2.2052  2.35646
175   0.68558  -0.182121  -3.57712   2.10391  2.20537  2.35211
176   0.654255  -0.192105  -3.60013   2.10725  2.20559  2.3479
177   0.623582  -0.202172  -3.62274   2.11039  2.20586  2.34387
178   0.594133  -0.211915  -3.64472   2.11329  2.20617  2.34006
179   0.566875  -0.221168  -3.6657   2.11587  2.20655  2.33658
180   0.542463  -0.230038  -3.68562   2.11809  2.207  2.33346
181   0.520296  -0.23902  -3.70508   2.12002  2.20754  2.33061
182   0.498888  -0.248889  -3.72496   2.12179  2.20819  2.32785
183   0.477625  -0.259898  -3.74535   2.12346  2.20891  2.32515
184   0.457408  -0.271239  -3.76543   2.12496  2.20968  2.32259
185   0.43937  -0.281758  -3.78443   2.12621  2.21046  2.3203
186   0.424076  -0.290835  -3.80208   2.12719  2.21126  2.3183
187   0.411651  -0.298453  -3.81845   2.12791  2.21209  2.31656
188   0.401885  -0.304825  -3.83381   2.1284  2.21296  2.31504
189   0.394058  -0.309967  -3.84852   2.12874  2.21392  2.31363
190   0.386936  -0.313647  -3.86293   2.12901  2.21498  2.31224
191   0.379423  -0.315983  -3.87704   2.12928  2.21613  2.3108
192   0.371308  -0.317757  -3.89038   2.12957  2.21731  2.30934
193   0.362877  -0.319669  -3.90245   2.12985  2.21845  2.30791
194   0.354284  -0.321748  -3.91308   2.13012  2.2195  2.30654
195   0.345822  -0.323527  -3.92237   2.13039  2.22048  2.30522
196   0.33838  -0.324415  -3.93038   2.13064  2.22139  2.30398
197   0.333291  -0.323853  -3.93712   2.13087  2.22225  2.30283
198   0.331461  -0.321537  -3.94264   2.13114  2.22306  2.30174
199   0.332507  -0.317899  -3.9471   2.13154  2.22379  2.30063
