0 21.8335 -29.2931 -11.3054  0.284681 187.987 186.084 187.054   0.0095785 0.23016 0.246659 0.815439 0.227316 0.240617 0.811735
100 18.9166 -28.9303 -12.0531  0.266272 187.031 186.629 187.327   0.000357241 -0.322118 0.605862 0.922615 -0.322006 0.599468 0.922547
200 19.0454 -30.2347 -10.5105  0.266338 188.088 186.086 187.36   0.00922414 0.374342 0.0809447 1.00668 0.373927 0.0786829 1.00739
300 25.467 -28.1999 -12.1525  0.3084 187.134 186.115 188.177   -8.34078e-05 0.247099 0.869578 0.962108 0.246883 0.866571 0.963211
400 22.0194 -30.5506 -15.2021  0.30335 187.451 185.97 187.598   0.00450846 1.32797 -0.0115709 0.444649 1.32548 -0.0154791 0.446217
500 17.4888 -29.5512 -12.976  0.261841 186.697 186.252 188.794   -0.00558131 -0.352591 0.755551 1.03603 -0.352045 0.756955 1.03486
600 21.0285 -31.2723 -15.0068  0.298432 188.056 185.952 187.892   0.00766032 -0.430275 0.179097 0.989118 -0.430152 0.179519 0.988944
700 17.6221 -32.6471 -9.90569  0.262828 188.284 186.343 186.056   0.0140794 0.0670243 -0.625392 0.954764 0.0667297 -0.62732 0.952256
800 19.4099 -33.3358 -13.8847  0.290676 186.642 187.625 187.03   -0.00462908 -1.20743 -0.358458 0.13449 -1.20563 -0.361815 0.133342
900 16.1479 -33.2324 -10.1729  0.255746 186.386 187.84 187.643   -0.00916167 -1.00515 -1.61363 0.762999 -1.00535 -1.61896 0.761181
1000 16.5944 -33.7228 -10.2493  0.260679 187.341 187.368 186.653   0.00223407 -0.942659 -0.987733 2.4299 -0.943418 -0.993299 2.42948
1100 18.479 -38.9857 -13.873  0.303435 185.277 188.497 187.002   -0.0167036 -0.727823 -0.26083 1.2295 -0.729657 -0.26628 1.2264
1200 13.4597 -38.2689 -14.7725  0.270138 185.305 188.043 187.952   -0.0181918 -0.771098 0.0860715 0.765565 -0.771114 0.0818633 0.764781
1300 16.6138 -39.6716 -10.2596  0.280942 185.775 189.064 186.464   -0.0134401 -0.556079 -0.670349 0.887072 -0.556409 -0.676148 0.88591
1400 16.8259 -39.2595 -7.98943  0.273313 186.832 188.228 186.389   -0.00321661 -1.02756 -0.832491 1.61094 -1.0273 -0.836876 1.61135
1500 15.9204 -36.4772 -11.5024  0.269663 187.411 187.283 187.698   -0.000533233 -0.456446 -0.560132 1.46906 -0.45346 -0.564276 1.46819
1600 18.5548 -35.912 -10.0366  0.280602 186.885 188.796 186.584   -0.00543904 -0.56145 -0.423171 1.88555 -0.55799 -0.426946 1.88449
1700 19.3225 -35.8041 -6.79124  0.274461 186.527 187.743 186.698   -0.00468929 -0.752457 -0.108135 1.7236 -0.753039 -0.112417 1.72459
1800 19.4479 -31.3946 -6.93379  0.260893 185.709 188.325 186.879   -0.0127943 -0.208016 0.15202 2.27083 -0.206886 0.144145 2.27291
1900 18.1691 -32.3324 -10.237  0.26658 186.748 186.856 186.992   -0.00119452 -0.608471 -0.370475 1.09628 -0.610953 -0.376306 1.09601
2000 22.3906 -34.3175 -5.81534  0.286872 186.028 188.196 186.96   -0.0104735 -0.635478 -1.26481 1.39425 -0.635882 -1.27294 1.39137
2100 20.9383 -38.7755 -9.50518  0.304585 187.471 188.059 185.483   0.00473033 -0.493972 -0.056153 1.59019 -0.496532 -0.0629782 1.58513
2200 21.0019 -32.8322 -2.77838  0.262211 186.74 187.831 186.267   -0.00209035 -0.245616 -0.669627 1.35704 -0.247894 -0.678758 1.35435
2300 18.3371 -33.9014 -3.60699  0.250617 187.197 187.48 186.622   0.000986976 -0.466973 -0.640987 1.83204 -0.465606 -0.646731 1.82749
2400 19.8623 -33.1336 -7.57189  0.271723 187.318 188.119 185.691   0.00279102 -0.536283 -0.520938 0.984046 -0.532086 -0.526137 0.980201
2500 19.6837 -32.365 -11.3889  0.280815 187.308 187.939 186.207   0.00158898 0.179214 -0.827853 1.35728 0.181676 -0.837272 1.35586
2600 13.5231 -36.7765 -8.73579  0.24513 187.878 187.68 186.061   0.0068046 -0.441399 -0.841325 1.2176 -0.433066 -0.845061 1.21791
2700 15.0507 -30.7693 -6.8202  0.228686 188.155 187.677 185.692   0.00993007 -0.503618 -0.161153 0.98048 -0.497434 -0.16377 0.977725
2800 13.5641 -33.2122 -6.37823  0.225401 188.488 187.102 185.909   0.0133912 -0.414311 0.228359 1.30675 -0.411004 0.223041 1.30601
2900 11.9254 -29.894 -10.7771  0.217979 187.951 187.365 186   0.00856967 -0.152913 0.700826 0.340975 -0.148961 0.697164 0.335649
3000 12.727 -27.642 -9.82914  0.212585 187.544 188.501 185.566   0.00344859 -1.15144 0.418483 1.8136 -1.14819 0.419108 1.81185
3100 15.6815 -24.9419 -8.12548  0.21767 186.966 188.932 185.507   -0.00171569 -1.27908 0.221993 0.930564 -1.27764 0.218912 0.92923
3200 14.9395 -28.6788 -8.56028  0.22675 186.655 188.058 186.956   -0.00575638 -1.59817 0.153694 1.5966 -1.59271 0.152293 1.59386
3300 16.2081 -29.8167 -3.6547  0.222593 185.726 188.368 186.854   -0.0127391 -1.51519 0.836301 1.12243 -1.5136 0.833875 1.12477
3400 15.2023 -30.3762 -8.45754  0.233913 187.095 187.629 187.134   -0.0019358 -1.68486 0.0176424 1.03394 -1.68165 0.0127271 1.03818
3500 20.3318 -34.6123 -10.9264  0.291224 186.921 187.284 187.354   -0.00269163 -1.58922 0.168645 1.94328 -1.58727 0.165369 1.94197
3600 21.0987 -32.4912 -11.0439  0.289637 187.857 187.568 185.921   0.00751784 -1.87135 0.0468601 1.43925 -1.86943 0.0422573 1.43952
3700 21.8413 -30.9695 -11.1407  0.28984 187.945 186.942 186.777   0.00733401 -1.00776 -0.031586 1.80508 -1.00355 -0.0377526 1.80093
3800 21.4023 -30.9415 -13.0755  0.293316 187.22 187.292 186.863   0.000961407 -0.275654 0.543538 1.22458 -0.271362 0.540459 1.22338
3900 20.102 -32.9878 -12.0172  0.287868 186.612 188.147 186.504   -0.00481734 -0.600518 1.17674 1.44165 -0.597067 1.1733 1.4417
4000 21.9431 -32.3626 -11.4148  0.296161 187.195 188.125 185.887   0.00127576 -0.555039 -0.0272977 1.97611 -0.54894 -0.0318699 1.97754
4100 18.8681 -30.1058 -7.09107  0.253152 185.423 187.522 187.074   -0.0126698 -0.122602 0.108732 0.458904 -0.118788 0.10269 0.458656
4200 19.2312 -32.5252 -3.35392  0.251153 186.804 187.48 186.514   -0.00130102 0.202603 0.257663 0.714444 0.209281 0.253429 0.716169
4300 20.5337 -34.516 -4.61899  0.270954 187.336 185.887 187.249   0.00519386 -0.0522917 -0.410147 1.40524 -0.0516301 -0.414759 1.40381
4400 20.7603 -36.891 -5.19145  0.282443 186.512 187.804 186.511   -0.00436608 -0.5474 -0.916469 1.43502 -0.542725 -0.919883 1.4348
4500 15.5814 -34.9171 -2.11299  0.230381 187.167 188.494 185.943   -0.000350127 -0.0756135 -0.234456 2.07466 -0.072784 -0.236611 2.07622
4600 19.7261 -29.0972 -2.67179  0.240612 186.201 189.15 185.793   -0.008584 -0.0556661 -0.3049 1.9508 -0.0541593 -0.309028 1.95241
4700 20.387 -31.1744 -0.864052  0.245988 187.454 188.016 186.191   0.00236305 -0.758169 -0.855356 3.20275 -0.756632 -0.860972 3.20238
4800 16.2962 -28.7515 -4.74974  0.223289 186.227 189.412 185.976   -0.00991646 -1.02131 -0.571548 1.16524 -1.02275 -0.576069 1.16423
4900 18.6634 -29.8549 -5.55609  0.245736 188.705 187.726 184.565   0.0172952 -1.09291 0.865067 1.49012 -1.0927 0.861636 1.48708
