1  0.309874  0.286479  0.284175  0.318404  0.283351  0.317833  0.361177  0.141595  0.591709  0.299163  0.102057  
41  0.324032  0.186876  0.287744  0.344745  0.30102  0.35629  0.348126  0.353175  0.535452  0.459583  0.224101  
81  0.324798  0.220544  0.286492  0.337427  0.24131  0.371106  0.31102  0.169369  0.451027  0.19007  0.194008  
121  0.310262  0.218478  0.315308  0.31118  0.315498  0.302942  0.339784  0.270213  0.647111  0.0908573  0.0828614  
161  0.313282  0.252706  0.283196  0.325919  0.335104  0.325791  0.315844  0.303779  0.539013  0.038131  0.270095  
201  0.338537  0.172253  0.327882  0.353836  0.380077  0.335968  0.396405  0.152732  0.59016  0.114206  0.555296  
241  0.336306  0.212644  0.333036  0.340437  0.328134  0.338068  0.364288  0.188988  0.428406  0.248898  0.551641  
281  0.332089  0.279315  0.308687  0.345098  0.389086  0.33584  0.332085  0.265045  0.417231  0.532242  0.694267  
321  0.347732  0.287304  0.383072  0.344065  0.437376  0.329455  0.295962  0.42422  0.339808  0.496397  0.732229  
361  0.340014  0.271562  0.365876  0.344202  0.3363  0.359291  0.291803  0.453781  0.212835  0.41251  0.822806  
401  0.336096  0.219735  0.383248  0.328301  0.309834  0.345732  0.27854  0.539867  0.208829  0.0779968  0.296794  
441  0.350819  0.322653  0.428921  0.322491  0.342915  0.327858  0.277047  0.454409  0.144566  0.142198  0.0695625  
481  0.341054  0.263171  0.360884  0.342202  0.353729  0.342761  0.326624  0.573614  0.338968  0.400622  0.220237  
521  0.34249  0.385684  0.303609  0.341144  0.347712  0.328124  0.386649  0.424253  0.455519  0.423155  0.294168  
561  0.336681  0.323995  0.347424  0.323687  0.296096  0.329111  0.333413  0.33754  0.40711  0.35819  0.452523  
601  0.332051  0.215215  0.362063  0.325325  0.25731  0.348658  0.308679  0.27139  0.377979  0.182172  0.495209  
641  0.328466  0.21058  0.339935  0.331068  0.271213  0.360579  0.279818  0.275201  0.345794  0.180223  0.209385  
681  0.318582  0.245885  0.28601  0.34102  0.296895  0.364139  0.297682  0.185532  0.418584  0.138822  0.136279  
721  0.301433  0.236405  0.269102  0.326542  0.264312  0.353433  0.288712  0.334829  0.374889  0.252831  0.0858714  
761  0.304345  0.30999  0.264132  0.323999  0.247563  0.375275  0.203147  0.280717  0.320366  0.556501  0.0867671  
801  0.334834  0.397597  0.294206  0.342315  0.289984  0.384681  0.229976  0.472615  0.240239  0.282524  0.183508  
841  0.320608  0.410553  0.259322  0.338001  0.291449  0.34886  0.347445  0.199856  0.215997  0.312922  0.238606  
881  0.302871  0.323273  0.262288  0.306428  0.273253  0.315549  0.307523  0.289514  0.261269  0.772749  0.162989  
921  0.311301  0.403063  0.274755  0.309606  0.331835  0.280536  0.402478  0.202827  0.201521  0.288178  0.395325  
961  0.308416  0.342667  0.301002  0.29294  0.248844  0.296049  0.331145  0.270904  0.263993  0.183732  0.24943  
1001  0.318486  0.27195  0.344632  0.30676  0.309273  0.294493  0.353872  0.368933  0.249669  0.315282  0.428447  
1041  0.325167  0.304024  0.333626  0.321378  0.312458  0.310296  0.37685  0.427028  0.432748  0.297617  0.407786  
1081  0.305225  0.258757  0.329648  0.29503  0.358803  0.265725  0.340919  0.382437  0.260144  0.454223  0.457288  
1121  0.357456  0.451737  0.371579  0.340393  0.463721  0.322099  0.272673  0.400047  0.170533  0.770536  0.0838497  
1161  0.35593  0.343567  0.360504  0.349539  0.37336  0.347153  0.33178  0.222088  0.214883  0.650858  0.040391  
1201  0.331025  0.443741  0.325795  0.327981  0.343014  0.327318  0.313339  0.185095  0.281955  0.713698  0.245347  
1241  0.325153  0.44654  0.312302  0.329114  0.262911  0.332564  0.391434  0.203664  0.368744  0.80317  0.342992  
1281  0.36216  0.46131  0.340772  0.36754  0.309878  0.386759  0.35572  0.174122  0.338882  0.347646  0.323329  
1321  0.355547  0.391757  0.371689  0.349664  0.372985  0.339129  0.365706  0.386771  0.464867  0.347801  0.628019  
1361  0.359946  0.348992  0.374428  0.351916  0.34535  0.344871  0.388213  0.339099  0.372071  0.19733  0.77358  
1401  0.350173  0.281611  0.326076  0.356842  0.287173  0.360933  0.42055  0.374066  0.482404  0.412286  0.526713  
1441  0.345744  0.334578  0.366917  0.328837  0.348292  0.317902  0.350972  0.511856  0.320818  0.680945  0.314421  
1481  0.383078  0.438716  0.418858  0.365885  0.377829  0.332566  0.48794  0.257758  0.486325  0.587819  0.318801  
1521  0.360433  0.404934  0.39872  0.337654  0.371765  0.311265  0.405882  0.388018  0.449656  0.128366  0.446714  
1561  0.352241  0.360739  0.363978  0.346793  0.28722  0.345305  0.421597  0.218587  0.451303  0.598223  0.415604  
1601  0.352378  0.320267  0.378848  0.350916  0.36464  0.327337  0.431214  0.463827  0.396319  0.613516  0.515413  
1641  0.367009  0.359433  0.401519  0.358926  0.355479  0.358812  0.363366  0.390571  0.483466  0.32031  0.196392  
1681  0.347285  0.208859  0.398697  0.355538  0.420658  0.330126  0.384002  0.340556  0.367029  0.374491  0.481555  
1721  0.350062  0.254042  0.38449  0.345041  0.353484  0.318686  0.442751  0.235307  0.447534  0.42231  0.91331  
1761  0.365504  0.298179  0.380157  0.378243  0.335363  0.376285  0.435702  0.234353  0.478697  0.650907  0.634953  
1801  0.36339  0.527452  0.429325  0.333315  0.30371  0.327727  0.390258  0.298127  0.595044  0.580734  0.0407317  
1841  0.348961  0.481564  0.369226  0.33343  0.281281  0.321734  0.441285  0.254664  0.526783  0.185903  0.765145  
1881  0.35821  0.454059  0.35939  0.352795  0.377181  0.321329  0.452943  0.378591  0.585958  0.484096  0.831553  
1921  0.352558  0.47771  0.352269  0.341862  0.379042  0.293317  0.496878  0.485759  0.533072  0.365865  0.652862  
1961  0.344034  0.371156  0.339702  0.33147  0.314046  0.326518  0.371768  0.238488  0.422751  0.486119  0.114753  
2001  0.346176  0.350479  0.342115  0.34864  0.384693  0.349623  0.303031  0.228661  0.379385  0.483616  0.130558  
2041  0.355702  0.357199  0.390023  0.339402  0.365581  0.332978  0.335386  0.364848  0.428299  0.381512  0.182494  
2081  0.349491  0.465994  0.335894  0.3305  0.376623  0.314583  0.342174  0.443402  0.332014  0.36394  0.440861  
2121  0.326122  0.382552  0.35853  0.302077  0.301994  0.279373  0.394735  0.202538  0.491905  0.121279  0.498364  
2161  0.348012  0.31701  0.364272  0.336498  0.338959  0.323455  0.386832  0.304995  0.482609  0.265875  0.650877  
2201  0.334249  0.294907  0.370952  0.327714  0.292668  0.329683  0.36012  0.254558  0.419303  0.172495  0.497623  
2241  0.333518  0.212657  0.378451  0.33767  0.321058  0.340963  0.343409  0.0838925  0.399647  0.105214  0.318302  
2281  0.313374  0.297713  0.340083  0.306783  0.293786  0.31403  0.292233  0.135407  0.354212  0.398756  0.225408  
2321  0.302417  0.240078  0.352939  0.293146  0.263444  0.273694  0.406723  0.360973  0.295843  0.373793  0.324641  
2361  0.335788  0.428403  0.383367  0.311013  0.302977  0.29708  0.377085  0.158314  0.40457  0.338362  0.253401  
2401  0.34333  0.469672  0.384501  0.312786  0.28148  0.30289  0.389253  0.171252  0.332087  0.304814  0.395934  
2441  0.314043  0.379437  0.332203  0.307659  0.268646  0.300301  0.382672  0.0954379  0.352562  0.222102  0.597522  
2481  0.317878  0.338529  0.371008  0.299248  0.286606  0.294791  0.332006  0.20371  0.18289  0.137914  0.339798  
2521  0.34883  0.318898  0.374918  0.331872  0.277582  0.356647  0.293507  0.324925  0.266188  0.133204  0.705787  
2561  0.346835  0.271439  0.30271  0.372292  0.335758  0.40172  0.294471  0.532038  0.229914  0.0454146  0.0303505  
2601  0.36278  0.247942  0.341405  0.390825  0.241357  0.426857  0.416388  0.436366  0.367245  0.218272  0.0948815  
2641  0.334897  0.281197  0.315712  0.347194  0.284632  0.376493  0.299933  0.480378  0.183799  0.3369  0.15506  
2681  0.337562  0.334748  0.349491  0.323848  0.313495  0.329953  0.310901  0.113351  0.14481  0.272444  0.201359  
2721  0.339386  0.388666  0.359403  0.330908  0.263697  0.374385  0.231205  0.201451  0.152457  0.233711  0.258805  
2761  0.362933  0.267052  0.363709  0.373996  0.34236  0.393485  0.33104  0.257008  0.289078  0.200213  0.239291  
2801  0.38599  0.347068  0.373742  0.402045  0.303123  0.447247  0.3319  0.433371  0.251706  0.0853822  0.205878  
2841  0.374122  0.367304  0.371462  0.385294  0.32733  0.414148  0.334541  0.550418  0.254381  0.184739  0.294878  
2881  0.371444  0.358747  0.34145  0.386089  0.385265  0.389524  0.373038  0.615197  0.350764  0.127275  0.408125  
2921  0.350293  0.389269  0.312645  0.361712  0.381492  0.367569  0.315007  0.401058  0.137245  0.353295  0.166397  
2961  0.360377  0.485251  0.363433  0.348291  0.323317  0.352486  0.360006  0.28536  0.235393  0.326582  0.260674  
3001  0.352754  0.293932  0.362791  0.354713  0.377523  0.344962  0.368147  0.467047  0.329697  0.555027  0.205858  
3041  0.362572  0.361177  0.407548  0.348971  0.374318  0.359348  0.277414  0.485873  0.181496  0.418315  0.405352  
3081  0.361371  0.377697  0.385907  0.35466  0.435505  0.360307  0.238353  0.520229  0.251897  0.587949  0.317585  
3121  0.351584  0.289307  0.339053  0.355696  0.380467  0.353479  0.336152  0.387279  0.352634  0.29147  0.107524  
3161  0.350619  0.263654  0.348268  0.356482  0.400292  0.357263  0.302751  0.285564  0.292652  0.104184  0.158607  
3201  0.364982  0.299324  0.385154  0.367005  0.395646  0.377367  0.291709  0.385597  0.322525  0.100415  0.207447  
3241  0.379721  0.450402  0.419364  0.364636  0.351854  0.38745  0.286372  0.197507  0.211705  0.285735  0.587295  
3281  0.380566  0.422199  0.403894  0.374101  0.371957  0.398096  0.278753  0.222867  0.0934395  0.375267  0.521638  
3321  0.353883  0.388195  0.30313  0.369875  0.382332  0.387624  0.283138  0.324133  0.154089  0.143776  0.751814  
3361  0.359304  0.45973  0.370462  0.35151  0.384361  0.348  0.327915  0.392413  0.169583  0.236938  0.57985  
3401  0.370598  0.401664  0.321642  0.397944  0.402146  0.407818  0.352838  0.364398  0.193911  0.117636  0.489047  
3441  0.367466  0.446717  0.333939  0.377294  0.321154  0.396323  0.364495  0.391628  0.222091  0.224786  0.29267  
3481  0.35997  0.418807  0.298043  0.382821  0.354848  0.398506  0.351152  0.460146  0.350398  0.503263  0.404338  
3521  0.367141  0.483103  0.33756  0.356936  0.306229  0.379582  0.323117  0.265288  0.166187  0.512939  0.182427  
3561  0.348915  0.364066  0.358208  0.342805  0.275437  0.356332  0.365391  0.117042  0.245203  0.51679  0.487541  
