1  -0.104098  -0.503883  -0.0534183  -0.119845  -0.0927479  -0.129304  -0.112545  -0.295383  -0.476126  -0.586309  0.0318007  
41  -0.0923328  -0.466329  -0.0734405  -0.0980813  -0.0708174  -0.10282  -0.110221  -0.461894  -0.429359  -0.384674  0.319135  
81  -0.0798688  -0.468968  -0.0940733  -0.0821237  -0.117416  -0.0881219  -0.0169476  -0.240807  -0.346987  -0.336807  0.0595606  
121  -0.0696973  -0.531358  -0.0108895  -0.0897601  -0.0882348  -0.0901306  -0.0900097  -0.205548  -0.29893  -0.44712  -0.107723  
161  -0.0500636  -0.524854  0.0340162  -0.0748164  -0.0379851  -0.0872752  -0.0665206  -0.262287  -0.27611  -0.309857  0.175264  
201  -0.061951  -0.625027  0.0142888  -0.0745577  -0.00625193  -0.10215  -0.0408818  -0.304822  -0.310016  0.0261164  0.23207  
241  -0.068666  -0.419778  -0.0167486  -0.0786899  -0.0346114  -0.0903767  -0.0819037  -0.427212  -0.334104  -0.268841  -0.00592926  
281  -0.0536901  -0.483091  0.0170994  -0.0675467  -0.0365833  -0.0814929  -0.0464161  -0.472293  -0.295253  -0.103502  -0.0544299  
321  -0.077791  -0.609833  0.0286847  -0.100157  -0.0608022  -0.124683  -0.0455768  -0.369337  -0.308556  -0.167292  -0.0857416  
361  -0.0848385  -0.546277  -0.0143006  -0.101512  -0.0919076  -0.119628  -0.038737  -0.185713  -0.195969  -0.132438  -0.160637  
401  -0.0714346  -0.49318  -0.0406963  -0.0877848  -0.0467912  -0.103488  -0.0710628  -0.252528  -0.0914638  -0.0320521  -0.138994  
441  -0.0898883  -0.413638  -0.10879  -0.0875974  0.0693315  -0.133204  -0.0827336  -0.311064  -0.241255  -0.0780802  -0.0779251  
481  -0.0669945  -0.410457  -0.0335694  -0.0782931  -0.00664952  -0.097984  -0.0806804  -0.280308  -0.319947  -0.135641  0.0153199  
521  -0.0581018  -0.490508  -0.0287514  -0.0629983  0.00845797  -0.0613289  -0.152254  -0.200263  -0.35299  0.0152993  -0.010924  
561  -0.0780712  -0.548529  0.00974516  -0.0940139  -0.034179  -0.115107  -0.0770606  -0.24106  -0.196574  -0.182368  -0.0902676  
601  -0.0718999  -0.45376  0.0223711  -0.0940506  0.0274212  -0.134246  -0.0703356  -0.147385  -0.264725  -0.0903339  -0.066839  
641  -0.0706731  -0.349566  -0.0194676  -0.095506  -0.0454569  -0.0943714  -0.15788  -0.103234  -0.47067  0.0558762  -0.0576173  
681  -0.0959188  -0.37603  -0.0613312  -0.12306  -0.111082  -0.126323  -0.123581  -0.281649  -0.428845  -0.377743  -0.14072  
721  -0.080207  -0.532534  -0.00612062  -0.106236  0.012073  -0.133241  -0.132645  -0.13975  -0.402446  -0.355764  0.0229952  
761  -0.085615  -0.492502  -0.0467367  -0.101151  0.0124344  -0.116511  -0.169591  -0.147157  -0.378631  -0.0416779  -0.210239  
801  -0.0918452  -0.409358  -0.0647004  -0.114161  -0.0737373  -0.129697  -0.0974628  -0.274593  -0.325974  -0.347886  0.0123461  
841  -0.0642694  -0.469732  -0.0493822  -0.067057  -0.0392115  -0.0839776  -0.0302027  -0.0452696  -0.331344  -0.535147  -0.0586287  
881  -0.0556677  -0.372697  -0.00933153  -0.0707554  -0.0243795  -0.0830998  -0.0739392  0.0927858  -0.346676  -0.338849  -0.218451  
921  -0.0641735  -0.315383  -0.0106008  -0.0937638  -0.0603564  -0.0955318  -0.125103  -0.163958  -0.428441  -0.295211  0.191174  
961  -0.0582099  -0.287302  -0.0512858  -0.0675203  -0.0159144  -0.0831021  -0.0635397  -0.209866  -0.328789  -0.0819986  -0.0564877  
1001  -0.0408241  -0.28292  -0.0235339  -0.0530795  0.0140026  -0.0841531  -0.0037968  -0.243832  -0.338987  0.0297451  -0.196292  
1041  -0.0686042  -0.222088  -0.0335838  -0.105124  -0.105986  -0.122816  -0.0319994  -0.373453  -0.488855  -0.139635  -0.0749124  
1081  -0.0429285  -0.132749  -0.063012  -0.0566262  -0.0678828  -0.0705312  0.0130516  -0.452275  -0.401087  -0.311923  0.117304  
1121  -0.0413762  -0.0529753  -0.0741973  -0.0519853  -0.0591676  -0.0567193  -0.024398  -0.304254  -0.374236  -0.500369  -0.0364675  
1161  -0.0486834  -0.0720913  -0.0416181  -0.0737977  -0.0620822  -0.0810958  -0.0575619  -0.163451  -0.282152  -0.571894  -0.181254  
1201  -0.057224  -0.180186  -0.0517551  -0.0784524  -0.124066  -0.0963846  0.0472866  -0.277292  -0.282437  -0.469594  0.162438  
1241  -0.0595633  -0.145714  -0.0556775  -0.0841625  -0.0271363  -0.116268  -0.019071  -0.297705  -0.460802  -0.436387  -0.152134  
1281  -0.0531846  -0.0868185  -0.0611556  -0.0685416  -0.0545178  -0.0985546  0.0376376  -0.299497  -0.354041  -0.852203  -0.0144222  
1321  -0.0542898  -0.00669421  -0.0369082  -0.0863123  -0.122748  -0.105221  0.0328185  -0.0995654  -0.265844  -0.819572  0.207994  
1361  -0.0483644  -0.0725359  -0.0382645  -0.0742993  -0.0500172  -0.0883609  -0.0449892  -0.198854  -0.381411  -0.833807  -0.0967639  
1401  -0.0763751  -0.0927765  -0.110388  -0.0814355  -0.0838009  -0.0998558  -0.00360818  -0.342325  -0.380171  -0.949782  -0.139743  
1441  -0.0580569  -0.0646809  -0.0681002  -0.0801971  -0.0924014  -0.11059  0.0577934  -0.266614  -0.246511  -0.825612  0.0114701  
1481  -0.0609281  -0.0719127  -0.0451435  -0.0905799  -0.0912252  -0.108034  -0.0186759  -0.243985  -0.318064  -0.894822  -0.205288  
1521  -0.0827186  -0.0598884  -0.0844692  -0.10936  -0.158207  -0.110614  -0.047885  -0.416448  -0.415402  -0.753148  -0.027096  
1561  -0.0826197  0.0472256  -0.113505  -0.114518  -0.129313  -0.130287  -0.0331578  -0.360953  -0.393259  -0.849887  -0.053682  
1601  -0.0771268  -0.103476  -0.0381474  -0.117554  -0.109992  -0.142236  -0.0256488  -0.304113  -0.24454  -0.788571  -0.0947166  
1641  -0.0800321  -0.184376  -0.0254896  -0.116897  -0.208965  -0.121407  0.00772275  -0.472065  -0.18563  -0.794711  -0.216424  
1681  -0.073261  -0.184552  -0.0552965  -0.0873731  -0.116104  -0.124081  0.0954351  -0.313615  -0.0671322  -0.411085  -0.139606  
1721  -0.0676123  -0.0809033  -0.0602722  -0.0827046  -0.106319  -0.113604  0.0705146  -0.190925  -0.0537513  -0.530213  -0.0856111  
1761  -0.0963973  -0.0199036  -0.0731103  -0.13223  -0.173159  -0.146003  -0.0288519  -0.386932  -0.265081  -0.485588  -0.152866  
1801  -0.0732514  0.0502463  0.0160158  -0.140964  -0.0988015  -0.15976  -0.112983  -0.437008  -0.4486  -0.60288  -0.0777238  
1841  -0.062899  -0.0243862  0.0232761  -0.113817  -0.0719843  -0.142798  -0.0439346  -0.312194  -0.44038  -0.382509  -0.0277298  
1881  -0.0868739  -0.114667  -0.0523032  -0.113513  -0.0875177  -0.127318  -0.0872263  -0.347305  -0.594122  -0.2358  -0.0964494  
1921  -0.0944685  -0.114241  -0.0584012  -0.132394  -0.0827372  -0.142748  -0.147478  -0.36881  -0.695664  -0.440577  -0.0352329  
1961  -0.0910794  -0.104087  -0.0142419  -0.144676  -0.153895  -0.14481  -0.133492  -0.537681  -0.769761  -0.552125  -0.0887747  
2001  -0.0765073  -0.140127  0.0187082  -0.126078  -0.0712519  -0.133585  -0.158734  -0.486549  -0.773023  -0.439808  -0.407917  
2041  -0.0858674  -0.0924467  -0.0236465  -0.124484  -0.0995955  -0.129024  -0.13469  -0.329658  -0.656094  -0.229538  -0.200745  
2081  -0.0825612  -0.129152  -0.0252502  -0.121544  -0.106558  -0.127166  -0.115914  -0.324322  -0.645379  -0.343551  0.0709256  
2121  -0.100591  -0.175506  -0.0434054  -0.135218  -0.0783957  -0.157335  -0.11061  -0.337572  -0.606505  -0.421817  -0.181523  
2161  -0.0955866  -0.114041  -0.0804621  -0.119954  -0.0739933  -0.141019  -0.0871034  -0.359181  -0.57897  -0.462449  -0.123807  
2201  -0.101884  -0.0880672  -0.107738  -0.120969  -0.0845134  -0.134307  -0.108658  -0.457547  -0.558415  -0.648914  0.0557166  
2241  -0.113662  -0.202009  -0.114011  -0.11973  -0.126475  -0.118855  -0.115514  -0.398298  -0.577396  -0.744352  -0.147966  
2281  -0.127741  -0.246415  -0.118992  -0.142968  -0.120746  -0.147813  -0.148857  -0.318737  -0.468293  -0.597548  -0.3061  
2321  -0.113958  -0.162458  -0.0606163  -0.141411  -0.099862  -0.169908  -0.0731688  -0.540509  -0.469909  -0.496569  -0.188871  
2361  -0.103199  -0.0656633  -0.0969477  -0.119548  -0.0654771  -0.127234  -0.150602  -0.434875  -0.547038  -0.360876  -0.0950066  
2401  -0.108644  -0.0183026  -0.134577  -0.122148  -0.13361  -0.112764  -0.147182  -0.363986  -0.422942  -0.621221  -0.255381  
2441  -0.0924005  -0.0869864  -0.0751126  -0.114667  -0.109816  -0.115195  -0.118111  -0.351556  -0.497289  -0.782167  -0.456874  
2481  -0.126376  0.0222092  -0.0987616  -0.155501  -0.112832  -0.158324  -0.193222  -0.523776  -0.671789  -0.567241  -0.180169  
2521  -0.103399  -0.00194409  -0.113774  -0.114403  -0.130842  -0.110672  -0.110649  -0.526876  -0.474507  -0.287702  0.014585  
2561  -0.073325  -0.0249962  -0.0759236  -0.0854722  -0.0569843  -0.0890949  -0.103574  -0.168982  -0.469132  -0.240277  -0.303229  
2601  -0.0779541  -0.0495016  -0.0412898  -0.107809  -0.1519  -0.0938084  -0.114014  -0.559033  -0.444629  -0.592863  -0.280236  
2641  -0.0825874  -0.0578605  -0.0285365  -0.114494  -0.197913  -0.112785  -0.0252109  -0.645946  -0.424292  -0.68533  0.116846  
2681  -0.08288  0.0155502  -0.0296288  -0.12063  -0.167358  -0.129331  -0.031239  -0.581251  -0.435045  -0.619965  -0.160197  
2721  -0.0875642  -0.0961255  -0.00531627  -0.130362  -0.164319  -0.121378  -0.127805  -0.395553  -0.60907  -0.275168  -0.272537  
2761  -0.0710061  -0.141464  -0.0761986  -0.0833444  -0.103098  -0.0807898  -0.0709664  -0.388283  -0.582654  -0.306209  -0.09687  
2801  -0.0968631  -0.12067  -0.0834499  -0.123037  -0.172065  -0.124523  -0.0604083  -0.610554  -0.61765  -0.610699  -0.105211  
2841  -0.0983881  -0.287507  0.00176566  -0.134292  -0.149728  -0.147893  -0.0610323  -0.50979  -0.632112  -0.625942  0.0148665  
2881  -0.109675  -0.371306  -0.0315431  -0.129438  -0.111252  -0.140487  -0.105379  -0.518064  -0.587242  -0.62533  -0.392497  
2921  -0.100412  -0.274887  -0.0835789  -0.104125  -0.100906  -0.122967  -0.0310256  -0.458487  -0.554515  -0.278344  -0.276177  
2961  -0.0963608  -0.199066  -0.0735616  -0.118162  -0.175386  -0.123879  -0.0288229  -0.597719  -0.402268  -0.333917  -0.317911  
3001  -0.125954  -0.296534  -0.125942  -0.126213  -0.157162  -0.149695  0.00523219  -0.549572  -0.525729  -0.574112  0.0564928  
3041  -0.0978514  -0.35545  -0.107797  -0.0977178  -0.0748244  -0.120313  -0.0320155  -0.315876  -0.604924  -0.59921  -0.0880559  
3081  -0.0948789  -0.345073  -0.0850524  -0.100914  -0.0637314  -0.127972  -0.0335044  -0.231544  -0.580185  -0.539199  -0.0630307  
3121  -0.113411  -0.251671  -0.11092  -0.122024  -0.116927  -0.138986  -0.0587492  -0.470362  -0.591797  -0.42875  0.0715646  
3161  -0.104557  -0.0704662  -0.124216  -0.125654  -0.17143  -0.127291  -0.0661641  -0.405  -0.50028  -0.462286  -0.20837  
3201  -0.109147  -0.0462937  -0.150463  -0.124691  -0.121405  -0.140492  -0.064061  -0.387424  -0.575826  -0.415321  -0.32061  
3241  -0.0833107  -0.173197  -0.135159  -0.0878546  0.00493553  -0.124324  -0.0462358  -0.288921  -0.506032  -0.417193  -0.272439  
3281  -0.0839581  -0.322146  -0.0931227  -0.0916846  -0.035812  -0.12619  -0.0154778  -0.333681  -0.507584  -0.4693  -0.116612  
3321  -0.0943511  -0.162899  -0.101239  -0.109526  -0.109746  -0.124096  -0.0498698  -0.337586  -0.521611  -0.462963  -0.0844825  
3361  -0.0756784  -0.101448  -0.147783  -0.0698505  -0.0518179  -0.105645  0.0552736  -0.281314  -0.306715  -0.610105  0.048189  
3401  -0.0843408  -0.196774  -0.133441  -0.0844033  -0.0621141  -0.113221  0.00736612  -0.343828  -0.380301  -0.610868  0.194147  
3441  -0.0839424  -0.229197  -0.131585  -0.0855285  -0.0718603  -0.0942025  -0.0659359  -0.453595  -0.448272  -0.505971  0.123022  
3481  -0.0599876  -0.291759  -0.0919866  -0.0670317  -0.0212554  -0.0851758  -0.0458786  -0.371503  -0.421653  -0.412246  0.159285  
3521  -0.0730096  -0.295111  -0.0724216  -0.0846481  0.0560765  -0.122162  -0.0940819  -0.425602  -0.538008  -0.292703  0.227293  
3561  -0.0711385  -0.125347  -0.0528022  -0.109503  -0.0599772  -0.138382  -0.0489098  -0.327554  -0.463186  -0.47909  0.186113  
