1  0.690126  0.713521  0.715825  0.681596  0.716649  0.682166  0.638823  0.858405  0.408291  0.700837  0.897943  
41  0.675968  0.813124  0.712256  0.655255  0.69898  0.643709  0.651874  0.646824  0.464548  0.540417  0.775899  
81  0.675202  0.779456  0.713508  0.662573  0.75869  0.628893  0.68898  0.830631  0.548973  0.809931  0.805992  
121  0.689738  0.781522  0.684692  0.68882  0.684503  0.697058  0.660216  0.729787  0.352889  0.909143  0.917139  
161  0.686718  0.747294  0.716804  0.674081  0.664896  0.674209  0.684156  0.696221  0.460987  0.961869  0.729905  
201  0.661463  0.827747  0.672118  0.646164  0.619923  0.664032  0.603595  0.847268  0.40984  0.885794  0.444704  
241  0.663695  0.787356  0.666964  0.659563  0.671866  0.661932  0.635712  0.811012  0.571594  0.751102  0.448359  
281  0.667911  0.720685  0.691313  0.654902  0.610914  0.66416  0.667915  0.734955  0.582769  0.467758  0.305733  
321  0.652268  0.712696  0.616928  0.655935  0.562624  0.670544  0.704038  0.57578  0.660192  0.503603  0.267771  
361  0.659986  0.728438  0.634124  0.655798  0.6637  0.640709  0.708197  0.546219  0.787165  0.58749  0.177194  
401  0.663904  0.780265  0.616752  0.671699  0.690166  0.654268  0.72146  0.460133  0.79117  0.922003  0.703206  
441  0.649181  0.677347  0.571079  0.677509  0.657085  0.672142  0.722953  0.545591  0.855434  0.857802  0.930438  
481  0.658946  0.736829  0.639116  0.657798  0.646271  0.657239  0.673376  0.426386  0.661032  0.599378  0.779763  
521  0.65751  0.614316  0.696391  0.658856  0.652288  0.671876  0.613351  0.575747  0.544481  0.576845  0.705832  
561  0.663319  0.676004  0.652576  0.676313  0.703904  0.670889  0.666587  0.66246  0.59289  0.64181  0.547477  
601  0.667949  0.784785  0.637936  0.674675  0.74269  0.651342  0.691321  0.72861  0.622021  0.817828  0.504791  
641  0.671534  0.78942  0.660065  0.668932  0.728787  0.639421  0.720182  0.724799  0.654206  0.819777  0.790615  
681  0.681418  0.754115  0.71399  0.65898  0.703105  0.635862  0.702318  0.814468  0.581416  0.861178  0.863721  
721  0.698567  0.763595  0.730898  0.673458  0.735688  0.646567  0.711288  0.665171  0.625111  0.747169  0.914129  
761  0.695655  0.69001  0.735868  0.676001  0.752437  0.624725  0.796853  0.719283  0.679634  0.443499  0.913233  
801  0.665166  0.602403  0.705794  0.657685  0.710016  0.615319  0.770024  0.527385  0.759761  0.717476  0.816492  
841  0.679392  0.589447  0.740678  0.661999  0.708551  0.65114  0.652555  0.800144  0.784003  0.687078  0.761394  
881  0.697128  0.676727  0.737712  0.693572  0.726747  0.684451  0.692477  0.710486  0.738731  0.227251  0.837011  
921  0.688699  0.596937  0.725245  0.690393  0.668165  0.719464  0.597522  0.797173  0.798479  0.711822  0.604675  
961  0.691584  0.657333  0.698998  0.70706  0.751156  0.703951  0.668855  0.729096  0.736007  0.816268  0.75057  
1001  0.681514  0.72805  0.655368  0.69324  0.690727  0.705507  0.646128  0.631066  0.750331  0.684718  0.571553  
1041  0.674833  0.695976  0.666374  0.678622  0.687542  0.689704  0.62315  0.572972  0.567252  0.702383  0.592213  
1081  0.694775  0.741243  0.670352  0.70497  0.641197  0.734275  0.659081  0.617563  0.739856  0.545777  0.542712  
1121  0.642544  0.548263  0.628421  0.659607  0.536279  0.677901  0.727327  0.599953  0.829466  0.229464  0.91615  
1161  0.64407  0.656433  0.639496  0.650461  0.62664  0.652847  0.66822  0.777912  0.785117  0.349142  0.959609  
1201  0.668975  0.556259  0.674205  0.672019  0.656986  0.672682  0.686661  0.814904  0.718045  0.286302  0.754653  
1241  0.674847  0.55346  0.687698  0.670886  0.737089  0.667436  0.608566  0.796336  0.631256  0.19683  0.657008  
1281  0.63784  0.53869  0.659228  0.63246  0.690122  0.613241  0.644279  0.825878  0.661118  0.652354  0.676671  
1321  0.644453  0.608243  0.628311  0.650336  0.627015  0.660871  0.634294  0.613229  0.535133  0.652198  0.371981  
1361  0.640054  0.651008  0.625572  0.648084  0.65465  0.655129  0.611786  0.660901  0.627929  0.80267  0.22642  
1401  0.649827  0.718389  0.673924  0.643158  0.712827  0.639067  0.57945  0.625934  0.517596  0.587714  0.473287  
1441  0.654256  0.665422  0.633083  0.671163  0.651708  0.682098  0.649028  0.488144  0.679182  0.319055  0.685579  
1481  0.616922  0.561284  0.581142  0.634115  0.622171  0.667434  0.51206  0.742242  0.513675  0.412181  0.681199  
1521  0.639567  0.595066  0.60128  0.662346  0.628235  0.688735  0.594118  0.611982  0.550344  0.871634  0.553286  
1561  0.647759  0.63926  0.636022  0.653207  0.71278  0.654695  0.578403  0.781413  0.548697  0.401777  0.584396  
1601  0.647621  0.679733  0.621152  0.649084  0.63536  0.672663  0.568786  0.536173  0.603681  0.386484  0.484587  
1641  0.632991  0.640567  0.598481  0.641074  0.644521  0.641187  0.636634  0.609429  0.516533  0.67969  0.803608  
1681  0.652715  0.791141  0.601303  0.644462  0.579342  0.669874  0.615998  0.659443  0.632971  0.625509  0.518445  
1721  0.649938  0.745958  0.61551  0.654959  0.646517  0.681314  0.557249  0.764692  0.552466  0.57769  0.0866905  
1761  0.634497  0.701821  0.619843  0.621757  0.664637  0.623715  0.564298  0.765647  0.521303  0.349093  0.365047  
1801  0.63661  0.472548  0.570675  0.666685  0.69629  0.672273  0.609742  0.701873  0.404956  0.419266  0.959268  
1841  0.651039  0.518436  0.630774  0.66657  0.718719  0.678266  0.558715  0.745336  0.473217  0.814097  0.234855  
1881  0.64179  0.545941  0.64061  0.647205  0.622819  0.678671  0.547057  0.621409  0.414042  0.515904  0.168447  
1921  0.647442  0.52229  0.647731  0.658138  0.620958  0.706683  0.503122  0.514241  0.466928  0.634135  0.347137  
1961  0.655966  0.628844  0.660298  0.66853  0.685954  0.673482  0.628232  0.761512  0.577249  0.513881  0.885247  
2001  0.653824  0.649521  0.657885  0.65136  0.615307  0.650377  0.696969  0.771339  0.620615  0.516384  0.869442  
2041  0.644298  0.642801  0.609976  0.660598  0.634419  0.667022  0.664614  0.635152  0.571701  0.618488  0.817506  
2081  0.650509  0.534006  0.664106  0.6695  0.623377  0.685417  0.657826  0.556598  0.667986  0.63606  0.559139  
2121  0.673878  0.617448  0.64147  0.697923  0.698006  0.720627  0.605265  0.797462  0.508095  0.878721  0.501635  
2161  0.651988  0.68299  0.635728  0.663502  0.661041  0.676545  0.613168  0.695005  0.517391  0.734125  0.349123  
2201  0.665751  0.705093  0.629048  0.672286  0.707332  0.670317  0.63988  0.745443  0.580697  0.827505  0.502377  
2241  0.666482  0.787343  0.621549  0.66233  0.678942  0.659037  0.656591  0.916108  0.600353  0.894786  0.681698  
2281  0.686626  0.702287  0.659916  0.693217  0.706214  0.68597  0.707767  0.864593  0.645788  0.601244  0.774592  
2321  0.697583  0.759922  0.647061  0.706854  0.736556  0.726306  0.593277  0.639027  0.704157  0.626207  0.675359  
2361  0.664212  0.571597  0.616633  0.688987  0.697023  0.70292  0.622915  0.841686  0.59543  0.661638  0.746599  
2401  0.65667  0.530328  0.615499  0.687214  0.71852  0.69711  0.610747  0.828748  0.667913  0.695186  0.604066  
2441  0.685957  0.620563  0.667797  0.692341  0.731354  0.699699  0.617328  0.904562  0.647438  0.777898  0.402478  
2481  0.682122  0.661471  0.628992  0.700752  0.713394  0.705209  0.667994  0.79629  0.81711  0.862086  0.660202  
2521  0.651169  0.681102  0.625082  0.668128  0.722418  0.643353  0.706493  0.675075  0.733812  0.866796  0.294213  
2561  0.653165  0.728561  0.69729  0.627708  0.664242  0.59828  0.705529  0.467962  0.770086  0.954585  0.96965  
2601  0.63722  0.752058  0.658595  0.609175  0.758643  0.573142  0.583612  0.563634  0.632755  0.781728  0.905118  
2641  0.665103  0.718803  0.684288  0.652806  0.715368  0.623507  0.700067  0.519622  0.816201  0.6631  0.84494  
2681  0.662438  0.665252  0.650509  0.676152  0.686505  0.670047  0.689099  0.886649  0.85519  0.727556  0.798641  
2721  0.660613  0.611334  0.640597  0.669092  0.736303  0.625615  0.768795  0.798549  0.847543  0.766289  0.741195  
2761  0.637067  0.732948  0.636291  0.626004  0.65764  0.606515  0.66896  0.742992  0.710922  0.799787  0.760709  
2801  0.61401  0.652932  0.626258  0.597955  0.696877  0.552753  0.6681  0.566629  0.748294  0.914618  0.794122  
2841  0.625878  0.632696  0.628538  0.614706  0.67267  0.585852  0.665458  0.449582  0.745619  0.815261  0.705122  
2881  0.628556  0.641253  0.65855  0.613911  0.614735  0.610476  0.626962  0.384803  0.649236  0.872725  0.591875  
2921  0.649707  0.610731  0.687355  0.638288  0.618508  0.632431  0.684993  0.598942  0.862755  0.646705  0.833603  
2961  0.639623  0.514749  0.636567  0.651709  0.676683  0.647514  0.639994  0.71464  0.764607  0.673418  0.739326  
3001  0.647245  0.706068  0.637209  0.645287  0.622477  0.655038  0.631853  0.532953  0.670303  0.444973  0.794142  
3041  0.637428  0.638823  0.592451  0.651029  0.625682  0.640652  0.722586  0.514127  0.818504  0.581685  0.594647  
3081  0.638629  0.622303  0.614093  0.645341  0.564495  0.639693  0.761647  0.479771  0.748103  0.412051  0.682415  
3121  0.648416  0.710693  0.660947  0.644304  0.619533  0.646521  0.663848  0.612721  0.647366  0.70853  0.892476  
3161  0.649381  0.736346  0.651732  0.643518  0.599708  0.642737  0.697249  0.714436  0.707348  0.895816  0.841393  
3201  0.635018  0.700676  0.614847  0.632995  0.604354  0.622633  0.70829  0.614403  0.677475  0.899585  0.792553  
3241  0.620279  0.549598  0.580636  0.635364  0.648145  0.61255  0.713628  0.802492  0.788295  0.714265  0.412705  
3281  0.619434  0.577801  0.596106  0.625899  0.628043  0.601904  0.721247  0.777133  0.906561  0.624733  0.478362  
3321  0.646117  0.611805  0.69687  0.630125  0.617668  0.612376  0.716862  0.675867  0.845911  0.856224  0.248186  
3361  0.640696  0.54027  0.629538  0.64849  0.615639  0.652  0.672085  0.607587  0.830417  0.763062  0.42015  
3401  0.629402  0.598336  0.678358  0.602056  0.597854  0.592182  0.647162  0.635602  0.806089  0.882364  0.510953  
3441  0.632534  0.553283  0.666061  0.622706  0.678846  0.603677  0.635505  0.608372  0.777909  0.775214  0.70733  
3481  0.64003  0.581193  0.701957  0.617179  0.645152  0.601494  0.648848  0.539854  0.649602  0.496737  0.595662  
3521  0.632859  0.516897  0.662439  0.643064  0.693771  0.620418  0.676883  0.734711  0.833813  0.487061  0.817573  
3561  0.651085  0.635933  0.641792  0.657195  0.724563  0.643668  0.634609  0.882958  0.754797  0.48321  0.512459  
