0  -0.00861578  -0.0503942  0.01153  -0.0183292  -0.0243879  -0.0230395  0.00786506  0.0420716  0.025427  -0.215922  0.0322646  
40  -0.00767755  -0.0576146  0.00907913  -0.0133402  -0.0208467  -0.0247231  0.041728  -0.0620193  0.01167  -0.231224  0.300981  
80  -0.00508909  -0.112132  0.00805104  -0.00835465  -0.013997  -0.010369  0.00636823  -0.101653  -0.0954729  -0.287975  0.251039  
120  -0.00043194  -0.0855465  0.00517955  -0.00580299  0.0165628  -0.00753658  -0.024542  0.00560618  -0.122326  -0.249867  0.195207  
160  -0.00142012  -0.0460562  0.00944723  -0.0134226  0.013466  -0.0280041  0.0149999  0.082198  -0.073091  -0.302081  0.283506  
200  -0.0070216  -0.0453961  0.00724548  -0.0214443  -0.0136322  -0.0317366  0.0115028  0.0455979  -0.0479654  -0.339174  0.205714  
240  -0.00582986  -0.0916332  0.00280567  -0.00949699  0.0076589  -0.0277471  0.0451121  0.0433625  0.0210341  -0.315213  0.283913  
280  0.00276289  -0.0847364  0.00649454  -0.000604537  0.00892814  -0.0164693  0.0530755  0.118041  -0.0065205  -0.335822  0.281738  
320  0.00594354  -0.0469992  0.0113027  -0.00069404  -0.017172  -0.00523645  0.036838  0.0815344  -0.00638059  -0.307895  0.203829  
360  0.00450254  -0.0751092  0.00873239  -0.0011475  -0.0253006  -0.0069751  0.0504801  0.087067  -0.0528445  -0.324906  0.26083  
400  -0.00288241  -0.0620698  0.0137419  -0.0142228  -0.0363722  -0.0209066  0.0385835  0.0758353  -0.087059  -0.33929  0.24018  
440  0.00751196  -0.0894082  0.0542644  -0.0142262  -0.0179692  -0.0206998  0.0164848  0.0682193  -0.112932  -0.296577  0.296774  
480  0.0229786  -0.133626  0.0406387  0.01495  0.0188205  0.00897844  0.0348294  0.0713083  -0.0919195  -0.321681  0.1985  
520  -0.00448639  -0.083058  5.99647e-05  -0.0147169  -0.0110631  -0.0248038  0.0221908  0.0497524  -0.118824  -0.31699  0.277779  
560  -0.0184129  -0.0726022  -0.00713405  -0.031944  -0.0451475  -0.0322725  -0.01537  0.168598  -0.148388  -0.323085  0.277527  
600  -0.011456  -0.0918778  0.0103144  -0.0242864  -0.0314115  -0.0253296  -0.0118119  0.22751  -0.171738  -0.298034  0.258623  
640  -0.006886  -0.0820658  0.0282226  -0.0237678  -0.0196387  -0.0296649  -0.00449032  0.148199  -0.132195  -0.334172  0.248838  
680  -0.0147486  -0.0885088  -0.00423507  -0.0233411  -0.0408322  -0.0201638  -0.0161125  0.144228  -0.142519  -0.291967  0.223435  
720  -0.0184343  -0.0924404  -0.00723365  -0.0263292  -0.0640251  -0.020831  -0.0052496  0.0923688  -0.180985  -0.262894  0.303072  
760  -0.0125563  -0.0860934  0.029118  -0.0281814  -0.0244966  -0.0360903  -0.000188916  0.0210621  -0.139968  -0.286451  0.178017  
800  -0.00790621  -0.0970021  0.0245627  -0.0182785  0.0150175  -0.0321076  -0.00031642  0.118184  -0.153783  -0.268689  0.297356  
840  -0.00374065  -0.102619  0.0175058  -0.0108806  0.00362121  -0.0152378  -0.00984989  0.0905875  -0.195829  -0.12755  0.262006  
880  -0.00535353  -0.0846311  0.017684  -0.0183923  -0.0229751  -0.0162806  -0.0217138  -0.000291273  -0.15278  -0.102243  0.259473  
920  -0.0058705  -0.104379  0.00591565  -0.0108371  -0.0221909  -0.0118426  0.00636289  0.0701678  -0.142815  -0.256911  0.276996  
960  0.00871411  -0.0836735  0.0288891  0.00212692  0.015587  0.000336868  -0.00610601  0.185122  -0.169361  -0.336765  0.271886  
1000  -0.00293623  -0.123702  0.0206493  -0.0107099  0.000348606  -0.0133496  -0.0127079  0.174555  -0.101311  -0.286412  0.224333  
1040  -0.00987359  -0.144576  -0.00848272  -0.0118815  -0.00647002  -0.0220029  0.0231385  0.174369  -0.0813461  -0.305646  0.297725  
1080  -8.20849e-06  -0.140963  -0.0158364  0.00522164  0.0316377  -0.00536142  0.0178879  0.173955  -0.125278  -0.269109  0.238825  
1120  0.00739659  -0.145071  -0.00983157  0.0205207  0.0380889  0.0178285  0.0112256  0.143805  -0.103776  -0.0774382  0.223377  
1160  -0.00693342  -0.102392  -0.0117244  -0.000677255  0.0126605  0.00219975  -0.0277963  0.0964587  -0.153877  -0.178813  0.293288  
1200  -0.0110689  -0.0771535  0.00165075  -0.015216  -0.0062653  -0.011412  -0.0410524  0.127876  -0.144715  -0.229215  0.219441  
1240  -0.00616763  -0.133059  -0.00877253  -0.00223026  0.0280444  -0.00899505  -0.00958308  0.16675  -0.131999  -0.16896  0.229904  
1280  -0.0087254  -0.155259  -0.0416216  0.00947767  0.062699  -0.00480072  0.00628032  0.159219  -0.10616  -0.0435979  0.21194  
1320  -0.0138538  -0.151837  -0.0378564  -0.000584788  0.00827712  -0.0110482  0.0318486  0.0862985  -0.0672676  -0.0488572  0.220415  
1360  -0.0153557  -0.132182  -0.0234712  -0.00859779  0.00984983  -0.0187315  0.0114307  0.0529428  -0.0557055  0.00148266  0.201342  
1400  -0.00479318  -0.108685  0.00286219  -0.0053073  0.0419911  -0.022337  0.00954653  0.109291  -0.0629317  0.0378563  0.224924  
1440  -0.0076838  -0.123331  -0.0338812  0.00177579  0.032614  -0.0102187  0.0150938  0.13988  -0.0761332  0.00758369  0.296433  
1480  -0.00190416  -0.142461  -0.0286315  0.00681951  -3.29847e-05  -0.000671913  0.0452682  0.0252863  -0.0224613  0.0304728  0.288505  
1520  -0.0025658  -0.134259  -0.0120233  -0.00038857  0.0127228  -0.0112228  0.0286531  -0.122627  -0.0155495  -0.0735896  0.216565  
1560  -0.0101448  -0.177172  -0.0118291  -0.0057323  0.000950021  -0.0133085  0.0174449  -0.0258991  -0.0216389  -0.0492728  0.216633  
1600  -0.0045947  -0.159826  -0.0240592  0.00390298  0.0042791  -0.00214548  0.0281281  0.120337  -0.0478939  0.0436973  0.274341  
1640  -0.00963721  -0.118996  -0.0325602  -0.0085527  -0.00534089  -0.0137443  0.00890714  0.0103801  -0.0872649  0.0904475  0.249383  
1680  -0.00954862  -0.164183  -0.0061758  -0.013148  -0.00526405  -0.0126987  -0.0240767  0.00429561  -0.129153  0.0397608  0.182928  
1720  -0.00668962  -0.184179  -0.016877  -0.00230306  0.0331433  -0.0134111  0.00208384  0.0781631  -0.136725  0.192225  0.247459  
1760  -0.00793814  -0.146802  -0.0446964  0.00503866  0.0633451  -0.0203478  0.0412605  0.0749204  0.0197378  0.213925  0.249347  
1800  0.000943028  -0.110912  -0.024897  0.00814763  0.0232754  -0.000461273  0.0257903  0.0341793  0.0280612  0.128875  0.238523  
1840  -0.00440291  -0.12844  -0.0215172  -0.0034596  -0.0142299  -0.00726153  0.0244679  0.0273963  -0.0796877  0.163515  0.241726  
1880  0.000824003  -0.132961  -0.0293777  0.013308  0.0385522  0.00108051  0.0340306  0.0603169  -0.0257716  0.264874  0.278473  
1920  0.00256342  -0.166288  -0.0191568  0.0153226  0.0598251  0.00120576  0.0215268  0.103156  -0.0129985  0.251353  0.270838  
1960  -0.0111029  -0.13173  -0.0297094  -0.0065399  -0.00230671  -0.0134458  0.0167306  0.0407481  -0.0367817  0.154948  0.213931  
2000  -0.00985643  -0.0955285  -0.0511506  -0.000253277  0.00214075  -0.00312401  0.00868814  0.0392338  -0.0168034  0.241005  0.162494  
2040  -0.00292967  -0.123439  -0.0348357  0.00959056  0.032062  0.000697577  0.019918  0.132011  -0.0178691  0.280741  0.225641  
2080  -0.0104013  -0.145241  -0.0131174  -0.00650914  0.0491881  -0.0279594  0.0166759  -0.0183587  0.0474689  0.296502  0.282184  
2120  -0.0135087  -0.136794  -0.0366321  -0.00577534  0.0178449  -0.0170411  0.0129  0.0128519  0.0651182  0.259597  0.127516  
2160  0.000920792  -0.110079  -0.0057061  0.00312188  0.00279991  -0.00375857  0.0315445  0.0763587  0.0246329  0.170532  0.187001  
2200  -0.00368481  -0.12373  0.00551889  -0.00774442  0.0207434  -0.018823  0.0045517  0.0831963  0.015758  0.198868  0.247214  
2240  -0.0169998  -0.128533  -0.0411268  -0.00681483  0.0611199  -0.0273496  -0.00148248  0.0467469  0.0460258  0.153709  0.301255  
2280  -0.0107054  -0.109981  -0.0365213  0.00193505  0.0130763  -0.00347639  0.0111417  -0.0770863  0.0480931  0.183817  0.204407  
2320  0.00558996  -0.0598397  -0.000113534  0.00351553  0.00805591  -0.0020104  0.0208054  0.0869819  0.0246764  0.265276  0.111475  
2360  0.0104497  -0.0152952  0.0387637  -0.00525235  0.00680352  -0.0180197  0.0328885  0.0773096  0.0181488  0.273798  0.316711  
2400  0.00677119  -0.0794979  0.0474665  -0.00683865  0.0230686  -0.0128767  -0.0167304  0.0236482  -0.0189076  0.184839  0.23208  
2440  -0.00558271  -0.129429  0.00894986  -0.00852198  0.0335326  -0.0166635  -0.0238542  0.0068896  -0.0324177  0.138042  0.174112  
2480  -0.0143777  -0.121705  -0.0153809  -0.0144252  0.0265537  -0.0186902  -0.0443206  0.00889319  -0.0913637  0.196306  0.252826  
2520  -0.0134259  -0.0895909  -0.0218276  -0.0172545  0.0152173  -0.0210852  -0.0391045  0.0596436  -0.137172  0.270866  0.279327  
2560  0.00494812  0.0144537  -0.0105692  0.000270244  0.0427525  -0.00615057  -0.0225706  0.088122  -0.0615282  0.307888  0.212067  
2600  -0.000494928  -0.0852128  -0.00763473  -0.00261195  0.0481235  -0.0108213  -0.027684  0.0447171  0.013998  0.20609  0.0854883  
2640  -0.00793718  -0.130937  -0.00862995  -0.00993614  0.0293905  -0.019305  -0.0171169  -0.0165647  -0.015231  0.145933  0.277746  
2680  -0.0142494  -0.0974703  -0.0177289  -0.0193203  0.0183924  -0.0296138  -0.0208691  -0.0329319  -0.130495  0.211737  0.192634  
2720  -0.00628764  -0.111138  -0.0156543  -0.00421252  0.0499407  -0.0146395  -0.0241871  0.0203169  -0.0866976  0.296668  0.176362  
2760  -0.00493242  -0.114139  -0.00993242  -0.00319982  0.0420809  -0.0177512  0.0038782  0.0155825  0.00783094  0.292875  0.197015  
2800  -0.0091426  -0.122468  -0.0126996  -0.00759035  0.0487555  -0.0198866  -0.0224741  0.0908718  -0.0279176  0.212425  0.161664  
2840  -0.00938138  -0.117843  -0.01442  -0.0053404  0.00966396  -0.00892131  -0.00805407  0.034936  -0.0692341  0.189482  0.293147  
2880  -0.0138614  -0.102174  -0.0232387  -0.0110861  0.0270135  -0.0218985  -0.0109658  0.0590367  -0.0587  0.208157  0.0467962  
2920  -0.0140335  -0.0804767  -0.0311435  -0.00810542  0.0299947  -0.0232458  0.00965932  -0.00827817  -0.000427894  0.299199  0.181198  
2960  -0.00313888  -0.113483  -0.0349651  0.00841068  0.0289114  -0.00447153  0.0372758  0.0853287  0.0425402  0.286405  0.234186  
3000  -0.00711648  -0.106199  -0.019484  0.0012051  0.0648838  -0.0180112  0.00607316  0.0480667  -0.0203109  0.211993  0.224232  
3040  -0.0050339  -0.0320222  -0.00557015  -0.0111686  -0.00174739  -0.018585  0.00819699  -0.0895912  -0.0510968  0.218191  0.249214  
3080  0.00287027  -0.0312587  -0.00261763  0.0021012  0.00794912  -0.00170033  0.0108521  -0.0710375  -0.0261667  0.239136  -0.0196572  
3120  0.00583193  -0.0606395  -0.0104507  0.0164045  0.0617126  -0.00275827  0.0422509  0.0856915  0.0130243  0.24315  0.256236  
3160  0.00347  -0.0502703  0.00068222  0.00352135  0.0519391  -0.0183208  0.0367037  0.0380623  0.0306641  0.246014  0.18839  
3200  0.00609658  -0.00474113  0.00647321  -0.000362298  0.0143275  -0.0105973  0.0244154  0.0115563  0.0125217  0.227811  0.0607627  
3240  0.00596702  -0.0260179  -0.00982639  0.00924294  0.0277622  -0.00214871  0.0343174  0.0671983  -0.0391925  0.25557  0.228376  
3280  0.00146943  -0.000800082  -0.0345267  0.0109498  0.0425038  -0.00972805  0.0588433  0.00469187  -0.000654794  0.249161  0.199472  
3320  -0.00923948  0.0248078  -0.0296367  -0.00773971  -0.00403097  -0.021106  0.0424744  0.0393972  0.0655529  0.244416  0.290793  
3360  -0.00372974  0.042826  -0.0173734  -0.00619532  0.00750767  -0.0173903  0.0236347  0.031355  0.0180003  0.219044  0.224941  
3400  -0.00124276  0.0202409  -0.0338161  0.00261199  0.0262486  -0.00578529  0.00957407  0.0536422  0.00380929  0.169674  0.203833  
3440  -0.00223083  0.00109979  -0.0396048  0.0085609  0.0326587  0.000383866  0.0140929  0.0965054  0.00819216  0.232821  0.297975  
3480  -0.0055692  0.0110692  -0.033934  -6.55045e-05  0.0137936  -0.00819501  0.0170866  0.12365  -0.0231773  0.286092  0.269557  
3520  -0.000915355  -0.0190679  -0.037261  0.00785966  0.023581  0.00534554  -3.0513e-05  0.106028  -0.0339888  0.280924  0.312624  
3560  -0.0117763  -0.0630593  -0.0400979  -0.00637819  0.00589825  -0.0177299  0.0257369  -0.0236877  0.043607  0.224711  0.298179  
