0  -0.000527707  -0.00693091  -0.00439396  0.00762038  0.00635901  0.00565533  0.0170871  -0.0617451  0.0124514  -0.0228175  0.0162987  
40  -0.000935748  0.000676709  -0.00446369  0.00808735  0.0148247  0.00328853  0.0198779  -0.0633373  0.0254025  -0.043849  0.0542287  
80  -0.00125008  0.00767088  -0.00372222  0.0068862  0.0148099  0.00178243  0.0185511  -0.0535684  0.0295384  -0.0503585  0.0649692  
120  -0.000977946  0.0099392  -0.00346573  0.0068797  0.0154318  0.00218506  0.0161516  -0.0467652  0.028395  -0.0487044  0.0792312  
160  -2.49475e-05  0.00641281  -0.00414292  0.00733969  0.0169981  0.00319652  0.0130868  -0.0349734  0.0289773  -0.033805  0.072052  
200  0.000710422  0.00606597  -0.000302332  0.00618944  0.0137381  0.00237073  0.013048  -0.0175818  0.0367426  -0.0404891  0.0342777  
240  0.000817945  -0.00195692  0.00233283  0.00444692  0.00748686  0.000258416  0.0180155  -0.0228382  0.0441394  -0.0558826  0.0215734  
280  0.000689787  -0.00230355  0.00101673  0.00421996  0.00408122  -7.19096e-05  0.0218777  -0.0391433  0.0469579  -0.0476843  0.0474229  
320  0.000889651  -0.00450578  0.00119656  0.00540805  0.00388128  0.00108485  0.0247951  -0.0515559  0.0524538  -0.0240989  0.0563333  
360  0.00367036  -0.00809132  0.00555742  0.00892275  0.00856123  0.00437645  0.0278748  -0.0586003  0.060831  0.00120211  0.0688215  
400  0.00615365  -0.00447076  0.00785617  0.0109758  0.0150833  0.00522071  0.0296991  -0.0648854  0.0717354  0.0118229  0.0682768  
440  0.00640672  0.00513587  0.00689091  0.0103824  0.0185054  0.00318221  0.0303642  -0.0616951  0.0713311  0.00646682  0.0677741  
480  0.00427548  0.00875656  0.00370154  0.00761725  0.0141384  0.000349781  0.0297218  -0.0538264  0.0675821  -0.00764725  0.0770391  
520  0.00112983  0.0163591  0.000175636  0.00283588  0.00259312  -0.00209786  0.0232305  -0.0416188  0.0663389  -0.0356918  0.0562462  
560  -0.00139881  0.0172962  -0.000581586  -0.000301067  -0.00956881  -0.00266412  0.0200265  -0.0294248  0.0714678  -0.0543126  0.0506302  
600  -0.00321877  0.0202015  0.00116524  -0.00285807  -0.0172547  -0.00379334  0.0175664  -0.0392651  0.0696989  -0.0589981  0.0451758  
640  -0.00393854  0.0207471  -0.000639118  -0.00237208  -0.0164267  -0.00354893  0.0186427  -0.0421985  0.0730015  -0.041582  0.0259936  
680  -0.00248631  0.0192476  -0.000685382  0.000536364  -0.0105453  -0.000939697  0.0193406  -0.0452699  0.066091  -0.0194233  0.0424098  
720  -0.000178285  0.0203759  0.00011038  0.00381517  -0.00889323  0.00341006  0.0201303  -0.0538005  0.0551974  0.0150937  0.0668776  
760  0.000461681  0.0156354  -0.000563888  0.00631978  -0.00682405  0.0044881  0.0289534  -0.0566684  0.0639822  0.0332665  0.09364  
800  -0.00123753  0.00924525  -0.00134193  0.00524444  -0.00206172  0.000808594  0.0317592  -0.063381  0.0645088  0.0413218  0.111243  
840  -0.00139019  0.00735378  0.00330368  0.00390141  0.00400145  -0.00316924  0.0326125  -0.0500576  0.0652948  0.0717795  0.0907252  
880  0.00149818  0.0128156  0.00976786  0.00611853  0.0091749  -0.00189872  0.0352777  -0.0239906  0.0590069  0.0834845  0.0668206  
920  0.00237403  0.0148351  0.0115081  0.00687518  0.0111234  -0.000584361  0.0323854  -0.024394  0.0563585  0.0660775  0.06013  
960  0.00274874  0.0184885  0.00939099  0.00719209  0.00980507  0.0024268  0.0236049  -0.017746  0.043556  0.0705021  0.0670034  
1000  0.00138753  0.0144153  0.00584385  0.00570263  0.00150555  0.00463405  0.0149019  -0.0161645  0.0344447  0.0474544  0.0501161  
1040  0.000644904  0.00561763  0.0033525  0.00537078  0.00121811  0.00586384  0.00815218  -0.0238781  0.0241865  0.0297864  0.0366389  
1080  0.00142809  -0.00388204  0.00189408  0.00788264  0.006111  0.00823783  0.00847874  -0.0262065  0.0312008  0.00722459  0.0319138  
1120  0.00201758  -0.00751356  0.00427595  0.00845904  0.0195669  0.00573048  0.00676645  -0.00655463  0.0281719  -0.00531077  0.025085  
1160  0.00240018  -0.00470933  0.00266893  0.00946168  0.0267805  0.00411861  0.0112617  0.0290257  0.0250069  0.00943551  0.0294974  
1200  0.00265409  -0.000357306  0.0050225  0.00896848  0.0296324  0.0019507  0.0137364  0.0534197  0.0376343  0.0226951  0.0250537  
1240  0.00147698  0.00429614  0.00684356  0.00596955  0.029784  -0.00305251  0.0152736  0.0621247  0.0476708  0.004327  0.0480409  
1280  0.00237797  0.00933133  0.00417157  0.00715536  0.039076  -0.00528393  0.0210378  0.064061  0.0556269  0.0056908  0.0665328  
1320  0.000912945  0.00950767  0.00294279  0.0056273  0.0339566  -0.00771197  0.0273228  0.0483898  0.0683021  -0.00922546  0.0678717  
1360  0.000669803  0.0083448  0.00367457  0.00537756  0.0322497  -0.00894566  0.0327659  0.0401538  0.0848752  -0.0193711  0.0478059  
1400  4.6281e-05  0.0227288  0.0010208  0.00445558  0.03488  -0.010408  0.0299482  0.0359204  0.090939  -0.0249514  0.0260076  
1440  -0.000423738  0.0275253  0.000652156  0.00405371  0.0355177  -0.00931638  0.0222579  0.0537142  0.0788111  -0.0366425  0.00451558  
1480  0.00211196  0.0239187  0.005705  0.00696135  0.0433837  -0.00836131  0.0274048  0.0822402  0.0849531  -0.0271137  -0.0277816  
1520  0.00285478  0.017085  0.00554702  0.00793364  0.0450961  -0.0083972  0.0316334  0.0937791  0.0859763  -0.0336994  -0.0152718  
1560  0.00326868  0.0144958  0.00729439  0.00704777  0.0377906  -0.00805346  0.0331419  0.0973896  0.0722555  -0.0499319  0.0208993  
1600  0.00212146  0.0185864  0.00980332  0.00280913  0.0237486  -0.0100734  0.0311693  0.0903362  0.0675195  -0.0817891  0.0222742  
1640  0.00122752  0.0240345  0.00879415  0.00142019  0.0125278  -0.00916425  0.0317557  0.0634944  0.0647987  -0.0867129  0.0233845  
1680  0.000995959  0.0232371  0.00790953  0.00114815  0.00860742  -0.00832196  0.0311503  0.0441911  0.0599452  -0.0659196  0.0147473  
1720  -0.000560106  0.0201374  0.00252021  0.000443543  0.00838798  -0.00916756  0.0304606  0.0434811  0.0431362  -0.0431952  0.0310922  
1760  -0.00188585  0.0211453  -0.00417921  0.00091875  0.0158109  -0.0100778  0.0285677  0.0417737  0.0444346  -0.00239179  0.0267139  
1800  -0.00220486  0.0233355  -0.00926884  0.00288367  0.0213176  -0.00841124  0.0276622  0.0537438  0.0516498  0.0347735  0.0249643  
1840  -0.0021392  0.0231457  -0.0124649  0.00420351  0.0236143  -0.00687565  0.0269753  0.0491499  0.0552357  0.0500834  0.0470452  
1880  0.00082712  0.0265575  -0.0130782  0.00801715  0.0300447  -0.00496151  0.0355138  0.0525493  0.0672496  0.0453703  0.0711311  
1920  0.00282004  0.0213863  -0.0124101  0.0109034  0.0289181  -0.00258011  0.0450885  0.0682887  0.0757785  0.0362112  0.0955244  
1960  0.00347519  0.0138638  -0.013146  0.0119747  0.0224126  -0.00021635  0.049633  0.0525675  0.0749855  0.0135826  0.0907407  
2000  0.0038151  0.0103334  -0.0120262  0.0121581  0.0158391  0.0011293  0.0528744  0.0439133  0.0813708  0.016094  0.0891662  
2040  0.0039006  0.0140192  -0.00907299  0.010978  0.018049  0.00174933  0.0404436  0.0450348  0.0728464  0.00695482  0.0696453  
2080  0.00346811  0.0127709  -0.0040567  0.00903888  0.0193451  0.00218268  0.0250992  0.0410342  0.0649521  -0.0158289  0.0445354  
2120  0.0038953  0.0120736  -0.00184274  0.00941723  0.0214941  0.00291085  0.0220084  0.0337357  0.0603378  -0.0156403  0.0380426  
2160  0.00307146  0.00707456  -0.00510883  0.0092467  0.0236267  0.00212327  0.0216962  0.0515619  0.0565522  -0.0127041  0.0525285  
2200  0.00365427  0.0104147  -0.0109478  0.0119708  0.0247775  0.00362024  0.0312384  0.0545166  0.0552159  -0.0146735  0.0932233  
2240  0.0031861  0.0101937  -0.0119429  0.0114174  0.0180721  0.00379526  0.0348141  0.0332726  0.0610792  -0.0304422  0.119045  
2280  0.00256592  0.00427484  -0.0118342  0.0100757  0.0166116  0.00230073  0.0342319  0.0311359  0.0692023  -0.0420189  0.120364  
2320  0.00104771  -0.00061972  -0.01119  0.00729738  0.0183788  -0.000611641  0.0267555  0.0403539  0.0581757  -0.0632499  0.0941625  
2360  -0.0021383  -0.00690035  -0.00965977  0.00178361  0.018261  -0.00720447  0.019415  0.029301  0.0535273  -0.0659064  0.0532177  
2400  -0.00362395  -0.00991604  -0.00815989  -0.000109773  0.0197452  -0.00981795  0.0165601  0.0307354  0.0562707  -0.0386962  0.0429405  
2440  -0.00254112  -0.00964361  -0.00547815  0.000770763  0.0192938  -0.00847278  0.0170832  0.0284678  0.0689351  -0.0395933  0.0486164  
2480  -0.000764683  -0.0131083  -0.00520686  0.00355416  0.0187858  -0.00425041  0.0177978  0.0287729  0.055772  -0.0408583  0.0620826  
2520  0.0012789  -0.0101037  -0.00264339  0.00426294  0.0209252  -0.00401994  0.0188059  0.0395863  0.0430982  -0.0432871  0.0834824  
2560  0.00478841  -0.000534748  -0.00151754  0.00647302  0.0235721  -0.00459217  0.0318552  0.0385116  0.0597808  -0.0422925  0.112111  
2600  0.00769024  0.00656133  -0.00354038  0.00984007  0.0266525  -0.00256823  0.0410288  0.0377311  0.0694036  -0.0503382  0.106988  
2640  0.00907681  0.00364485  -0.00570371  0.0128865  0.0362649  -0.00172285  0.0454728  0.0444919  0.0692609  -0.0462662  0.104992  
2680  0.00828595  0.00709259  -0.00654602  0.0125347  0.0413432  -0.00350191  0.0446741  0.0485847  0.0686324  -0.0381286  0.0885339  
2720  0.0058151  0.00316729  -0.00572525  0.00976201  0.0481813  -0.00834389  0.0392484  0.0495827  0.0676425  -0.0270457  0.0653317  
2760  0.00456803  -0.00787451  -0.0032677  0.00746205  0.0482142  -0.0104753  0.0335696  0.0507553  0.0702447  0.00649483  0.0497143  
2800  0.0052163  -0.00847174  3.55239e-05  0.00687596  0.0423148  -0.00750566  0.0246178  0.0398704  0.0656964  0.0492788  0.0485632  
2840  0.00664407  -0.00581896  0.00340863  0.00856354  0.0408072  -0.00294359  0.018273  0.0508676  0.0564915  0.0550776  0.0196164  
2880  0.00745828  -0.00848533  0.00338997  0.0110597  0.0431324  -0.000610202  0.0216302  0.0551614  0.0646615  0.0291457  0.00976712  
2920  0.00613902  -0.0125315  0.00178593  0.0115154  0.0414482  -0.00168674  0.0308017  0.0428541  0.0747693  0.0139798  0.00832877  
2960  0.00401405  -0.013862  0.00490495  0.0080557  0.0392351  -0.00830036  0.0387619  0.0383441  0.0796064  -0.001126  0.00380146  
3000  0.00264993  -0.0032138  0.00355422  0.006041  0.0352376  -0.0121609  0.0465605  0.0455763  0.0858682  -0.0105867  0.00836717  
3040  0.0024898  0.0108135  0.00711106  0.0029746  0.027025  -0.0134742  0.0422847  0.0226611  0.091671  0.00313319  0.00746729  
3080  0.00392659  0.0168595  0.0110837  0.00335666  0.019928  -0.0101452  0.039282  0.0172872  0.091211  0.0101974  0.00421786  
3120  0.00387208  0.0172393  0.0120252  0.00243474  0.0149606  -0.00867933  0.033293  0.0197301  0.0822429  -0.0145398  -0.00374453  
3160  0.00386943  0.011045  0.0122906  0.00273886  0.0115778  -0.00648593  0.0301489  0.0178551  0.0787783  -0.0120788  0.00382412  
3200  0.00355461  0.000414112  0.0104256  0.00339571  0.00623687  -0.00425541  0.0313105  0.0146537  0.0739977  -0.0257115  0.00312307  
3240  0.00369455  -0.00537625  0.0102819  0.00330136  0.0100356  -0.00468171  0.0280775  0.0247801  0.0584809  -0.0258534  -0.0121123  
3280  0.00228507  -0.0112355  0.00869137  0.00252994  0.0182209  -0.00747448  0.0252123  0.0363641  0.0573605  -0.0121222  -0.00461611  
3320  0.00136707  -0.0130522  0.00524728  0.00247107  0.0258476  -0.00946272  0.0241513  0.0402477  0.0617757  -0.0015  0.0312151  
3360  0.000718359  -0.0133715  0.00263311  0.00167334  0.0256958  -0.0111322  0.0261622  0.0331121  0.0625054  0.00632145  0.0611664  
3400  -0.000670408  -0.0159645  -0.00146408  0.00141671  0.0248785  -0.0103526  0.022328  0.0341881  0.0508912  0.0159268  0.082534  
3440  0.00080661  -0.0142988  -0.00414515  0.00553886  0.0285559  -0.00666249  0.0287246  0.0340531  0.0442991  0.0235397  0.103227  
3480  0.00131846  -0.0110629  -0.0076657  0.00803016  0.027354  -0.00326583  0.0317863  0.0281205  0.0302414  0.00687738  0.0832392  
3520  0.000221383  -0.0139247  -0.0110321  0.00780507  0.0252913  -0.00200584  0.0276269  0.0213331  0.0213866  -0.023433  0.100802  
3560  -0.00173987  -0.0178097  -0.0144252  0.006319  0.0270322  -0.00458834  0.0268876  0.0120133  0.0411772  -0.0279819  0.122674  
