1  0.346526  0.475419  0.239859  0.388553  0.26167  0.379164  0.573236  0.209874  0.916378  0.343758  0.00101128  
41  0.352328  0.432995  0.283181  0.38163  0.306046  0.372077  0.507789  0.271479  0.76818  0.147974  0.101847  
81  0.362531  0.474709  0.294218  0.389181  0.260671  0.419735  0.412898  0.170532  0.529482  0.113439  0.00354746  
121  0.360577  0.564243  0.274518  0.392318  0.255079  0.418461  0.444089  0.152092  0.494565  0.199916  0.0116044  
161  0.34105  0.509041  0.281974  0.359335  0.270209  0.350847  0.496775  0.186466  0.523237  0.0960112  0.0307175  
201  0.37155  0.591012  0.29529  0.389724  0.306979  0.411162  0.397796  0.227155  0.45742  0.000682067  0.0538564  
241  0.37796  0.480825  0.294043  0.413232  0.351413  0.425527  0.434436  0.484329  0.585019  0.0722754  3.51561e-05  
281  0.354566  0.463411  0.308453  0.373206  0.297952  0.369806  0.473902  0.492635  0.509316  0.0107127  0.00296261  
321  0.359676  0.614105  0.309828  0.368405  0.2602  0.376595  0.459867  0.442397  0.540105  0.0279866  0.00735161  
361  0.373991  0.487671  0.3072  0.396744  0.239745  0.421405  0.477359  0.313549  0.500806  0.0175399  0.0258043  
401  0.35574  0.536151  0.290832  0.37094  0.264489  0.378867  0.46145  0.207255  0.500801  0.00102734  0.0193193  
441  0.349134  0.457981  0.294235  0.365731  0.28731  0.363531  0.465186  0.311226  0.491673  0.00609651  0.00607232  
481  0.354473  0.424089  0.291364  0.3836  0.232533  0.399942  0.491286  0.387574  0.44913  0.0183986  0.0002347  
521  0.330446  0.459267  0.322399  0.333842  0.272135  0.342402  0.37014  0.403272  0.403338  0.00023407  0.000119335  
561  0.345496  0.512677  0.33426  0.344541  0.266047  0.367649  0.340903  0.362848  0.284371  0.0332581  0.00814824  
601  0.348872  0.4557  0.324325  0.355161  0.250959  0.365894  0.431632  0.17467  0.34594  0.00816021  0.00446745  
641  0.350167  0.472144  0.332509  0.353278  0.234553  0.365354  0.441033  0.162709  0.424798  0.00312215  0.00331976  
681  0.348434  0.478753  0.375274  0.333275  0.227634  0.354661  0.36798  0.28002  0.353054  0.14269  0.019802  
721  0.35087  0.532609  0.35622  0.342551  0.231513  0.373647  0.343899  0.0959615  0.368774  0.126568  0.00052878  
761  0.349052  0.488265  0.343382  0.353872  0.26089  0.353861  0.461207  0.102206  0.390886  0.00173705  0.0442006  
801  0.348122  0.451434  0.346257  0.351977  0.238115  0.370392  0.408279  0.225426  0.29144  0.121025  0.000152425  
841  0.331591  0.409475  0.323327  0.335654  0.223597  0.343939  0.431174  0.0805223  0.277441  0.286382  0.00343732  
881  0.323069  0.387558  0.352772  0.313088  0.234664  0.310865  0.412637  0.0124175  0.368036  0.114819  0.0477208  
921  0.339814  0.389083  0.316509  0.341645  0.206513  0.356194  0.438253  0.0642409  0.346154  0.0871493  0.0365475  
961  0.361562  0.44177  0.335987  0.358137  0.190086  0.392372  0.412468  0.214204  0.307155  0.00672377  0.00319086  
1001  0.343013  0.379131  0.331704  0.341895  0.267165  0.358465  0.360568  0.411224  0.287661  0.000884769  0.0385306  
1041  0.339228  0.312265  0.33496  0.343732  0.262527  0.358882  0.375666  0.332031  0.414397  0.0194978  0.00561187  
1081  0.356863  0.344175  0.357603  0.363474  0.266673  0.388254  0.374144  0.364536  0.361752  0.0972959  0.0137603  
1121  0.358976  0.3057  0.372519  0.37042  0.25556  0.397768  0.391457  0.462712  0.39941  0.250369  0.00132988  
1161  0.337732  0.318001  0.327122  0.352969  0.308533  0.375622  0.311887  0.50646  0.385392  0.327062  0.0328529  
1201  0.356337  0.280177  0.358901  0.374047  0.258007  0.416465  0.335007  0.446868  0.315079  0.220518  0.0263863  
1241  0.344038  0.216426  0.356346  0.356127  0.251913  0.376199  0.394539  0.316339  0.378819  0.190433  0.0231447  
1281  0.363336  0.322173  0.353486  0.380311  0.373898  0.378648  0.394493  0.43907  0.436114  0.726249  0.000207999  
1321  0.357108  0.347472  0.298359  0.385755  0.388289  0.37448  0.428799  0.64696  0.525365  0.671698  0.0432616  
1361  0.33988  0.240154  0.283066  0.370356  0.342966  0.359767  0.445129  0.474906  0.495589  0.695234  0.00936326  
1401  0.354982  0.232752  0.311286  0.396346  0.384224  0.376624  0.490741  0.412806  0.527133  0.902085  0.0195282  
1441  0.335775  0.303409  0.268071  0.371388  0.387051  0.353195  0.427487  0.517918  0.400434  0.681635  0.000131564  
1481  0.353052  0.389553  0.289806  0.379743  0.345607  0.380401  0.416447  0.569116  0.449447  0.800706  0.042143  
1521  0.359111  0.459503  0.3046  0.378925  0.36045  0.372716  0.425557  0.462222  0.505691  0.567232  0.000734193  
1561  0.362042  0.285439  0.343845  0.383052  0.304875  0.388358  0.451622  0.396586  0.531539  0.722308  0.00288175  
1601  0.358877  0.241414  0.305362  0.400351  0.354845  0.409061  0.41735  0.505697  0.502086  0.621845  0.00897124  
1641  0.33617  0.361428  0.266458  0.372798  0.337632  0.375074  0.404097  0.4863  0.432965  0.631566  0.0468395  
1681  0.323038  0.301368  0.271867  0.354501  0.278271  0.362648  0.40924  0.409332  0.304646  0.16899  0.0194899  
1721  0.344352  0.250909  0.309368  0.368834  0.286089  0.395369  0.356129  0.440958  0.174966  0.281126  0.00732926  
1761  0.325738  0.251977  0.259875  0.35677  0.287338  0.382317  0.332731  0.41864  0.141867  0.235795  0.0233681  
1801  0.336538  0.232437  0.277197  0.377467  0.325915  0.401673  0.338268  0.498889  0.267474  0.363464  0.00604099  
1841  0.321372  0.303617  0.285431  0.342417  0.280464  0.354163  0.366012  0.446324  0.283941  0.146313  0.000768944  
1881  0.333833  0.33971  0.279588  0.358848  0.241164  0.378324  0.415236  0.263118  0.415645  0.0556019  0.0093025  
1921  0.34403  0.302972  0.282494  0.371978  0.296528  0.387015  0.397726  0.452995  0.507834  0.194108  0.00124136  
1961  0.3412  0.271855  0.320619  0.354207  0.326264  0.340158  0.443725  0.396757  0.602193  0.304842  0.00788094  
2001  0.323687  0.233732  0.295011  0.339841  0.290778  0.334046  0.42008  0.325505  0.60105  0.193431  0.166397  
2041  0.333338  0.390062  0.266959  0.353882  0.289131  0.367213  0.374248  0.378016  0.451462  0.0526879  0.0402986  
2081  0.32604  0.378249  0.295024  0.333556  0.28562  0.332615  0.392705  0.404554  0.432836  0.118028  0.00503045  
2121  0.32585  0.298418  0.296377  0.334311  0.313227  0.33314  0.363414  0.346896  0.421543  0.177929  0.0329507  
2161  0.337278  0.309567  0.288091  0.349732  0.326851  0.356031  0.350452  0.290383  0.429153  0.213859  0.0153281  
2201  0.326216  0.349152  0.300274  0.329917  0.30473  0.340748  0.314824  0.453436  0.334487  0.42109  0.00310434  
2241  0.348466  0.409343  0.306125  0.355953  0.31703  0.36329  0.370954  0.401524  0.370817  0.554061  0.021894  
2281  0.349799  0.486999  0.324436  0.351312  0.287117  0.377452  0.318808  0.216131  0.288135  0.357064  0.0936969  
2321  0.3166  0.38399  0.270742  0.323363  0.316524  0.329383  0.306711  0.421745  0.274749  0.246581  0.0356724  
2361  0.320214  0.356891  0.313305  0.315225  0.27352  0.329437  0.305408  0.336439  0.374191  0.130232  0.00902626  
2401  0.343983  0.300093  0.352298  0.335753  0.328584  0.344499  0.30837  0.402529  0.269001  0.385916  0.0652194  
2441  0.333338  0.21272  0.354606  0.324699  0.339467  0.319545  0.328668  0.411409  0.279886  0.611786  0.208734  
2481  0.326325  0.184802  0.300789  0.339687  0.305892  0.344856  0.357609  0.372097  0.488705  0.321762  0.0324608  
2521  0.333126  0.295871  0.333183  0.328416  0.263269  0.351975  0.307537  0.401342  0.347472  0.0827724  0.000212721  
2561  0.348868  0.555876  0.353007  0.327912  0.239218  0.356448  0.313912  0.199378  0.251552  0.0577329  0.091948  
2601  0.334924  0.399316  0.335699  0.338599  0.362338  0.351414  0.258962  0.427981  0.22757  0.351486  0.0785321  
2641  0.339599  0.329242  0.355078  0.339898  0.329221  0.358267  0.277328  0.455753  0.279698  0.469677  0.0136531  
2681  0.348853  0.367121  0.356096  0.349462  0.281097  0.376575  0.317806  0.416411  0.296933  0.384357  0.0256632  
2721  0.327832  0.263956  0.332269  0.343514  0.22949  0.382188  0.31741  0.224465  0.382747  0.0757175  0.0742766  
2761  0.326619  0.243341  0.307701  0.351891  0.250614  0.383814  0.338602  0.408211  0.363527  0.0937637  0.00938379  
2801  0.320705  0.186204  0.309661  0.346976  0.31886  0.352416  0.35724  0.46162  0.40204  0.372953  0.0110693  
2841  0.341086  0.176014  0.3135  0.373904  0.294669  0.393015  0.387417  0.360312  0.461546  0.391803  0.000221012  
2881  0.34257  0.310597  0.318285  0.358608  0.268991  0.382991  0.362604  0.465795  0.351342  0.391038  0.154054  
2921  0.325297  0.349177  0.30774  0.337589  0.246081  0.354604  0.373806  0.316844  0.344933  0.0774752  0.0762737  
2961  0.317923  0.151054  0.292812  0.343314  0.254396  0.365522  0.355373  0.461447  0.256363  0.111501  0.101067  
3001  0.330679  0.221501  0.351556  0.347177  0.281879  0.36695  0.341911  0.42406  0.288068  0.329605  0.00319144  
3041  0.344953  0.418428  0.349792  0.343213  0.222379  0.365993  0.389764  0.155122  0.374326  0.359053  0.00775384  
3081  0.33583  0.37739  0.296348  0.352243  0.219329  0.377875  0.401105  0.167543  0.358767  0.290735  0.00397287  
3121  0.355081  0.306058  0.339705  0.365291  0.223641  0.400098  0.386829  0.290314  0.362616  0.183827  0.00512149  
3161  0.347612  0.244763  0.370675  0.346804  0.225504  0.38036  0.349963  0.365517  0.29037  0.213708  0.0434179  
3201  0.36246  0.400177  0.380999  0.366934  0.233753  0.39301  0.414293  0.3659  0.342245  0.172492  0.102791  
3241  0.358328  0.419425  0.384807  0.347858  0.200371  0.379443  0.389266  0.300629  0.362334  0.17405  0.0742229  
3281  0.345665  0.472263  0.300205  0.344191  0.206753  0.362741  0.427145  0.311622  0.325373  0.220242  0.0135983  
3321  0.351223  0.498921  0.316585  0.34865  0.20752  0.377756  0.392827  0.302203  0.399489  0.214334  0.00713729  
3361  0.369216  0.498081  0.393086  0.348458  0.210594  0.390117  0.337691  0.46521  0.228514  0.372228  0.00232218  
3401  0.358912  0.474882  0.363396  0.344968  0.2319  0.38486  0.312793  0.355922  0.166114  0.37316  0.0376932  
3441  0.348828  0.470458  0.293048  0.357661  0.27597  0.381935  0.352957  0.449996  0.301237  0.256007  0.0151345  
3481  0.326059  0.506649  0.284323  0.319574  0.189192  0.34982  0.346706  0.393374  0.29747  0.169947  0.0253718  
3521  0.35223  0.393792  0.317482  0.363031  0.220245  0.418126  0.303162  0.369145  0.340865  0.0856752  0.051662  
3561  0.35198  0.366387  0.363257  0.347154  0.242455  0.39996  0.252675  0.489582  0.228436  0.229527  0.0346379  
