0  -0.00914348  -0.0573251  0.00713603  -0.0107089  -0.0180289  -0.0173842  0.0249522  -0.0196735  0.0378783  -0.23874  0.0485633  
40  -0.0086133  -0.0569379  0.00461544  -0.00525286  -0.00602193  -0.0214345  0.0616059  -0.125357  0.0370724  -0.275073  0.35521  
80  -0.00633917  -0.104462  0.00432883  -0.00146845  0.000812956  -0.00858662  0.0249193  -0.155221  -0.0659345  -0.338333  0.316008  
120  -0.00140989  -0.0756073  0.00171383  0.00107671  0.0319946  -0.00535152  -0.00839039  -0.041159  -0.0939306  -0.298572  0.274438  
160  -0.00144507  -0.0396434  0.00530431  -0.00608288  0.030464  -0.0248076  0.0280867  0.0472246  -0.0441137  -0.335886  0.355558  
200  -0.00631118  -0.0393301  0.00694314  -0.0152549  0.000105948  -0.0293659  0.0245508  0.0280161  -0.0112229  -0.379663  0.239991  
240  -0.00501191  -0.0935901  0.0051385  -0.00505006  0.0151458  -0.0274887  0.0631276  0.0205243  0.0651735  -0.371095  0.305486  
280  0.00345267  -0.08704  0.00751128  0.00361543  0.0130094  -0.0165412  0.0749532  0.0788977  0.0404374  -0.383507  0.329161  
320  0.00683319  -0.051505  0.0124993  0.00471401  -0.0132907  -0.00415159  0.0616331  0.0299785  0.0460732  -0.331994  0.260163  
360  0.0081729  -0.0832006  0.0142898  0.00777525  -0.0167394  -0.00259864  0.0783549  0.0284667  0.00798652  -0.323704  0.329652  
400  0.00327125  -0.0665406  0.0215981  -0.00324703  -0.0212889  -0.0156859  0.0682826  0.0109499  -0.0153236  -0.327467  0.308456  
440  0.0139187  -0.0842724  0.0611553  -0.00384386  0.000536245  -0.0175176  0.0468489  0.0065242  -0.0416014  -0.29011  0.364548  
480  0.027254  -0.124869  0.0443403  0.0225672  0.0329589  0.00932822  0.0645512  0.0174819  -0.0243374  -0.329328  0.275539  
520  -0.00335656  -0.0666989  0.000235601  -0.011881  -0.00846999  -0.0269017  0.0454213  0.00813353  -0.0524852  -0.352682  0.334026  
560  -0.0198117  -0.055306  -0.00771564  -0.0322451  -0.0547163  -0.0349366  0.0046565  0.139173  -0.0769203  -0.377397  0.328158  
600  -0.0146747  -0.0716764  0.0114796  -0.0271445  -0.0486661  -0.029123  0.00575446  0.188245  -0.102039  -0.357032  0.303799  
640  -0.0108245  -0.0613186  0.0275835  -0.0261399  -0.0360653  -0.0332138  0.0141523  0.106001  -0.0591933  -0.375754  0.274832  
680  -0.0172349  -0.0692612  -0.00492044  -0.0228047  -0.0513774  -0.0211035  0.00322814  0.0989579  -0.0764278  -0.31139  0.265845  
720  -0.0186126  -0.0720645  -0.00712327  -0.0225141  -0.0729184  -0.017421  0.0148807  0.0385684  -0.125787  -0.2478  0.369949  
760  -0.0120946  -0.070458  0.0285541  -0.0218616  -0.0313206  -0.0316022  0.0287644  -0.0356063  -0.0759858  -0.253184  0.271657  
800  -0.00914374  -0.0877569  0.0232207  -0.013034  0.0129557  -0.031299  0.0314428  0.0548031  -0.0892744  -0.227368  0.408599  
840  -0.00513084  -0.0952649  0.0208095  -0.00697923  0.00762266  -0.018407  0.0227626  0.0405299  -0.130534  -0.0557708  0.352731  
880  -0.00385535  -0.0718155  0.0274519  -0.0122738  -0.0138002  -0.0181793  0.0135639  -0.0242819  -0.0937731  -0.0187586  0.326293  
920  -0.00349647  -0.0895434  0.0174237  -0.0039619  -0.0110675  -0.0124269  0.0387483  0.0457738  -0.0864563  -0.190834  0.337126  
960  0.0114628  -0.065185  0.0382801  0.00931901  0.025392  0.00276367  0.0174989  0.167376  -0.125805  -0.266263  0.338889  
1000  -0.0015487  -0.109286  0.0264931  -0.00500732  0.00185416  -0.0087156  0.00219396  0.15839  -0.0668666  -0.238957  0.274449  
1040  -0.00922868  -0.138958  -0.00513022  -0.00651073  -0.00525192  -0.016139  0.0312907  0.150491  -0.0571596  -0.27586  0.334363  
1080  0.00141989  -0.144845  -0.0139423  0.0131043  0.0377487  0.00287641  0.0263666  0.147749  -0.0940767  -0.261884  0.270739  
1120  0.00941417  -0.152584  -0.00555562  0.0289797  0.0576558  0.0235589  0.0179921  0.13725  -0.0756041  -0.0827489  0.248462  
1160  -0.00453324  -0.107101  -0.00905544  0.00878443  0.0394409  0.00631837  -0.0165345  0.125484  -0.12887  -0.169377  0.322786  
1200  -0.00841476  -0.0775108  0.00667325  -0.00624754  0.0233671  -0.0094613  -0.027316  0.181296  -0.107081  -0.20652  0.244494  
1240  -0.00469065  -0.128763  -0.00192897  0.00373929  0.0578285  -0.0120476  0.00569052  0.228875  -0.0843277  -0.164633  0.277945  
1280  -0.00634744  -0.145928  -0.0374501  0.016633  0.101775  -0.0100846  0.0273182  0.22328  -0.0505326  -0.0379071  0.278473  
1320  -0.0129408  -0.14233  -0.0349136  0.00504251  0.0422337  -0.0187602  0.0591714  0.134688  0.00103452  -0.0580827  0.288287  
1360  -0.0146859  -0.123837  -0.0197966  -0.00322022  0.0420996  -0.0276771  0.0441966  0.0930967  0.0291697  -0.0178884  0.249148  
1400  -0.0047469  -0.0859562  0.003883  -0.000851718  0.0768712  -0.0327451  0.0394947  0.145211  0.0280073  0.0129048  0.250932  
1440  -0.00810754  -0.0958057  -0.0332291  0.0058295  0.0681317  -0.019535  0.0373516  0.193594  0.00267784  -0.0290588  0.300948  
1480  0.000207795  -0.118543  -0.0229265  0.0137809  0.0433507  -0.00903322  0.072673  0.107526  0.0624918  0.00335909  0.260723  
1520  0.000288982  -0.117174  -0.00647628  0.00754507  0.057819  -0.01962  0.0602865  -0.0288481  0.0704268  -0.107289  0.201294  
1560  -0.0068761  -0.162676  -0.00453473  0.00131547  0.0387406  -0.0213619  0.0505868  0.0714905  0.0506166  -0.0992047  0.237533  
1600  -0.00247324  -0.141239  -0.0142559  0.00671211  0.0280277  -0.0122189  0.0592974  0.210673  0.0196256  -0.0380918  0.296615  
1640  -0.00840969  -0.0949614  -0.0237661  -0.00713251  0.00718687  -0.0229086  0.0406629  0.0738745  -0.0224662  0.00373457  0.272767  
1680  -0.00855266  -0.140946  0.00173372  -0.0119998  0.00334337  -0.0210206  0.00707357  0.0484867  -0.0692077  -0.0261587  0.197675  
1720  -0.00724973  -0.164041  -0.0143568  -0.00185952  0.0415313  -0.0225787  0.0325445  0.121644  -0.0935891  0.14903  0.278551  
1760  -0.00982399  -0.125657  -0.0488756  0.00595741  0.079156  -0.0304256  0.0698282  0.116694  0.0641724  0.211533  0.276061  
1800  -0.00126184  -0.0875769  -0.0341658  0.0110313  0.0445931  -0.00887251  0.0534525  0.087923  0.079711  0.163648  0.263487  
1840  -0.00654211  -0.105294  -0.0339821  0.000743912  0.00938438  -0.0141372  0.0514432  0.0765462  -0.024452  0.213599  0.288771  
1880  0.00165112  -0.106404  -0.0424559  0.0213251  0.0685969  -0.00388099  0.0695443  0.112866  0.0414781  0.310244  0.349604  
1920  0.00538346  -0.144902  -0.0315669  0.026226  0.0887432  -0.00137435  0.0666152  0.171445  0.0627801  0.287565  0.366363  
1960  -0.00762771  -0.117867  -0.0428554  0.00543481  0.0201059  -0.0136622  0.0663636  0.0933157  0.0382039  0.168531  0.304671  
2000  -0.00604134  -0.0851952  -0.0631768  0.0119048  0.0179799  -0.00199471  0.0615625  0.0831471  0.0645674  0.257099  0.25166  
2040  0.000970929  -0.10942  -0.0439087  0.0205685  0.050111  0.0024469  0.0603616  0.177046  0.0549773  0.287696  0.295286  
2080  -0.00693324  -0.132471  -0.0171741  0.00252974  0.0685332  -0.0257767  0.0417752  0.0226755  0.112421  0.280673  0.326719  
2120  -0.00961339  -0.12472  -0.0384748  0.00364189  0.039339  -0.0141302  0.0349084  0.0465876  0.125456  0.243957  0.165559  
2160  0.00399226  -0.103004  -0.0108149  0.0123686  0.0264266  -0.0016353  0.0532406  0.127921  0.0811851  0.157828  0.23953  
2200  -3.05441e-05  -0.113316  -0.00542889  0.00422637  0.0455209  -0.0152028  0.0357901  0.137713  0.0709738  0.184195  0.340437  
2240  -0.0138137  -0.118339  -0.0530697  0.00460262  0.0791921  -0.0235543  0.0333316  0.0800195  0.107105  0.123267  0.4203  
2280  -0.00813948  -0.105706  -0.0483555  0.0120107  0.029688  -0.00117565  0.0453736  -0.0459504  0.117295  0.141799  0.324771  
2320  0.00663767  -0.0604594  -0.0113036  0.0108129  0.0264348  -0.00262204  0.047561  0.127336  0.082852  0.202026  0.205637  
2360  0.00831135  -0.0221955  0.0291039  -0.00346874  0.0250645  -0.0252242  0.0523034  0.106611  0.0716761  0.207891  0.369929  
2400  0.00314724  -0.0894139  0.0393066  -0.00694843  0.0428138  -0.0226946  -0.000170295  0.0543837  0.0373631  0.146142  0.27502  
2440  -0.00812383  -0.139072  0.0034717  -0.00775122  0.0528264  -0.0251363  -0.00677096  0.0353574  0.0365173  0.0984489  0.222729  
2480  -0.0151424  -0.134813  -0.0205878  -0.0108711  0.0453395  -0.0229406  -0.0265228  0.037666  -0.0355917  0.155448  0.314909  
2520  -0.012147  -0.0996946  -0.024471  -0.0129916  0.0361425  -0.0251052  -0.0202986  0.0992299  -0.0940737  0.227579  0.362809  
2560  0.00973653  0.013919  -0.0120867  0.00674327  0.0663246  -0.0107427  0.00928463  0.126634  -0.00174739  0.265596  0.324178  
2600  0.00719531  -0.0786515  -0.0111751  0.00722812  0.074776  -0.0133895  0.0133448  0.0824482  0.0834016  0.155751  0.192476  
2640  0.00113963  -0.127292  -0.0143337  0.0029504  0.0656554  -0.0210278  0.0283559  0.0279272  0.05403  0.0996665  0.382739  
2680  -0.00596347  -0.0903777  -0.0242749  -0.00678561  0.0597356  -0.0331157  0.0238049  0.0156528  -0.0618628  0.173609  0.281168  
2720  -0.000472547  -0.107971  -0.0213796  0.00554948  0.098122  -0.0229834  0.0150614  0.0698997  -0.0190551  0.269622  0.241694  
2760  -0.000364384  -0.122013  -0.0132001  0.00426223  0.090295  -0.0282265  0.0374479  0.0663378  0.0780757  0.29937  0.24673  
2800  -0.0039263  -0.13094  -0.012664  -0.000714381  0.0910703  -0.0273922  0.00214366  0.130742  0.0377788  0.261703  0.210228  
2840  -0.00273731  -0.123662  -0.0110114  0.00322314  0.0504711  -0.0118649  0.0102189  0.0858037  -0.0127426  0.244559  0.312764  
2880  -0.00640309  -0.110659  -0.0198487  -2.63964e-05  0.0701458  -0.0225087  0.0106644  0.114198  0.00596146  0.237302  0.0565633  
2920  -0.00789453  -0.0930082  -0.0293575  0.00340998  0.0714429  -0.0249326  0.040461  0.0345759  0.0743414  0.313179  0.189527  
2960  0.000875173  -0.127345  -0.0300602  0.0164664  0.0681465  -0.0127719  0.0760377  0.123673  0.122147  0.285279  0.237988  
3000  -0.00446654  -0.109413  -0.0159297  0.0072461  0.100121  -0.0301722  0.0526336  0.093643  0.0655573  0.201406  0.2326  
3040  -0.0025441  -0.0212088  0.00154091  -0.00819394  0.0252777  -0.0320592  0.0504817  -0.0669301  0.0405742  0.221324  0.256681  
3080  0.00679686  -0.0143991  0.00846603  0.00545786  0.0278772  -0.0118455  0.0501341  -0.0537502  0.0650444  0.249333  -0.0154393  
3120  0.00970401  -0.0434002  0.00157449  0.0188392  0.0766731  -0.0114376  0.0755439  0.105422  0.0952672  0.22861  0.252491  
3160  0.00733944  -0.0392253  0.0129728  0.0062602  0.0635168  -0.0248068  0.0668526  0.0559174  0.109442  0.233935  0.192214  
3200  0.0096512  -0.00432702  0.0168988  0.00303341  0.0205644  -0.0148527  0.0557258  0.02621  0.0865194  0.2021  0.0638858  
3240  0.00966156  -0.0313941  0.000455538  0.0125443  0.0377978  -0.00683042  0.0623949  0.0919784  0.0192884  0.229717  0.216264  
3280  0.00375449  -0.0120355  -0.0258353  0.0134797  0.0607246  -0.0172025  0.0840556  0.041056  0.0567057  0.237039  0.194855  
3320  -0.00787241  0.0117556  -0.0243895  -0.00526864  0.0218166  -0.0305687  0.0666257  0.0796449  0.127329  0.242916  0.322008  
3360  -0.00301138  0.0294545  -0.0147403  -0.00452198  0.0332035  -0.0285225  0.0497969  0.0644671  0.0805057  0.225365  0.286107  
3400  -0.00191316  0.00427632  -0.0352802  0.00402869  0.0511271  -0.0161379  0.0319021  0.0878303  0.0547005  0.185601  0.286367  
3440  -0.00142422  -0.013199  -0.04375  0.0140998  0.0612146  -0.00627862  0.0428175  0.130558  0.0524913  0.256361  0.401202  
3480  -0.00425075  6.23161e-06  -0.0415998  0.00796466  0.0411476  -0.0114608  0.0488729  0.15177  0.00706417  0.29297  0.352797  
3520  -0.000693972  -0.0329925  -0.048293  0.0156647  0.0488724  0.00333971  0.0275964  0.127361  -0.0126022  0.257491  0.413426  
3560  -0.0135162  -0.080869  -0.0545231  -5.91826e-05  0.0329304  -0.0223183  0.0526245  -0.0116744  0.0847842  0.196729  0.420853  
