1  0.104172  0.58537  0.41463   0.014854  0.49644  0.50356   0.0321845  0.608154  0.391846   0.00623706  0.724767  0.275233   0.0532756  0.590658  0.409341   0.0508965  0.579834  0.420166   0.0508965  0.579834  0.420166  0.0202705  0.310366  0.0224142  0.291365  0.127808  0.397609  0.231116  0.307977  0.108995  0.358696  -0.0725486  0.259806  -0.0725486  0.259806
101  0.0721285  0.674109  0.325891   0.00942669  0.547141  0.452859   0.0235191  0.697929  0.302071   0.00442773  0.732973  0.267027   0.0373735  0.664048  0.335952   0.0347549  0.684929  0.315071   0.0347549  0.684929  0.315071  0.0131978  0.315469  0.0319549  0.223551  0.131287  0.39415  0.164496  0.21751  0.106951  0.328299  -0.0848828  0.302046  -0.0848828  0.302046
201  0.0635594  0.630588  0.369412   0.0122832  0.704132  0.295868   0.0198533  0.638559  0.361441   0.00252332  0.594339  0.405661   0.0346598  0.658578  0.341422   0.0288996  0.597019  0.402981   0.0288996  0.597019  0.402981  0.0105918  0.311892  0.0908327  0.236092  0.115981  0.40403  0.175129  0.272421  0.115043  0.343558  -0.09868  0.278765  -0.09868  0.278765
301  0.0773658  0.681537  0.318463   0.0105693  0.630633  0.369367   0.024852  0.724771  0.275229   0.00276142  0.574704  0.425296   0.0381827  0.68786  0.312141   0.039183  0.675375  0.324625   0.039183  0.675375  0.324625  0.0602267  0.323333  0.111216  0.211866  0.150292  0.391642  0.18076  0.260616  0.14251  0.327923  -0.025854  0.318532  -0.025854  0.318532
401  0.0677489  0.639845  0.360155   0.0103789  0.663103  0.336898   0.0146166  0.54452  0.45548   0.00304704  0.598958  0.401042   0.0280426  0.594324  0.405676   0.0397064  0.671994  0.328005   0.0397064  0.671994  0.328005  0.0298705  0.312478  0.0461262  0.27107  0.104782  0.365241  0.177157  0.242237  0.0958434  0.326266  -0.0391474  0.298053  -0.0391474  0.298053
501  0.0836023  0.663437  0.336563   0.0143307  0.721117  0.278883   0.0256137  0.597061  0.402939   0.00576125  0.713974  0.286026   0.0457057  0.650695  0.349305   0.0378966  0.678805  0.321195   0.0378966  0.678805  0.321195  0.028061  0.317003  0.10676  0.206719  0.0865265  0.358163  0.183123  0.228836  0.102124  0.302535  -0.0494198  0.332139  -0.0494198  0.332139
601  0.0740327  0.654196  0.345804   0.0115217  0.701099  0.298901   0.0188055  0.625175  0.374825   0.00752238  0.823487  0.176513   0.0378495  0.6877  0.3123   0.0361832  0.61915  0.38085   0.0361832  0.61915  0.38085  0.039506  0.301914  0.112925  0.21132  0.0877734  0.371544  0.195452  0.258735  0.105885  0.315163  -0.0299372  0.288053  -0.0299372  0.288053
701  0.0711292  0.654543  0.345457   0.0126161  0.737309  0.262691   0.0195201  0.627373  0.372627   0.00404667  0.731368  0.268632   0.0361828  0.677336  0.322664   0.0349464  0.630945  0.369056   0.0349464  0.630945  0.369056  -0.0111071  0.286277  0.125185  0.186486  0.00483587  0.379205  0.21485  0.228228  0.0600819  0.309815  -0.0855818  0.261653  -0.0855818  0.261653
801  0.0764606  0.661614  0.338386   0.0126644  0.705102  0.294898   0.0274224  0.684021  0.315979   0.00119026  0.0688866  0.931113   0.0412771  0.672751  0.327249   0.0351835  0.648549  0.35145   0.0351835  0.648549  0.35145  0.0108109  0.295689  0.141957  0.179999  0.0112834  0.384399  0.21688  0.232533  0.0689594  0.311654  -0.0500215  0.278986  -0.0500215  0.278986
901  0.0715094  0.628939  0.371061   0.00918881  0.741226  0.258774   0.026852  0.639283  0.360717   0.00180916  0.0584801  0.94152   0.03785  0.63627  0.363729   0.0336595  0.620694  0.379306   0.0336595  0.620694  0.379306  0.0233927  0.295931  0.149993  0.2313  0.0510452  0.384365  0.206478  0.246256  0.094693  0.32738  -0.0511985  0.263031  -0.0511985  0.263031
1001  0.0770327  0.671814  0.328185   0.0109504  0.684544  0.315456   0.0227571  0.638069  0.361931   0.00204724  0.448318  0.551682   0.0357548  0.641438  0.358562   0.0412779  0.698127  0.301873   0.0412779  0.698127  0.301873  0.0361052  0.309031  0.119942  0.236829  0.0718541  0.441161  0.188176  0.245103  0.0972647  0.363886  -0.027877  0.251646  -0.027877  0.251646
1101  0.0706528  0.663218  0.336782   0.00885551  0.583628  0.416372   0.0184249  0.65934  0.34066   0.00542726  0.736831  0.263169   0.0327077  0.651699  0.348301   0.0379451  0.673147  0.326853   0.0379451  0.673147  0.326853  0.00986615  0.275913  0.05185  0.274556  0.0616006  0.397575  0.11652  0.226438  0.0645296  0.345585  -0.0473203  0.203026  -0.0473203  0.203026
1201  0.0834132  0.695844  0.304156   0.00976004  0.658267  0.341732   0.0244236  0.652042  0.347958   0.00557048  0.801052  0.198948   0.0397541  0.67445  0.32555   0.0436591  0.715323  0.284677   0.0436591  0.715323  0.284677  -0.00378223  0.303491  0.0430586  0.295147  0.0434111  0.410984  0.136944  0.21848  0.052941  0.358801  -0.0631235  0.245628  -0.0631235  0.245628
1301  0.0816024  0.672691  0.327309   0.0116646  0.676417  0.323583   0.0260413  0.681992  0.318008   0.00290418  0.432609  0.567391   0.0406101  0.662556  0.337444   0.0409922  0.682732  0.317268   0.0409922  0.682732  0.317268  0.0135936  0.296247  0.0509186  0.283459  0.0663172  0.406199  0.243729  0.253342  0.0802776  0.356169  -0.0561681  0.233559  -0.0561681  0.233559
1401  0.0694147  0.623607  0.376393   0.00776077  0.42912  0.57088   0.0207105  0.702555  0.297445   0.00390383  0.527098  0.472902   0.0323751  0.615852  0.384148   0.0370396  0.630385  0.369615   0.0370396  0.630385  0.369615  0.0122753  0.293285  0.027206  0.265698  0.0443782  0.397083  0.250216  0.252868  0.0607693  0.345527  -0.0384569  0.238632  -0.0384569  0.238632
1501  0.0797462  0.673399  0.326601   0.0113784  0.67294  0.32706   0.0288992  0.733206  0.266794   0.00418967  0.688133  0.311867   0.0444673  0.713538  0.286462   0.0352789  0.622804  0.377195   0.0352789  0.622804  0.377195  0.0311765  0.317647  0.055636  0.234456  0.0512773  0.421034  0.232471  0.272972  0.0711475  0.35366  -0.0106392  0.279971  -0.0106392  0.279971
1601  0.0808893  0.661009  0.338991   0.0134737  0.720655  0.279345   0.0228529  0.628701  0.371299   0.0051417  0.700614  0.299386   0.0414683  0.667495  0.332505   0.039421  0.654186  0.345814   0.039421  0.654186  0.345814  0.0178514  0.322882  0.0722303  0.247005  0.0326575  0.466011  0.23069  0.2686  0.0641004  0.384497  -0.0305321  0.258424  -0.0305321  0.258424
1701  0.0749857  0.674532  0.325468   0.00956975  0.664182  0.335817   0.0247572  0.697436  0.302563   0.00409447  0.735139  0.264861   0.0384214  0.693172  0.306828   0.0365643  0.654946  0.345054   0.0365643  0.654946  0.345054  0.0144317  0.303327  0.0662713  0.278159  0.0302868  0.424959  0.219227  0.299742  0.0597911  0.371052  -0.0330212  0.232476  -0.0330212  0.232476
1801  0.0686546  0.638544  0.361456   0.00790355  0.564272  0.435728   0.0218054  0.618872  0.381128   0.00228527  0.576391  0.423608   0.0319943  0.60235  0.39765   0.0366604  0.670131  0.329868   0.0366604  0.670131  0.329868  -0.0120097  0.305556  0.0280311  0.316304  0.0404571  0.40739  0.234477  0.274857  0.0569577  0.368296  -0.0841602  0.239921  -0.0841602  0.239921
1901  0.076272  0.667154  0.332846   0.0100459  0.655348  0.344652   0.0263288  0.696701  0.303298   0.00414207  0.690292  0.309708   0.0405167  0.685793  0.314207   0.0357553  0.646033  0.353967   0.0357553  0.646033  0.353967  0.0126199  0.308965  0.114617  0.362433  0.0582323  0.400707  0.214203  0.274927  0.0900426  0.377065  -0.0683761  0.237721  -0.0683761  0.237721
2001  0.073605  0.661204  0.338796   0.0107123  0.750861  0.249139   0.0271374  0.693173  0.306826   0.00352314  0.716216  0.283784   0.0413728  0.710072  0.289928   0.0322322  0.598477  0.401523   0.0322322  0.598477  0.401523  0.038148  0.313541  0.00473872  0.355314  0.105436  0.40276  0.24387  0.255015  0.0915507  0.374294  -0.0177196  0.249984  -0.0177196  0.249984
2101  0.0830792  0.686691  0.313309   0.0116642  0.588428  0.411572   0.0255191  0.68553  0.31447   0.000999799  0.0661377  0.933862   0.0381831  0.639649  0.360351   0.0448961  0.7267  0.2733   0.0448961  0.7267  0.2733  0.0259476  0.322314  0.0254219  0.33721  0.0483464  0.414028  0.244605  0.250354  0.0621441  0.375716  -0.0119195  0.266449  -0.0119195  0.266449
2201  0.0816986  0.660064  0.339936   0.0122356  0.684608  0.315392   0.025186  0.635274  0.364726   0.00580823  0.70856  0.29144   0.0432298  0.659084  0.340916   0.0384688  0.661166  0.338834   0.0384688  0.661166  0.338834  0.0113852  0.324778  -0.000439942  0.33515  0.0577332  0.415744  0.235391  0.24717  0.0597673  0.375872  -0.0392298  0.271326  -0.0392298  0.271326
2301  0.0754616  0.659761  0.340239   0.00699865  0.555174  0.444826   0.0253765  0.648226  0.351774   0.00418969  0.718431  0.281569   0.0365648  0.63846  0.36154   0.0388968  0.679785  0.320215   0.0388968  0.679785  0.320215  0.02569  0.326591  0.0296434  0.317917  0.141025  0.435919  0.218551  0.229383  0.117884  0.381687  -0.0707596  0.268952  -0.0707596  0.268952
2401  0.0717022  0.655163  0.344837   0.00771313  0.613864  0.386136   0.0258536  0.645503  0.354497   0.00247574  0.611107  0.388893   0.0360424  0.636369  0.36363   0.0356598  0.674157  0.325843   0.0356598  0.674157  0.325843  0.013161  0.327549  -0.0379929  0.34215  0.111172  0.408516  0.208228  0.202377  0.0794847  0.368753  -0.0562238  0.284443  -0.0562238  0.284443
2501  0.078461  0.682309  0.317691   0.0144255  0.774291  0.225709   0.0251385  0.664779  0.335221   0.00304704  0.711808  0.288192   0.042611  0.705216  0.294783   0.03585  0.655082  0.344917   0.03585  0.655082  0.344917  -0.0106557  0.317703  -0.0100407  0.32525  0.0494464  0.402638  0.16576  0.227369  0.0447985  0.362972  -0.0686693  0.270345  -0.0686693  0.270345
2601  0.0848415  0.69086  0.30914   0.0118547  0.710172  0.289828   0.0245669  0.68648  0.31352   0.00423717  0.577393  0.422607   0.0406587  0.682019  0.317981   0.0441827  0.698996  0.301004   0.0441827  0.698996  0.301004  -0.022915  0.298297  0.0699223  0.248853  0.0166768  0.376212  0.202043  0.20305  0.0506361  0.322801  -0.0998607  0.272663  -0.0998607  0.272663
2701  0.0834128  0.706748  0.293252   0.0128077  0.761058  0.238942   0.0289935  0.700871  0.299129   0.00599901  0.794533  0.205466   0.0478002  0.728752  0.271248   0.0356126  0.677213  0.322787   0.0356126  0.677213  0.322787  -0.00880556  0.313415  0.0144055  0.272169  0.0830865  0.398428  0.210795  0.237133  0.0770427  0.346546  -0.098616  0.278755  -0.098616  0.278755
2801  0.0787942  0.686436  0.313563   0.0111881  0.676351  0.323649   0.0247097  0.612825  0.387175   0.00323765  0.643796  0.356204   0.0391354  0.633548  0.366452   0.0396588  0.738627  0.261373   0.0396588  0.738627  0.261373  -0.00810498  0.321836  0.0541788  0.279779  0.0628483  0.410147  0.19823  0.23089  0.0743623  0.355268  -0.0943784  0.286862  -0.0943784  0.286862
2901  0.0849368  0.674578  0.325422   0.0129501  0.657681  0.342319   0.0256143  0.685463  0.314537   0.00509425  0.702496  0.297504   0.0436586  0.67921  0.32079   0.0412782  0.669679  0.330321   0.0412782  0.669679  0.330321  -0.00757899  0.308401  0.0292454  0.278652  0.0782703  0.381915  0.144019  0.158269  0.0713405  0.33004  -0.0901409  0.285764  -0.0901409  0.285764
3001  0.0659872  0.586019  0.413981   0.0094269  0.689117  0.310883   0.0226626  0.576565  0.423435   0.00180902  0.409318  0.590682   0.0338985  0.59894  0.40106   0.0320887  0.572369  0.427631   0.0320887  0.572369  0.427631  -0.0171873  0.320688  0.0180305  0.280909  0.0249184  0.434762  0.185865  0.196025  0.0395619  0.367198  -0.0765557  0.272031  -0.0765557  0.272031
3101  0.0724154  0.655092  0.344908   0.0092365  0.640326  0.359674   0.0252336  0.649689  0.350311   0.00599902  0.716054  0.283946   0.0404691  0.65739  0.34261   0.0319464  0.652181  0.347819   0.0319464  0.652181  0.347819  -0.00309049  0.289134  0.0972438  0.252691  0.0125055  0.383493  0.209182  0.210766  0.0564285  0.329165  -0.0653565  0.247256  -0.0653565  0.247256
3201  0.0757961  0.648943  0.351057   0.00952182  0.611109  0.38889   0.0273288  0.6599  0.3401   0.00371343  0.78062  0.21938   0.0405641  0.659498  0.340501   0.035232  0.636791  0.363209   0.035232  0.636791  0.363209  0.00241359  0.292094  0.0786888  0.243234  0.00416311  0.376184  0.20875  0.198205  0.0460469  0.320715  -0.0432335  0.262153  -0.0432335  0.262153
3301  0.0754619  0.650088  0.349912   0.00842688  0.644385  0.355615   0.0255664  0.670285  0.329714   0.0067611  0.795774  0.204226   0.0407544  0.685748  0.314251   0.0347075  0.608214  0.391786   0.0347075  0.608214  0.391786  -0.00948722  0.294901  -0.00162623  0.249897  0.0226611  0.400638  0.154136  0.199741  0.0294091  0.337838  -0.0501787  0.249982  -0.0501787  0.249982
3401  0.0772703  0.681759  0.318241   0.00837933  0.604166  0.395834   0.031851  0.7659  0.234099   0.00414177  0.649406  0.350594   0.0443721  0.724484  0.275515   0.0328983  0.624133  0.375867   0.0328983  0.624133  0.375867  -0.0152911  0.270617  0.00121327  0.258235  0.02673  0.336888  0.173215  0.205806  0.0346797  0.301418  -0.0675681  0.238394  -0.0675681  0.238394
3501  0.0858406  0.688143  0.311857   0.0132353  0.652275  0.347725   0.0245192  0.671949  0.328051   0.00566528  0.71568  0.28432   0.0434197  0.671658  0.328342   0.0424209  0.705015  0.294984   0.0424209  0.705015  0.294984  -0.0163325  0.287763  0.0144765  0.271725  0.0549213  0.353996  0.165752  0.19315  0.0550296  0.314451  -0.0909883  0.259843  -0.0909883  0.259843
3601  0.0799847  0.684788  0.315212   0.011569  0.719927  0.280073   0.0215673  0.612585  0.387415   0.00380893  0.762511  0.237489   0.0369452  0.661655  0.338345   0.0430395  0.704645  0.295355   0.0430395  0.704645  0.295355  0.0139867  0.288242  0.126764  0.257935  0.0590913  0.359955  0.197171  0.23229  0.0922139  0.318308  -0.067851  0.256789  -0.067851  0.256789
3701  0.0726541  0.647156  0.352845   0.0134735  0.687667  0.312333   0.0239008  0.610009  0.389991   0.00471356  0.749155  0.250845   0.0420878  0.650453  0.349547   0.0305663  0.642615  0.357385   0.0305663  0.642615  0.357385  0.00223163  0.293971  0.112111  0.246183  0.0534726  0.371349  0.222012  0.228323  0.0872064  0.321653  -0.0866651  0.265012  -0.0866651  0.265012
3801  0.0847455  0.680401  0.319599   0.0105694  0.677178  0.322822   0.0281846  0.676983  0.323017   0.00561808  0.694933  0.305066   0.0443722  0.679302  0.320698   0.0403734  0.681609  0.318391   0.0403734  0.681609  0.318391  0.0191507  0.301468  0.0939419  0.275366  0.0582935  0.370291  0.171908  0.219699  0.0799497  0.328266  -0.0444545  0.273433  -0.0444545  0.273433
3901  0.0714625  0.642943  0.357057   0.0107597  0.751722  0.248278   0.0184256  0.561166  0.438834   0.00352279  0.594572  0.405428   0.0327081  0.62745  0.37255   0.0387544  0.65602  0.34398   0.0387544  0.65602  0.34398  0.017178  0.307939  0.0446691  0.248921  0.0216516  0.388922  0.142313  0.210399  0.040504  0.331427  -0.00722468  0.283367  -0.00722468  0.283367
4001  0.0723675  0.655118  0.344881   0.0114269  0.715748  0.284252   0.0251862  0.680425  0.319575   0.00347551  0.649163  0.350836   0.0400886  0.687783  0.312217   0.0322789  0.614551  0.385449   0.0322789  0.614551  0.385449  0.0242465  0.304878  0.0373517  0.252766  0.0738344  0.394214  0.22731  0.239917  0.0794397  0.338808  -0.0334941  0.269382  -0.0334941  0.269382
4101  0.0657497  0.616022  0.383977   0.0133307  0.670636  0.329364   0.0238046  0.679999  0.320001   0.000999771  0.066138  0.933862   0.0381351  0.660633  0.339367   0.0276146  0.554416  0.445583   0.0276146  0.554416  0.445583  0.00177895  0.310753  -0.0542903  0.314796  0.078747  0.38056  0.209539  0.264152  0.0550387  0.350201  -0.053939  0.269485  -0.053939  0.269485
4201  0.0762229  0.662882  0.337118   0.0151398  0.74039  0.25961   0.0220434  0.718143  0.281857   0.00352299  0.618603  0.381397   0.0407062  0.717802  0.282197   0.0355167  0.599936  0.400063   0.0355167  0.599936  0.400063  0.0128108  0.298797  0.0257534  0.278756  0.00785024  0.370425  0.224798  0.209856  0.0351854  0.328282  -0.0105964  0.267952  -0.0105964  0.267952
4301  0.0733201  0.631028  0.368972   0.0111885  0.665017  0.334983   0.0205682  0.62475  0.37525   0.00352324  0.594618  0.405382   0.0352799  0.634511  0.365489   0.0380402  0.627797  0.372203   0.0380402  0.627797  0.372203  0.0400903  0.321154  -0.0258816  0.370756  0.112828  0.395307  0.261516  0.19894  0.0893768  0.368233  -0.0114709  0.271903  -0.0114709  0.271903
4401  0.0845077  0.683849  0.316151   0.0106641  0.666652  0.333348   0.0264234  0.708409  0.291591   0.00390401  0.745259  0.254741   0.0409915  0.701056  0.298944   0.0435162  0.667642  0.332358   0.0435162  0.667642  0.332358  0.0503031  0.312558  0.0356935  0.331255  0.112575  0.396962  0.24588  0.211765  0.104816  0.359538  -0.00672564  0.26341  -0.00672564  0.26341
4501  0.085651  0.685353  0.314648   0.014854  0.704411  0.295589   0.0277565  0.684295  0.315705   0.00438007  0.654599  0.345401   0.0469905  0.687886  0.312114   0.0386605  0.682273  0.317727   0.0386605  0.682273  0.317727  0.00768224  0.304746  0.0385369  0.311757  0.0556511  0.396633  0.205048  0.185602  0.0662483  0.351194  -0.0535868  0.256155  -0.0535868  0.256155
4601  0.0733206  0.634781  0.365219   0.012093  0.622493  0.377507   0.0227109  0.592489  0.407511   0.00466548  0.75396  0.24604   0.0394694  0.620768  0.379232   0.0338513  0.65112  0.34888   0.0338513  0.65112  0.34888  0.0213596  0.313077  0.0835989  0.280851  0.0718107  0.394191  0.19679  0.199247  0.08797  0.342455  -0.0483252  0.282343  -0.0483252  0.282343
4701  0.0717482  0.63662  0.36338   0.00956995  0.742125  0.257875   0.0233294  0.65352  0.346479   0.0045706  0.528928  0.471071   0.0374699  0.660952  0.339047   0.0342783  0.610023  0.389977   0.0342783  0.610023  0.389977  0.029725  0.313662  0.0447475  0.303058  0.0303846  0.378817  0.232821  0.223142  0.0552368  0.341624  0.00303577  0.284409  0.00303577  0.284409
4801  0.0773199  0.669545  0.330455   0.00947465  0.567014  0.432985   0.0288045  0.678514  0.321486   0.00423728  0.691013  0.308987   0.0425165  0.654912  0.345088   0.0348034  0.68742  0.31258   0.0348034  0.68742  0.31258  -0.00117415  0.303298  0.0548964  0.281416  0.0349605  0.379909  0.196136  0.25185  0.0571224  0.339206  -0.0621613  0.265732  -0.0621613  0.265732
4901  0.0745079  0.642415  0.357585   0.0108069  0.573893  0.426107   0.0212338  0.611354  0.388646   0.0051415  0.755139  0.244861   0.0371821  0.620348  0.379651   0.0373258  0.664397  0.335603   0.0373258  0.664397  0.335603  0.0163687  0.304292  0.125795  0.324204  0.0302354  0.397103  0.187878  0.217839  0.0731639  0.358281  -0.0430477  0.247811  -0.0430477  0.247811
