0.01  0.000487945  0.000531126  0.00068034  0.000615164  0.000458856
0.02  0.000487945  0.000531126  0.00068034  0.000615164  0.000458856
0.03  0.000487945  0.000531126  0.00068034  0.000615164  0.000458856
0.04  0.000487945  0.000531126  0.00068034  0.000615164  0.000458856
0.05  0.000487945  0.000531126  0.00068034  0.000615164  0.000458856
0.06  0.000487945  0.000531126  0.00068034  0.000615164  0.000458856
0.07  0.000487945  0.000531126  0.00068034  0.000615164  0.000458856
0.08  0.000487945  0.000531126  0.00068034  0.000615164  0.000458856
0.09  0.000487945  0.000531126  0.00068034  0.000615164  0.000458856
0.1  0.000487945  0.000531126  0.00068034  0.000615164  0.000458856
0.11  0.000487945  0.000531126  0.00068034  0.000615164  0.000458856
0.12  0.000487945  0.000531126  0.00068034  0.000615164  0.000458856
0.13  0.000487945  0.000531126  0.00068034  0.000615164  0.000458856
0.14  0.000487945  0.000531126  0.00068034  0.000615164  0.000458856
0.15  0.000487945  0.000531126  0.00068034  0.000615164  0.000458856
0.16  0.000487945  0.000531126  0.00068034  0.000615164  0.000458856
0.17  0.000487945  0.000531126  0.00068034  0.000615164  0.000458856
0.18  0.000487945  0.000531126  0.00068034  0.000615164  0.000458856
0.19  0.000487945  0.000531126  0.00068034  0.000615164  0.000458856
0.2  0.000487945  0.000531126  0.00068034  0.000615164  0.000458856
0.21  0.000487945  0.000531126  0.00068034  0.000615164  0.000458856
0.22  0.000487945  0.000531126  0.00068034  0.000615164  0.000458856
0.23  0.000487945  0.000531126  0.00068034  0.000615164  0.000458856
0.24  0.000487945  0.000531126  0.00068034  0.000615164  0.000458856
0.25  0.000487945  0.000531126  0.00068034  0.000615164  0.000458856
0.26  0.000487945  0.000531126  0.00068034  0.000615164  0.000458856
0.27  0.000487945  0.000531126  0.00068034  0.000615164  0.000458856
0.28  0.000487945  0.000531126  0.00068034  0.000615164  0.000458856
0.29  0.000487945  0.000531126  0.00068034  0.000615164  0.000458856
0.3  0.000487945  0.000531126  0.00068034  0.000615164  0.000458856
0.31  0.000487945  0.000531126  0.00068034  0.000615164  0.000458856
0.32  0.000487945  0.000531126  0.00068034  0.000615164  0.000458856
0.33  0.000487945  0.000531126  0.00068034  0.000615164  0.000458856
0.34  0.000487945  0.000531126  0.00068034  0.000615164  0.000458856
0.35  0.000487945  0.000531126  0.00068034  0.000615164  0.000458856
0.36  0.000487945  0.000531126  0.00068034  0.000615164  0.000458856
0.37  0.000487945  0.000531126  0.00068034  0.000615164  0.000458856
0.38  0.000487945  0.000531126  0.00068034  0.000615164  0.000458856
0.39  0.000487945  0.000531126  0.00068034  0.000615164  0.000458856
0.4  0.000487945  0.000531126  0.00068034  0.000615164  0.000458856
0.41  0.000487945  0.000531126  0.00068034  0.000615164  0.000458856
0.42  0.000487945  0.000531126  0.00068034  0.000615164  0.000458856
0.43  0.000487945  0.000531126  0.00068034  0.000615164  0.000458856
0.44  0.000487945  0.000531126  0.00068034  0.000615164  0.000458856
0.45  0.000487945  0.000531126  0.00068034  0.000615164  0.000458856
0.46  0.000487945  0.000531126  0.00068034  0.000615164  0.000458856
0.47  0.000487945  0.000531126  0.00068034  0.000615164  0.000458856
0.48  0.000487945  0.000531126  0.00068034  0.000615164  0.000458856
0.49  0.000487945  0.000531126  0.00068034  0.000615164  0.000458856
0.5  0.000487945  0.000531126  0.00068034  0.000615164  0.000458856
0.51  0.000487945  0.000531126  0.00068034  0.000615164  0.000458856
0.52  0.000487945  0.000531126  0.00068034  0.000615164  0.000458856
0.53  0.000487945  0.000531126  0.00068034  0.000615164  0.000458856
0.54  0.000487945  0.000531126  0.00068034  0.000615164  0.000458856
0.55  0.000487945  0.000531126  0.00068034  0.000615164  0.000458856
0.56  0.000487945  0.000531126  0.00068034  0.000615164  0.000458856
0.57  0.000487945  0.000531126  0.00068034  0.000615164  0.000458856
0.58  0.000487945  0.000531126  0.00068034  0.000615164  0.000458856
0.59  0.000487945  0.000531126  0.00068034  0.000615164  0.000458856
0.6  0.000487945  0.000531126  0.00068034  0.000615164  0.000458856
0.61  0.000487945  0.000531126  0.00068034  0.000615164  0.000458856
0.62  0.000487945  0.000531126  0.00068034  0.000615164  0.000458856
0.63  0.000487945  0.000531126  0.00068034  0.000615164  0.000458856
0.64  0.000487945  0.000531126  0.00068034  0.000615164  0.000458856
0.65  0.000487945  0.000531126  0.00068034  0.000615164  0.000458856
0.66  0.000487945  0.000531126  0.00068034  0.000615164  0.000458856
0.67  0.000487945  0.000531126  0.00068034  0.000615164  0.000458856
0.68  0.000487945  0.000531126  0.00068034  0.000615164  0.000458856
0.69  0.000487945  0.000531126  0.00068034  0.000615164  0.000458856
0.7  0.000487945  0.000531126  0.00068034  0.000615164  0.000458856
0.71  0.000487945  0.000531126  0.00068034  0.000615164  0.000458856
0.72  0.000487945  0.000531126  0.00068034  0.000615164  0.000458856
0.73  0.000487945  0.000531126  0.00068034  0.000615164  0.000458856
0.74  0.000487945  0.000531126  0.00068034  0.000615164  0.000458856
0.75  0.000487945  0.000531126  0.00068034  0.000615164  0.000458856
0.76  0.000487945  0.000531126  0.00068034  0.000615164  0.000458856
0.77  0.000487945  0.000531126  0.00068034  0.000615164  0.000458856
0.78  0.000487945  0.000531126  0.00068034  0.000615164  0.000458856
0.79  0.000487945  0.000531126  0.00068034  0.000615164  0.000458856
0.8  0.000487945  0.000531126  0.00068034  0.000615164  0.000458856
0.81  0.000487945  0.000531126  0.00068034  0.000615164  0.000458856
0.82  0.000487945  0.000531126  0.00068034  0.000615164  0.000458856
0.83  0.000487945  0.000531126  0.00068034  0.000615164  0.000458856
0.84  0.000487945  0.000531126  0.00068034  0.000615164  0.000458856
0.85  0.000487945  0.000531126  0.00068034  0.000615164  0.000458856
0.86  0.000487945  0.000531126  0.00068034  0.000615164  0.000458856
0.87  0.000487945  0.000531126  0.00068034  0.000615164  0.000458856
0.88  0.000487945  0.000531126  0.00068034  0.000615164  0.000458856
0.89  0.000487945  0.000531126  0.00068034  0.000615164  0.000458856
0.9  0.000487945  0.000531126  0.00068034  0.000615164  0.000458856
0.91  0.000487945  0.000531126  0.00068034  0.000615164  0.000458856
0.92  0.000487945  0.000531126  0.00068034  0.000615164  0.000458856
0.93  0.000487945  0.000531126  0.00068034  0.000615164  0.000458856
0.94  0.000487945  0.000531126  0.00068034  0.000615164  0.000458856
0.95  0.000487945  0.000531126  0.00068034  0.000615164  0.000458856
0.96  0.000487945  0.000531126  0.00068034  0.000615164  0.000458856
0.97  0.000487945  0.000531126  0.00068034  0.000615164  0.000458856
0.98  0.000487945  0.000531126  0.00068034  0.000615164  0.000458856
0.99  0.000487945  0.000531126  0.00068034  0.000615164  0.000458856
1  0.000487945  0.000531126  0.00068034  0.000615164  0.000458856
1.01  0.000487945  0.000531126  0.00068034  0.000615164  0.000458856
1.02  0.000487945  0.000531126  0.00068034  0.000615164  0.000458856
1.03  0.000487945  0.000531126  0.00068034  0.000615164  0.000458856
1.04  0.000487945  0.000531126  0.00068034  0.000615164  0.000458856
1.05  0.000487945  0.000531126  0.00068034  0.000615164  0.000458856
1.06  0.000487945  0.000531126  0.00068034  0.000615164  0.000458856
1.07  0.000487945  0.000531126  0.00068034  0.000615164  0.000458856
1.08  0.000487945  0.000531126  0.00068034  0.000615164  0.000458856
1.09  0.000487945  0.000531126  0.00068034  0.000615164  0.000458856
1.1  0.000487945  0.000531126  0.00068034  0.000615164  0.000458856
1.11  0.000487945  0.000531126  0.00068034  0.000615164  0.000458856
1.12  0.000487945  0.000531126  0.00068034  0.000615164  0.000458856
1.13  0.000487945  0.000531126  0.00068034  0.000615164  0.000458856
1.14  0.000487945  0.000531126  0.00068034  0.000615164  0.000458856
1.15  0.000487945  0.000531126  0.00068034  0.000615164  0.000458856
1.16  0.000487945  0.000531126  0.00068034  0.000615164  0.000458856
1.17  0.000487945  0.000531126  0.00068034  0.000615164  0.000458856
1.18  0.000487945  0.000531126  0.00068034  0.000615164  0.000458856
1.19  0.000487945  0.000531126  0.00068034  0.000615164  0.000458856
1.2  0.000487945  0.000531126  0.00068034  0.000615164  0.000458856
1.21  0.000487945  0.000531126  0.00068034  0.000615164  0.000458856
1.22  0.000487945  0.000531126  0.00068034  0.000615164  0.000458856
1.23  0.000487945  0.000531126  0.00068034  0.000615164  0.000458856
1.24  0.000487945  0.000531126  0.00068034  0.000615164  0.000458856
1.25  0.000487945  0.000531126  0.00068034  0.000615164  0.000458856
1.26  0.000487945  0.000531126  0.00068034  0.000615164  0.000458856
1.27  0.000487945  0.000531126  0.00068034  0.000615164  0.000458856
1.28  0.000487945  0.000531126  0.00068034  0.000615164  0.000458856
1.29  0.000487945  0.000531126  0.00068034  0.000615164  0.000458856
1.3  0.000487945  0.000531126  0.00068034  0.000615164  0.000458856
1.31  0.000487945  0.000531126  0.00068034  0.000615164  0.000458856
1.32  0.000487945  0.000531126  0.00068034  0.000615164  0.000458856
1.33  0.000487945  0.000531126  0.00068034  0.000615164  0.000458856
1.34  0.000487945  0.000531126  0.00068034  0.000615164  0.000458856
1.35  0.000487945  0.000531126  0.00068034  0.000615164  0.000458856
1.36  0.000487945  0.000531126  0.00068034  0.000615164  0.000458856
1.37  0.000487945  0.000531126  0.00068034  0.000615164  0.000458856
1.38  0.000487945  0.000531126  0.00068034  0.000615164  0.000458856
1.39  0.000487945  0.000531126  0.00068034  0.000615164  0.000458856
1.4  0.000487945  0.000531126  0.00068034  0.000615164  0.000458856
1.41  0.000487945  0.000531126  0.00068034  0.000615164  0.000458856
1.42  0.000487945  0.000531126  0.00068034  0.000615164  0.000458856
1.43  0.000487945  0.000531126  0.00068034  0.000615164  0.000458856
1.44  0.000487945  0.000531126  0.00068034  0.000615164  0.000458856
1.45  0.000487945  0.000531126  0.00068034  0.000615164  0.000458856
1.46  0.000487945  0.000531126  0.00068034  0.000615164  0.000458856
1.47  0.000487945  0.000531126  0.00068034  0.000615164  0.000458856
1.48  0.000487945  0.000531126  0.00068034  0.000615164  0.000458856
1.49  0.000487945  0.000531126  0.00068034  0.000615164  0.000458856
1.5  0.000487945  0.000531126  0.00068034  0.000615164  0.000458856
1.51  0.000487945  0.000531126  0.00068034  0.000615164  0.000458856
1.52  0.000487945  0.000531126  0.00068034  0.000615164  0.000458856
1.53  0.000487945  0.000531126  0.00068034  0.000615164  0.000458856
1.54  0.000487945  0.000531126  0.00068034  0.000615164  0.000458856
1.55  0.000487945  0.000531126  0.00068034  0.000615164  0.000458856
1.56  0.000487945  0.000531126  0.00068034  0.000615164  0.000458856
1.57  0.000487945  0.000531126  0.00068034  0.000615164  0.000458856
1.58  0.000487945  0.000531126  0.00068034  0.000615164  0.000458856
1.59  0.000487945  0.000531126  0.00068034  0.000615164  0.000458856
1.6  0.000487945  0.000531126  0.00068034  0.000615164  0.000458856
1.61  0.000487945  0.000531126  0.00068034  0.000615164  0.000458856
1.62  0.000487945  0.000531126  0.00068034  0.000615164  0.000458856
1.63  0.000487945  0.000531126  0.00068034  0.000615164  0.000458856
1.64  0.000487945  0.000531126  0.00068034  0.000615164  0.000458856
1.65  0.000487945  0.000531126  0.00068034  0.000615164  0.000458856
1.66  0.000487945  0.000531126  0.00068034  0.000615164  0.000458856
1.67  0.000487945  0.000531126  0.00068034  0.000615164  0.000458856
1.68  0.000487945  0.000531126  0.00068034  0.000615164  0.000458856
1.69  0.000487945  0.000531126  0.00068034  0.000615164  0.000458856
1.7  0.000487945  0.000531126  0.00068034  0.000615164  0.000458856
1.71  0.000487945  0.000531126  0.00068034  0.000615164  0.000458856
1.72  0.000487945  0.000531126  0.00068034  0.000615164  0.000458856
1.73  0.000487945  0.000531126  0.00068034  0.000615164  0.000458856
1.74  0.000487945  0.000531126  0.00068034  0.000615164  0.000458856
1.75  0.000487945  0.000531126  0.00068034  0.000615164  0.000458856
1.76  0.000487945  0.000531126  0.00068034  0.000615164  0.000458856
1.77  0.000487945  0.000531126  0.00068034  0.000615164  0.000458856
1.78  0.000487945  0.000531126  0.00068034  0.000615164  0.000458856
1.79  0.000487945  0.000531126  0.00068034  0.000615164  0.000458856
1.8  0.000487945  0.000531126  0.00068034  0.000615164  0.000458856
1.81  0.000487945  0.000531126  0.00068034  0.000615164  0.000458856
1.82  0.000487945  0.000531126  0.00068034  0.000615164  0.000458856
1.83  0.000487945  0.000531126  0.00068034  0.000615164  0.000458856
1.84  0.000487945  0.000531126  0.00068034  0.000615164  0.000458856
1.85  0.000487945  0.000531126  0.00068034  0.000615164  0.000458856
1.86  0.000487945  0.000531126  0.00068034  0.000615164  0.000458856
1.87  0.000487945  0.000531126  0.00068034  0.000615164  0.000458856
1.88  0.000487945  0.000531126  0.00068034  0.000615164  0.000458856
1.89  0.000487945  0.000531126  0.00068034  0.000615164  0.000458856
1.9  0.000487945  0.000531126  0.00068034  0.000615164  0.000458856
1.91  0.000487945  0.000531126  0.00068034  0.000615164  0.000458856
1.92  0.000487945  0.000531126  0.00068034  0.000615164  0.000458856
1.93  0.000487945  0.000531126  0.00068034  0.000615164  0.000458856
1.94  0.000487945  0.000531126  0.00068034  0.000615164  0.000458856
1.95  0.000487945  0.000531126  0.00068034  0.000615164  0.000458856
1.96  0.000487945  0.000531126  0.00068034  0.000615164  0.000458856
1.97  0.000487945  0.000531126  0.00068034  0.000615164  0.000458856
1.98  0.000487945  0.000531126  0.00068034  0.000615164  0.000458856
1.99  0.000487945  0.000531126  0.00068034  0.000615164  0.000458856
2  0.000487945  0.000531126  0.00068034  0.000615164  0.000458856
2.01  0.000487945  0.000531126  0.00068034  0.000615164  0.000458856
2.02  0.000487945  0.000531126  0.00068034  0.000615164  0.000458856
2.03  0.000487945  0.000531126  0.00068034  0.000615164  0.000458856
2.04  0.000487945  0.000531126  0.00068034  0.000615164  0.000458856
2.05  0.000487945  0.000531126  0.00068034  0.000615164  0.000458856
2.06  0.000487945  0.000531126  0.00068034  0.000615164  0.000458856
2.07  0.000487945  0.000531126  0.00068034  0.000615164  0.000458856
2.08  0.000487945  0.000531126  0.00068034  0.000615164  0.000458856
2.09  0.000487945  0.000531126  0.00068034  0.000615164  0.000458856
2.1  0.000487945  0.000531126  0.00068034  0.000615164  0.000458856
2.11  0.000487945  0.000531126  0.00068034  0.000615164  0.000458856
2.12  0.000487945  0.000531126  0.00068034  0.000615164  0.000458856
2.13  0.000487945  0.000531126  0.00068034  0.000615164  0.000458856
2.14  0.000487945  0.000531126  0.00068034  0.000615164  0.000458856
2.15  0.000487945  0.000531126  0.00068034  0.000615164  0.000458856
2.16  0.000487945  0.000531126  0.00068034  0.000615164  0.000458856
2.17  0.000487945  0.000531126  0.00068034  0.000615164  0.000458856
2.18  0.000487945  0.000531126  0.00068034  0.000615164  0.000458856
2.19  0.000487945  0.000531126  0.00068034  0.000615164  0.000458856
2.2  0  0  0  0  0
2.21  0  0  0  0  0
2.22  0  0  0  0  0
2.23  0  0  0  0  0
2.24  0  0  0  0  0
2.25  0  0  0  0  0
2.26  0  0  0  0  0
2.27  0  0  0  0  0
2.28  0  0  0  0  0
2.29  0  0  0  0  0
2.3  0  0  0  0  0
2.31  0  0  0  0  0
2.32  0  0  0  0  0
2.33  0  0  0  0  0
2.34  0  0  0  0  0
2.35  0  0  0  0  0
2.36  0  0  0  0  0
2.37  0  0  0  0  0
2.38  0  0  0  0  0
2.39  3.22076e-06  1.83147e-05  0  0  2.01253e-06
2.4  1.93246e-05  3.66294e-05  0  0.000153791  1.40877e-05
2.41  2.57661e-05  3.66294e-05  2.001e-05  0.000153791  2.01253e-05
2.42  3.22076e-05  3.66294e-05  6.003e-05  0.000153791  2.41503e-05
2.43  5.79737e-05  5.4944e-05  0.00012006  0.000205055  4.62881e-05
2.44  0.000106285  0.000109888  0.00018009  0.000256318  9.25762e-05
2.45  0.000154597  0.000128203  0.00018009  0.000358846  0.000146914
2.46  0.000238336  0.000128203  0.00024012  0.000461373  0.000241503
2.47  0.000347842  0.000256406  0.00028014  0.0005639  0.000356217
2.48  0.000454127  0.00031135  0.00038019  0.000615164  0.000470931
2.49  0.000605503  0.000384608  0.00054027  0.000717691  0.000631933
2.5  0.000805191  0.000567755  0.00072036  0.000871482  0.000837211
2.51  0.00106929  0.000805846  0.00094047  0.00128159  0.00110286
2.52  0.0013334  0.00102562  0.00106053  0.0016917  0.00138059
2.53  0.00160072  0.00120877  0.00130065  0.00189675  0.00166235
2.54  0.00196789  0.00157506  0.00170085  0.00220434  0.00202863
2.55  0.00243168  0.00203293  0.00232116  0.00271697  0.00247541
2.56  0.00301141  0.00252743  0.0030015  0.00358846  0.00304294
2.57  0.00358793  0.00285709  0.00350175  0.00399856  0.00366078
2.58  0.00422564  0.00335159  0.00402201  0.00497257  0.00431284
2.59  0.00495353  0.00424901  0.00470235  0.005639  0.0050293
2.6  0.00570719  0.00492665  0.0054027  0.00640796  0.00579607
2.61  0.00646085  0.0054944  0.00614307  0.0067668  0.006587
2.62  0.00732401  0.00624531  0.00706353  0.00763828  0.00745641
2.63  0.00821939  0.00681306  0.00778389  0.00881735  0.00839425
2.64  0.00909543  0.00758228  0.00838419  0.00994515  0.00929988
2.65  0.0100166  0.00833318  0.00930465  0.011278  0.0102236
2.66  0.0108894  0.00915734  0.00986493  0.0118932  0.0111434
2.67  0.011701  0.00983498  0.0106853  0.0129184  0.0119604
2.68  0.0125094  0.0106958  0.0115258  0.0135849  0.0127655
2.69  0.0131955  0.0112452  0.0118459  0.0144563  0.013496
2.7  0.0138847  0.0115932  0.0128064  0.0152253  0.0141923
2.71  0.014371  0.012106  0.0133067  0.0154816  0.0146834
2.72  0.0148703  0.0122525  0.0135868  0.016148  0.0152368
2.73  0.0152632  0.0131133  0.0137069  0.0160455  0.0156253
2.74  0.0156593  0.0134063  0.0141671  0.0163531  0.0160298
2.75  0.0157914  0.0139008  0.0141071  0.0159943  0.0161606
2.76  0.0160104  0.0140657  0.0141871  0.016148  0.0164021
2.77  0.0161231  0.0144686  0.0142471  0.0156354  0.0165128
2.78  0.0160426  0.0144686  0.0142471  0.0152766  0.0164262
2.79  0.0160684  0.0143953  0.0145473  0.0153278  0.0164343
2.8  0.0160684  0.0147616  0.0141271  0.0148665  0.0164544
2.81  0.016136  0.0149082  0.0142271  0.014969  0.0165088
2.82  0.0161038  0.0154026  0.0144272  0.0144051  0.0164162
2.83  0.0159814  0.0151646  0.0148674  0.0144051  0.0162451
2.84  0.0158139  0.0150364  0.0147074  0.0137899  0.0160901
2.85  0.0155788  0.0145419  0.0145873  0.0135336  0.0158728
2.86  0.0149991  0.0143404  0.013987  0.0128672  0.015257
2.87  0.0145514  0.0138459  0.0136468  0.0129184  0.014784
2.88  0.0142583  0.0135346  0.0131866  0.0126621  0.0145083
2.89  0.0138622  0.0132965  0.0128664  0.0118932  0.0141018
2.9  0.0132663  0.0126921  0.0125663  0.011278  0.0134779
2.91  0.0126125  0.0120877  0.0118859  0.0108166  0.0128138
2.92  0.0120746  0.0115016  0.0112856  0.0105603  0.0122764
2.93  0.0115851  0.0113368  0.0105053  0.010304  0.0117713
2.94  0.0109023  0.0107324  0.00994497  0.00984262  0.0110588
2.95  0.0104095  0.0105309  0.00928464  0.00943251  0.0105476
2.96  0.00990384  0.0101097  0.00890445  0.00907367  0.0100143
2.97  0.00948192  0.00968847  0.00854427  0.0084585  0.00959371
2.98  0.00907611  0.00941375  0.00816408  0.00835597  0.00915901
2.99  0.00854146  0.00866284  0.00744372  0.00799713  0.0086599
3  0.00816141  0.00842475  0.00698349  0.00774081  0.00826746
3.01  0.00780069  0.00825992  0.00658329  0.00763828  0.00787904
3.02  0.00736588  0.007857  0.00608304  0.00712565  0.00745037
3.03  0.00697295  0.00719767  0.00588294  0.00651048  0.00707604
3.04  0.00661545  0.00699621  0.00552276  0.00599785  0.00670775
3.05  0.00630947  0.00628194  0.00536268  0.00548521  0.00644008
3.06  0.00610012  0.00571418  0.00518259  0.00497257  0.00627908
3.07  0.00573618  0.00531126  0.00478239  0.00481878  0.00591481
3.08  0.00534324  0.00487171  0.00472236  0.00415236  0.00550426
3.09  0.00503083  0.0047435  0.00452226  0.00399856  0.00515408
3.1  0.00470875  0.00437721  0.00430215  0.0039473  0.00481597
3.11  0.00445754  0.00395597  0.00412206  0.00353719  0.00458252
3.12  0.00417411  0.00375451  0.00402201  0.00312708  0.00427662
3.13  0.00388746  0.00344316  0.00368184  0.00292203  0.00399486
3.14  0.00374253  0.00329664  0.00358179  0.00307582  0.00383386
3.15  0.00349131  0.0033699  0.00328164  0.0028195  0.00355211
3.16  0.0032884  0.00327833  0.00326163  0.00287076  0.00330859
3.17  0.00317889  0.00326001  0.00308154  0.00276824  0.00319589
3.18  0.00300819  0.00302192  0.00264132  0.00261445  0.00305904
3.19  0.00283427  0.00289372  0.00268134  0.00220434  0.00286785
3.2  0.00266357  0.00265563  0.0024012  0.00184549  0.00272295
3.21  0.00252186  0.00267394  0.00222111  0.00184549  0.00256195
3.22  0.00238658  0.00238091  0.00208104  0.0016917  0.00244522
3.23  0.00226742  0.00238091  0.00198099  0.00164044  0.00230837
3.24  0.00211604  0.00216113  0.00182091  0.00153791  0.00216347
3.25  0.00197755  0.00192304  0.00172086  0.00148665  0.00202863
3.26  0.0018616  0.00183147  0.00158079  0.00133285  0.00191391
3.27  0.00173599  0.00177652  0.00156078  0.00117906  0.00177102
3.28  0.0016909  0.00170327  0.00154077  0.00123033  0.00172272
3.29  0.00168768  0.00170327  0.00144072  0.00133285  0.00172473
3.3  0.00162648  0.00170327  0.0014007  0.00133285  0.00165228
3.31  0.00160072  0.00146517  0.00142071  0.00123033  0.00164826
3.32  0.00149443  0.00141023  0.00128064  0.00123033  0.00153556
3.33  0.00145901  0.00128203  0.00114057  0.00107654  0.00152549
3.34  0.00139459  0.00133697  0.00106053  0.000974009  0.00145103
3.35  0.00138493  0.0013736  0.00110055  0.00102527  0.00142889
3.36  0.0013495  0.00139192  0.00116058  0.000974009  0.00137858
3.37  0.0012883  0.00135529  0.0012006  0.000922746  0.00130412
3.38  0.00121745  0.00139192  0.00116058  0.000717691  0.00122362
3.39  0.00111438  0.00131866  0.00104052  0.000666427  0.00111695
3.4  0.00108218  0.00122708  0.00098049  0.000615164  0.00109481
3.41  0.00101132  0.0012454  0.00092046  0.000666427  0.00100828
3.42  0.00100488  0.00131866  0.00094047  0.000820218  0.000984125
3.43  0.000946904  0.00133697  0.00104052  0.000871482  0.000897587
3.44  0.00088893  0.00119045  0.00098049  0.000717691  0.000853311
3.45  0.00084384  0.00108057  0.00092046  0.000615164  0.000819098
3.46  0.000737555  0.000952364  0.0008004  0.0005639  0.000714447
3.47  0.000660256  0.000842475  0.00064032  0.0005639  0.000646021
3.48  0.000566854  0.000732587  0.0006003  0.0005639  0.000545395
3.49  0.000492777  0.00058607  0.00054027  0.000512636  0.000476969
3.5  0.000492777  0.00058607  0.00054027  0.000512636  0.000476969
3.51  0.000492777  0.00058607  0.00054027  0.000512636  0.000476969
3.52  0.000492777  0.00058607  0.00054027  0.000512636  0.000476969
3.53  0.000492777  0.00058607  0.00054027  0.000512636  0.000476969
3.54  0.000492777  0.00058607  0.00054027  0.000512636  0.000476969
3.55  0.000492777  0.00058607  0.00054027  0.000512636  0.000476969
3.56  0.000492777  0.00058607  0.00054027  0.000512636  0.000476969
3.57  0.000492777  0.00058607  0.00054027  0.000512636  0.000476969
3.58  0.000492777  0.00058607  0.00054027  0.000512636  0.000476969
3.59  0.000492777  0.00058607  0.00054027  0.000512636  0.000476969
3.6  0.000492777  0.00058607  0.00054027  0.000512636  0.000476969
3.61  0.000492777  0.00058607  0.00054027  0.000512636  0.000476969
3.62  0.000492777  0.00058607  0.00054027  0.000512636  0.000476969
3.63  0.000492777  0.00058607  0.00054027  0.000512636  0.000476969
3.64  0.000492777  0.00058607  0.00054027  0.000512636  0.000476969
3.65  0.000492777  0.00058607  0.00054027  0.000512636  0.000476969
3.66  0.000492777  0.00058607  0.00054027  0.000512636  0.000476969
3.67  0.000492777  0.00058607  0.00054027  0.000512636  0.000476969
3.68  0.000492777  0.00058607  0.00054027  0.000512636  0.000476969
3.69  0.000492777  0.00058607  0.00054027  0.000512636  0.000476969
3.7  0.000492777  0.00058607  0.00054027  0.000512636  0.000476969
3.71  0.000492777  0.00058607  0.00054027  0.000512636  0.000476969
3.72  0.000492777  0.00058607  0.00054027  0.000512636  0.000476969
3.73  0.000492777  0.00058607  0.00054027  0.000512636  0.000476969
3.74  0.000492777  0.00058607  0.00054027  0.000512636  0.000476969
3.75  0.000492777  0.00058607  0.00054027  0.000512636  0.000476969
3.76  0.000492777  0.00058607  0.00054027  0.000512636  0.000476969
3.77  0.000492777  0.00058607  0.00054027  0.000512636  0.000476969
3.78  0.000492777  0.00058607  0.00054027  0.000512636  0.000476969
3.79  0.000492777  0.00058607  0.00054027  0.000512636  0.000476969
3.8  0.000492777  0.00058607  0.00054027  0.000512636  0.000476969
3.81  0.000492777  0.00058607  0.00054027  0.000512636  0.000476969
3.82  0.000492777  0.00058607  0.00054027  0.000512636  0.000476969
3.83  0.000492777  0.00058607  0.00054027  0.000512636  0.000476969
3.84  0.000492777  0.00058607  0.00054027  0.000512636  0.000476969
3.85  0.000492777  0.00058607  0.00054027  0.000512636  0.000476969
3.86  0.000492777  0.00058607  0.00054027  0.000512636  0.000476969
3.87  0.000492777  0.00058607  0.00054027  0.000512636  0.000476969
3.88  0.000492777  0.00058607  0.00054027  0.000512636  0.000476969
3.89  0.000492777  0.00058607  0.00054027  0.000512636  0.000476969
3.9  0.000492777  0.00058607  0.00054027  0.000512636  0.000476969
3.91  0.000492777  0.00058607  0.00054027  0.000512636  0.000476969
3.92  0.000492777  0.00058607  0.00054027  0.000512636  0.000476969
3.93  0.000492777  0.00058607  0.00054027  0.000512636  0.000476969
3.94  0.000492777  0.00058607  0.00054027  0.000512636  0.000476969
3.95  0.000492777  0.00058607  0.00054027  0.000512636  0.000476969
3.96  0.000492777  0.00058607  0.00054027  0.000512636  0.000476969
3.97  0.000492777  0.00058607  0.00054027  0.000512636  0.000476969
3.98  0.000492777  0.00058607  0.00054027  0.000512636  0.000476969
3.99  0.000492777  0.00058607  0.00054027  0.000512636  0.000476969
4  0.000492777  0.00058607  0.00054027  0.000512636  0.000476969
4.01  0.000492777  0.00058607  0.00054027  0.000512636  0.000476969
4.02  0.000492777  0.00058607  0.00054027  0.000512636  0.000476969
4.03  0.000492777  0.00058607  0.00054027  0.000512636  0.000476969
4.04  0.000492777  0.00058607  0.00054027  0.000512636  0.000476969
4.05  0.000492777  0.00058607  0.00054027  0.000512636  0.000476969
4.06  0.000492777  0.00058607  0.00054027  0.000512636  0.000476969
4.07  0.000492777  0.00058607  0.00054027  0.000512636  0.000476969
4.08  0.000492777  0.00058607  0.00054027  0.000512636  0.000476969
4.09  0.000492777  0.00058607  0.00054027  0.000512636  0.000476969
4.1  0.000492777  0.00058607  0.00054027  0.000512636  0.000476969
4.11  0.000492777  0.00058607  0.00054027  0.000512636  0.000476969
4.12  0.000492777  0.00058607  0.00054027  0.000512636  0.000476969
4.13  0.000492777  0.00058607  0.00054027  0.000512636  0.000476969
4.14  0.000492777  0.00058607  0.00054027  0.000512636  0.000476969
4.15  0.000492777  0.00058607  0.00054027  0.000512636  0.000476969
4.16  0.000492777  0.00058607  0.00054027  0.000512636  0.000476969
4.17  0.000492777  0.00058607  0.00054027  0.000512636  0.000476969
4.18  0.000492777  0.00058607  0.00054027  0.000512636  0.000476969
4.19  0.000492777  0.00058607  0.00054027  0.000512636  0.000476969
4.2  0.000492777  0.00058607  0.00054027  0.000512636  0.000476969
4.21  0.000492777  0.00058607  0.00054027  0.000512636  0.000476969
4.22  0.000492777  0.00058607  0.00054027  0.000512636  0.000476969
4.23  0.000492777  0.00058607  0.00054027  0.000512636  0.000476969
4.24  0.000492777  0.00058607  0.00054027  0.000512636  0.000476969
4.25  0.000492777  0.00058607  0.00054027  0.000512636  0.000476969
4.26  0.000492777  0.00058607  0.00054027  0.000512636  0.000476969
4.27  0.000492777  0.00058607  0.00054027  0.000512636  0.000476969
4.28  0.000492777  0.00058607  0.00054027  0.000512636  0.000476969
4.29  0.000492777  0.00058607  0.00054027  0.000512636  0.000476969
4.3  0.000492777  0.00058607  0.00054027  0.000512636  0.000476969
4.31  0.000492777  0.00058607  0.00054027  0.000512636  0.000476969
4.32  0.000492777  0.00058607  0.00054027  0.000512636  0.000476969
4.33  0.000492777  0.00058607  0.00054027  0.000512636  0.000476969
4.34  0.000492777  0.00058607  0.00054027  0.000512636  0.000476969
4.35  0.000492777  0.00058607  0.00054027  0.000512636  0.000476969
4.36  0.000492777  0.00058607  0.00054027  0.000512636  0.000476969
4.37  0.000492777  0.00058607  0.00054027  0.000512636  0.000476969
4.38  0.000492777  0.00058607  0.00054027  0.000512636  0.000476969
4.39  0.000492777  0.00058607  0.00054027  0.000512636  0.000476969
4.4  0.000492777  0.00058607  0.00054027  0.000512636  0.000476969
4.41  0.000492777  0.00058607  0.00054027  0.000512636  0.000476969
4.42  0.000492777  0.00058607  0.00054027  0.000512636  0.000476969
4.43  0.000492777  0.00058607  0.00054027  0.000512636  0.000476969
4.44  0.000492777  0.00058607  0.00054027  0.000512636  0.000476969
4.45  0.000492777  0.00058607  0.00054027  0.000512636  0.000476969
4.46  0.000492777  0.00058607  0.00054027  0.000512636  0.000476969
4.47  0.000492777  0.00058607  0.00054027  0.000512636  0.000476969
4.48  0.000492777  0.00058607  0.00054027  0.000512636  0.000476969
4.49  0.000492777  0.00058607  0.00054027  0.000512636  0.000476969
4.5  0.000492777  0.00058607  0.00054027  0.000512636  0.000476969
4.51  0.000492777  0.00058607  0.00054027  0.000512636  0.000476969
4.52  0.000492777  0.00058607  0.00054027  0.000512636  0.000476969
4.53  0.000492777  0.00058607  0.00054027  0.000512636  0.000476969
4.54  0.000492777  0.00058607  0.00054027  0.000512636  0.000476969
4.55  0.000492777  0.00058607  0.00054027  0.000512636  0.000476969
4.56  0.000492777  0.00058607  0.00054027  0.000512636  0.000476969
4.57  0.000492777  0.00058607  0.00054027  0.000512636  0.000476969
4.58  0.000492777  0.00058607  0.00054027  0.000512636  0.000476969
4.59  0.000492777  0.00058607  0.00054027  0.000512636  0.000476969
4.6  0.000492777  0.00058607  0.00054027  0.000512636  0.000476969
4.61  0.000492777  0.00058607  0.00054027  0.000512636  0.000476969
4.62  0.000492777  0.00058607  0.00054027  0.000512636  0.000476969
4.63  0.000492777  0.00058607  0.00054027  0.000512636  0.000476969
4.64  0.000492777  0.00058607  0.00054027  0.000512636  0.000476969
4.65  0.000492777  0.00058607  0.00054027  0.000512636  0.000476969
4.66  0.000492777  0.00058607  0.00054027  0.000512636  0.000476969
4.67  0.000492777  0.00058607  0.00054027  0.000512636  0.000476969
4.68  0.000492777  0.00058607  0.00054027  0.000512636  0.000476969
4.69  0.000492777  0.00058607  0.00054027  0.000512636  0.000476969
4.7  0.000492777  0.00058607  0.00054027  0.000512636  0.000476969
4.71  0.000492777  0.00058607  0.00054027  0.000512636  0.000476969
4.72  0.000492777  0.00058607  0.00054027  0.000512636  0.000476969
4.73  0.000492777  0.00058607  0.00054027  0.000512636  0.000476969
4.74  0.000492777  0.00058607  0.00054027  0.000512636  0.000476969
4.75  0.000492777  0.00058607  0.00054027  0.000512636  0.000476969
4.76  0.000492777  0.00058607  0.00054027  0.000512636  0.000476969
4.77  0.000492777  0.00058607  0.00054027  0.000512636  0.000476969
4.78  0.000492777  0.00058607  0.00054027  0.000512636  0.000476969
4.79  0.000492777  0.00058607  0.00054027  0.000512636  0.000476969
4.8  0.000492777  0.00058607  0.00054027  0.000512636  0.000476969
4.81  0.000492777  0.00058607  0.00054027  0.000512636  0.000476969
4.82  0.000492777  0.00058607  0.00054027  0.000512636  0.000476969
4.83  0.000492777  0.00058607  0.00054027  0.000512636  0.000476969
4.84  0.000492777  0.00058607  0.00054027  0.000512636  0.000476969
4.85  0.000492777  0.00058607  0.00054027  0.000512636  0.000476969
4.86  0.000492777  0.00058607  0.00054027  0.000512636  0.000476969
4.87  0.000492777  0.00058607  0.00054027  0.000512636  0.000476969
4.88  0.000492777  0.00058607  0.00054027  0.000512636  0.000476969
4.89  0.000492777  0.00058607  0.00054027  0.000512636  0.000476969
4.9  0.000492777  0.00058607  0.00054027  0.000512636  0.000476969
4.91  0.000492777  0.00058607  0.00054027  0.000512636  0.000476969
4.92  0.000492777  0.00058607  0.00054027  0.000512636  0.000476969
4.93  0.000492777  0.00058607  0.00054027  0.000512636  0.000476969
4.94  0.000492777  0.00058607  0.00054027  0.000512636  0.000476969
4.95  0.000492777  0.00058607  0.00054027  0.000512636  0.000476969
4.96  0.000492777  0.00058607  0.00054027  0.000512636  0.000476969
4.97  0.000492777  0.00058607  0.00054027  0.000512636  0.000476969
4.98  0.000492777  0.00058607  0.00054027  0.000512636  0.000476969
4.99  0.000492777  0.00058607  0.00054027  0.000512636  0.000476969
5  0.000492777  0.00058607  0.00054027  0.000512636  0.000476969
5.01  0.000492777  0.00058607  0.00054027  0.000512636  0.000476969
5.02  0.000492777  0.00058607  0.00054027  0.000512636  0.000476969
5.03  0.000492777  0.00058607  0.00054027  0.000512636  0.000476969
5.04  0.000492777  0.00058607  0.00054027  0.000512636  0.000476969
5.05  0.000492777  0.00058607  0.00054027  0.000512636  0.000476969
5.06  0.000492777  0.00058607  0.00054027  0.000512636  0.000476969
5.07  0.000492777  0.00058607  0.00054027  0.000512636  0.000476969
5.08  0.000492777  0.00058607  0.00054027  0.000512636  0.000476969
5.09  0.000492777  0.00058607  0.00054027  0.000512636  0.000476969
5.1  0.000492777  0.00058607  0.00054027  0.000512636  0.000476969
5.11  0.000492777  0.00058607  0.00054027  0.000512636  0.000476969
5.12  0.000492777  0.00058607  0.00054027  0.000512636  0.000476969
5.13  0.000492777  0.00058607  0.00054027  0.000512636  0.000476969
5.14  0.000492777  0.00058607  0.00054027  0.000512636  0.000476969
5.15  0.000492777  0.00058607  0.00054027  0.000512636  0.000476969
5.16  0.000492777  0.00058607  0.00054027  0.000512636  0.000476969
5.17  0.000492777  0.00058607  0.00054027  0.000512636  0.000476969
5.18  0.000492777  0.00058607  0.00054027  0.000512636  0.000476969
5.19  0.000492777  0.00058607  0.00054027  0.000512636  0.000476969
5.2  0.000492777  0.00058607  0.00054027  0.000512636  0.000476969
5.21  0.000492777  0.00058607  0.00054027  0.000512636  0.000476969
5.22  0.000492777  0.00058607  0.00054027  0.000512636  0.000476969
5.23  0.000492777  0.00058607  0.00054027  0.000512636  0.000476969
5.24  0.000492777  0.00058607  0.00054027  0.000512636  0.000476969
5.25  0.000492777  0.00058607  0.00054027  0.000512636  0.000476969
5.26  0.000492777  0.00058607  0.00054027  0.000512636  0.000476969
5.27  0.000492777  0.00058607  0.00054027  0.000512636  0.000476969
5.28  0.000492777  0.00058607  0.00054027  0.000512636  0.000476969
5.29  0.000492777  0.00058607  0.00054027  0.000512636  0.000476969
5.3  0.000492777  0.00058607  0.00054027  0.000512636  0.000476969
5.31  0.000492777  0.00058607  0.00054027  0.000512636  0.000476969
5.32  0.000492777  0.00058607  0.00054027  0.000512636  0.000476969
5.33  0.000492777  0.00058607  0.00054027  0.000512636  0.000476969
5.34  0.000492777  0.00058607  0.00054027  0.000512636  0.000476969
5.35  0.000492777  0.00058607  0.00054027  0.000512636  0.000476969
5.36  0.000492777  0.00058607  0.00054027  0.000512636  0.000476969
5.37  0.000492777  0.00058607  0.00054027  0.000512636  0.000476969
5.38  0.000492777  0.00058607  0.00054027  0.000512636  0.000476969
5.39  0.000492777  0.00058607  0.00054027  0.000512636  0.000476969
5.4  0.000492777  0.00058607  0.00054027  0.000512636  0.000476969
5.41  0.000492777  0.00058607  0.00054027  0.000512636  0.000476969
5.42  0.000492777  0.00058607  0.00054027  0.000512636  0.000476969
5.43  0.000492777  0.00058607  0.00054027  0.000512636  0.000476969
5.44  0.000492777  0.00058607  0.00054027  0.000512636  0.000476969
5.45  0.000492777  0.00058607  0.00054027  0.000512636  0.000476969
5.46  0.000492777  0.00058607  0.00054027  0.000512636  0.000476969
5.47  0.000492777  0.00058607  0.00054027  0.000512636  0.000476969
5.48  0.000492777  0.00058607  0.00054027  0.000512636  0.000476969
5.49  0.000492777  0.00058607  0.00054027  0.000512636  0.000476969
5.5  0.000492777  0.00058607  0.00054027  0.000512636  0.000476969
5.51  0.000492777  0.00058607  0.00054027  0.000512636  0.000476969
5.52  0.000492777  0.00058607  0.00054027  0.000512636  0.000476969
5.53  0.000492777  0.00058607  0.00054027  0.000512636  0.000476969
5.54  0.000492777  0.00058607  0.00054027  0.000512636  0.000476969
5.55  0.000492777  0.00058607  0.00054027  0.000512636  0.000476969
5.56  0.000492777  0.00058607  0.00054027  0.000512636  0.000476969
5.57  0.000492777  0.00058607  0.00054027  0.000512636  0.000476969
5.58  0.000492777  0.00058607  0.00054027  0.000512636  0.000476969
5.59  0.000492777  0.00058607  0.00054027  0.000512636  0.000476969
5.6  0.000492777  0.00058607  0.00054027  0.000512636  0.000476969
5.61  0.000492777  0.00058607  0.00054027  0.000512636  0.000476969
5.62  0.000492777  0.00058607  0.00054027  0.000512636  0.000476969
5.63  0.000492777  0.00058607  0.00054027  0.000512636  0.000476969
5.64  0.000492777  0.00058607  0.00054027  0.000512636  0.000476969
5.65  0.000492777  0.00058607  0.00054027  0.000512636  0.000476969
5.66  0.000492777  0.00058607  0.00054027  0.000512636  0.000476969
5.67  0.000492777  0.00058607  0.00054027  0.000512636  0.000476969
5.68  0.000492777  0.00058607  0.00054027  0.000512636  0.000476969
5.69  0.000492777  0.00058607  0.00054027  0.000512636  0.000476969
5.7  0.000492777  0.00058607  0.00054027  0.000512636  0.000476969
5.71  0.000492777  0.00058607  0.00054027  0.000512636  0.000476969
5.72  0.000492777  0.00058607  0.00054027  0.000512636  0.000476969
5.73  0.000492777  0.00058607  0.00054027  0.000512636  0.000476969
5.74  0.000492777  0.00058607  0.00054027  0.000512636  0.000476969
5.75  0.000492777  0.00058607  0.00054027  0.000512636  0.000476969
5.76  0.000492777  0.00058607  0.00054027  0.000512636  0.000476969
5.77  0.000492777  0.00058607  0.00054027  0.000512636  0.000476969
5.78  0.000492777  0.00058607  0.00054027  0.000512636  0.000476969
5.79  0.000492777  0.00058607  0.00054027  0.000512636  0.000476969
5.8  0.000492777  0.00058607  0.00054027  0.000512636  0.000476969
5.81  0.000492777  0.00058607  0.00054027  0.000512636  0.000476969
5.82  0.000492777  0.00058607  0.00054027  0.000512636  0.000476969
5.83  0.000492777  0.00058607  0.00054027  0.000512636  0.000476969
5.84  0.000492777  0.00058607  0.00054027  0.000512636  0.000476969
5.85  0.000492777  0.00058607  0.00054027  0.000512636  0.000476969
5.86  0.000492777  0.00058607  0.00054027  0.000512636  0.000476969
5.87  0.000492777  0.00058607  0.00054027  0.000512636  0.000476969
5.88  0.000492777  0.00058607  0.00054027  0.000512636  0.000476969
5.89  0.000492777  0.00058607  0.00054027  0.000512636  0.000476969
5.9  0.000492777  0.00058607  0.00054027  0.000512636  0.000476969
5.91  0.000492777  0.00058607  0.00054027  0.000512636  0.000476969
5.92  0.000492777  0.00058607  0.00054027  0.000512636  0.000476969
5.93  0.000492777  0.00058607  0.00054027  0.000512636  0.000476969
5.94  0.000492777  0.00058607  0.00054027  0.000512636  0.000476969
5.95  0.000492777  0.00058607  0.00054027  0.000512636  0.000476969
5.96  0.000492777  0.00058607  0.00054027  0.000512636  0.000476969
5.97  0.000492777  0.00058607  0.00054027  0.000512636  0.000476969
5.98  0.000492777  0.00058607  0.00054027  0.000512636  0.000476969
5.99  0.000492777  0.00058607  0.00054027  0.000512636  0.000476969
6  0.000492777  0.00058607  0.00054027  0.000512636  0.000476969
6.01  0.000492777  0.00058607  0.00054027  0.000512636  0.000476969
6.02  0.000492777  0.00058607  0.00054027  0.000512636  0.000476969
6.03  0.000492777  0.00058607  0.00054027  0.000512636  0.000476969
6.04  0.000492777  0.00058607  0.00054027  0.000512636  0.000476969
6.05  0.000492777  0.00058607  0.00054027  0.000512636  0.000476969
6.06  0.000492777  0.00058607  0.00054027  0.000512636  0.000476969
6.07  0.000492777  0.00058607  0.00054027  0.000512636  0.000476969
6.08  0.000492777  0.00058607  0.00054027  0.000512636  0.000476969
6.09  0.000492777  0.00058607  0.00054027  0.000512636  0.000476969
6.1  0.000492777  0.00058607  0.00054027  0.000512636  0.000476969
6.11  0.000492777  0.00058607  0.00054027  0.000512636  0.000476969
6.12  0.000492777  0.00058607  0.00054027  0.000512636  0.000476969
6.13  0.000492777  0.00058607  0.00054027  0.000512636  0.000476969
6.14  0.000492777  0.00058607  0.00054027  0.000512636  0.000476969
6.15  0.000492777  0.00058607  0.00054027  0.000512636  0.000476969
6.16  0.000492777  0.00058607  0.00054027  0.000512636  0.000476969
6.17  0.000492777  0.00058607  0.00054027  0.000512636  0.000476969
6.18  0.000492777  0.00058607  0.00054027  0.000512636  0.000476969
6.19  0.000492777  0.00058607  0.00054027  0.000512636  0.000476969
6.2  0.000492777  0.00058607  0.00054027  0.000512636  0.000476969
6.21  0.000492777  0.00058607  0.00054027  0.000512636  0.000476969
6.22  0.000492777  0.00058607  0.00054027  0.000512636  0.000476969
6.23  0.000492777  0.00058607  0.00054027  0.000512636  0.000476969
6.24  0.000492777  0.00058607  0.00054027  0.000512636  0.000476969
6.25  0.000492777  0.00058607  0.00054027  0.000512636  0.000476969
6.26  0.000492777  0.00058607  0.00054027  0.000512636  0.000476969
6.27  0.000492777  0.00058607  0.00054027  0.000512636  0.000476969
6.28  0.000492777  0.00058607  0.00054027  0.000512636  0.000476969
6.29  0.000492777  0.00058607  0.00054027  0.000512636  0.000476969
6.3  0.000492777  0.00058607  0.00054027  0.000512636  0.000476969
6.31  0.000492777  0.00058607  0.00054027  0.000512636  0.000476969
6.32  0.000492777  0.00058607  0.00054027  0.000512636  0.000476969
6.33  0.000492777  0.00058607  0.00054027  0.000512636  0.000476969
6.34  0.000492777  0.00058607  0.00054027  0.000512636  0.000476969
6.35  0.000492777  0.00058607  0.00054027  0.000512636  0.000476969
6.36  0.000492777  0.00058607  0.00054027  0.000512636  0.000476969
6.37  0.000492777  0.00058607  0.00054027  0.000512636  0.000476969
6.38  0.000492777  0.00058607  0.00054027  0.000512636  0.000476969
6.39  0.000492777  0.00058607  0.00054027  0.000512636  0.000476969
6.4  0.000492777  0.00058607  0.00054027  0.000512636  0.000476969
6.41  0.000492777  0.00058607  0.00054027  0.000512636  0.000476969
6.42  0.000492777  0.00058607  0.00054027  0.000512636  0.000476969
6.43  0.000492777  0.00058607  0.00054027  0.000512636  0.000476969
6.44  0.000492777  0.00058607  0.00054027  0.000512636  0.000476969
6.45  0.000492777  0.00058607  0.00054027  0.000512636  0.000476969
6.46  0.000492777  0.00058607  0.00054027  0.000512636  0.000476969
6.47  0.000492777  0.00058607  0.00054027  0.000512636  0.000476969
6.48  0.000492777  0.00058607  0.00054027  0.000512636  0.000476969
6.49  0.000492777  0.00058607  0.00054027  0.000512636  0.000476969
6.5  0.000492777  0.00058607  0.00054027  0.000512636  0.000476969
6.51  0.000492777  0.00058607  0.00054027  0.000512636  0.000476969
6.52  0.000492777  0.00058607  0.00054027  0.000512636  0.000476969
6.53  0.000492777  0.00058607  0.00054027  0.000512636  0.000476969
6.54  0.000492777  0.00058607  0.00054027  0.000512636  0.000476969
6.55  0.000492777  0.00058607  0.00054027  0.000512636  0.000476969
6.56  0.000492777  0.00058607  0.00054027  0.000512636  0.000476969
6.57  0.000492777  0.00058607  0.00054027  0.000512636  0.000476969
6.58  0.000492777  0.00058607  0.00054027  0.000512636  0.000476969
6.59  0.000492777  0.00058607  0.00054027  0.000512636  0.000476969
6.6  0.000492777  0.00058607  0.00054027  0.000512636  0.000476969
6.61  0.000492777  0.00058607  0.00054027  0.000512636  0.000476969
6.62  0.000492777  0.00058607  0.00054027  0.000512636  0.000476969
6.63  0.000492777  0.00058607  0.00054027  0.000512636  0.000476969
6.64  0.000492777  0.00058607  0.00054027  0.000512636  0.000476969
6.65  0.000492777  0.00058607  0.00054027  0.000512636  0.000476969
6.66  0.000492777  0.00058607  0.00054027  0.000512636  0.000476969
6.67  0.000492777  0.00058607  0.00054027  0.000512636  0.000476969
6.68  0.000492777  0.00058607  0.00054027  0.000512636  0.000476969
6.69  0.000492777  0.00058607  0.00054027  0.000512636  0.000476969
6.7  0.000492777  0.00058607  0.00054027  0.000512636  0.000476969
6.71  0.000492777  0.00058607  0.00054027  0.000512636  0.000476969
6.72  0.000492777  0.00058607  0.00054027  0.000512636  0.000476969
6.73  0.000492777  0.00058607  0.00054027  0.000512636  0.000476969
6.74  0.000492777  0.00058607  0.00054027  0.000512636  0.000476969
6.75  0.000492777  0.00058607  0.00054027  0.000512636  0.000476969
6.76  0.000492777  0.00058607  0.00054027  0.000512636  0.000476969
6.77  0.000492777  0.00058607  0.00054027  0.000512636  0.000476969
6.78  0.000492777  0.00058607  0.00054027  0.000512636  0.000476969
6.79  0.000492777  0.00058607  0.00054027  0.000512636  0.000476969
6.8  0.000492777  0.00058607  0.00054027  0.000512636  0.000476969
6.81  0.000492777  0.00058607  0.00054027  0.000512636  0.000476969
6.82  0.000492777  0.00058607  0.00054027  0.000512636  0.000476969
6.83  0.000492777  0.00058607  0.00054027  0.000512636  0.000476969
6.84  0.000492777  0.00058607  0.00054027  0.000512636  0.000476969
6.85  0.000492777  0.00058607  0.00054027  0.000512636  0.000476969
6.86  0.000492777  0.00058607  0.00054027  0.000512636  0.000476969
6.87  0.000492777  0.00058607  0.00054027  0.000512636  0.000476969
6.88  0.000492777  0.00058607  0.00054027  0.000512636  0.000476969
6.89  0.000492777  0.00058607  0.00054027  0.000512636  0.000476969
6.9  0.000492777  0.00058607  0.00054027  0.000512636  0.000476969
6.91  0.000492777  0.00058607  0.00054027  0.000512636  0.000476969
6.92  0.000492777  0.00058607  0.00054027  0.000512636  0.000476969
6.93  0.000492777  0.00058607  0.00054027  0.000512636  0.000476969
6.94  0.000492777  0.00058607  0.00054027  0.000512636  0.000476969
6.95  0.000492777  0.00058607  0.00054027  0.000512636  0.000476969
6.96  0.000492777  0.00058607  0.00054027  0.000512636  0.000476969
6.97  0.000492777  0.00058607  0.00054027  0.000512636  0.000476969
6.98  0.000492777  0.00058607  0.00054027  0.000512636  0.000476969
6.99  0.000492777  0.00058607  0.00054027  0.000512636  0.000476969
7  0.000492777  0.00058607  0.00054027  0.000512636  0.000476969
7.01  0.000492777  0.00058607  0.00054027  0.000512636  0.000476969
7.02  0.000492777  0.00058607  0.00054027  0.000512636  0.000476969
7.03  0.000492777  0.00058607  0.00054027  0.000512636  0.000476969
7.04  0.000492777  0.00058607  0.00054027  0.000512636  0.000476969
7.05  0.000492777  0.00058607  0.00054027  0.000512636  0.000476969
7.06  0.000492777  0.00058607  0.00054027  0.000512636  0.000476969
7.07  0.000492777  0.00058607  0.00054027  0.000512636  0.000476969
7.08  0.000492777  0.00058607  0.00054027  0.000512636  0.000476969
7.09  0.000492777  0.00058607  0.00054027  0.000512636  0.000476969
7.1  0.000492777  0.00058607  0.00054027  0.000512636  0.000476969
7.11  0.000492777  0.00058607  0.00054027  0.000512636  0.000476969
7.12  0.000492777  0.00058607  0.00054027  0.000512636  0.000476969
7.13  0.000492777  0.00058607  0.00054027  0.000512636  0.000476969
7.14  0.000492777  0.00058607  0.00054027  0.000512636  0.000476969
7.15  0.000492777  0.00058607  0.00054027  0.000512636  0.000476969
7.16  0.000492777  0.00058607  0.00054027  0.000512636  0.000476969
7.17  0.000492777  0.00058607  0.00054027  0.000512636  0.000476969
7.18  0.000492777  0.00058607  0.00054027  0.000512636  0.000476969
7.19  0.000492777  0.00058607  0.00054027  0.000512636  0.000476969
7.2  0.000492777  0.00058607  0.00054027  0.000512636  0.000476969
7.21  0.000492777  0.00058607  0.00054027  0.000512636  0.000476969
7.22  0.000492777  0.00058607  0.00054027  0.000512636  0.000476969
7.23  0.000492777  0.00058607  0.00054027  0.000512636  0.000476969
7.24  0.000492777  0.00058607  0.00054027  0.000512636  0.000476969
7.25  0.000492777  0.00058607  0.00054027  0.000512636  0.000476969
7.26  0.000492777  0.00058607  0.00054027  0.000512636  0.000476969
7.27  0.000492777  0.00058607  0.00054027  0.000512636  0.000476969
7.28  0.000492777  0.00058607  0.00054027  0.000512636  0.000476969
7.29  0.000492777  0.00058607  0.00054027  0.000512636  0.000476969
7.3  0.000492777  0.00058607  0.00054027  0.000512636  0.000476969
7.31  0.000492777  0.00058607  0.00054027  0.000512636  0.000476969
7.32  0.000492777  0.00058607  0.00054027  0.000512636  0.000476969
7.33  0.000492777  0.00058607  0.00054027  0.000512636  0.000476969
7.34  0.000492777  0.00058607  0.00054027  0.000512636  0.000476969
7.35  0.000492777  0.00058607  0.00054027  0.000512636  0.000476969
7.36  0.000492777  0.00058607  0.00054027  0.000512636  0.000476969
7.37  0.000492777  0.00058607  0.00054027  0.000512636  0.000476969
7.38  0.000492777  0.00058607  0.00054027  0.000512636  0.000476969
7.39  0.000492777  0.00058607  0.00054027  0.000512636  0.000476969
7.4  0.000492777  0.00058607  0.00054027  0.000512636  0.000476969
7.41  0.000492777  0.00058607  0.00054027  0.000512636  0.000476969
7.42  0.000492777  0.00058607  0.00054027  0.000512636  0.000476969
7.43  0.000492777  0.00058607  0.00054027  0.000512636  0.000476969
7.44  0.000492777  0.00058607  0.00054027  0.000512636  0.000476969
7.45  0.000492777  0.00058607  0.00054027  0.000512636  0.000476969
7.46  0.000492777  0.00058607  0.00054027  0.000512636  0.000476969
7.47  0.000492777  0.00058607  0.00054027  0.000512636  0.000476969
7.48  0.000492777  0.00058607  0.00054027  0.000512636  0.000476969
7.49  0.000492777  0.00058607  0.00054027  0.000512636  0.000476969
7.5  0.000492777  0.00058607  0.00054027  0.000512636  0.000476969
7.51  0.000492777  0.00058607  0.00054027  0.000512636  0.000476969
7.52  0.000492777  0.00058607  0.00054027  0.000512636  0.000476969
7.53  0.000492777  0.00058607  0.00054027  0.000512636  0.000476969
7.54  0.000492777  0.00058607  0.00054027  0.000512636  0.000476969
7.55  0.000492777  0.00058607  0.00054027  0.000512636  0.000476969
7.56  0.000492777  0.00058607  0.00054027  0.000512636  0.000476969
7.57  0.000492777  0.00058607  0.00054027  0.000512636  0.000476969
7.58  0.000492777  0.00058607  0.00054027  0.000512636  0.000476969
7.59  0.000492777  0.00058607  0.00054027  0.000512636  0.000476969
7.6  0.000492777  0.00058607  0.00054027  0.000512636  0.000476969
7.61  0.000492777  0.00058607  0.00054027  0.000512636  0.000476969
7.62  0.000492777  0.00058607  0.00054027  0.000512636  0.000476969
7.63  0.000492777  0.00058607  0.00054027  0.000512636  0.000476969
7.64  0.000492777  0.00058607  0.00054027  0.000512636  0.000476969
7.65  0.000492777  0.00058607  0.00054027  0.000512636  0.000476969
7.66  0.000492777  0.00058607  0.00054027  0.000512636  0.000476969
7.67  0.000492777  0.00058607  0.00054027  0.000512636  0.000476969
7.68  0.000492777  0.00058607  0.00054027  0.000512636  0.000476969
7.69  0.000492777  0.00058607  0.00054027  0.000512636  0.000476969
7.7  0.000492777  0.00058607  0.00054027  0.000512636  0.000476969
7.71  0.000492777  0.00058607  0.00054027  0.000512636  0.000476969
7.72  0.000492777  0.00058607  0.00054027  0.000512636  0.000476969
7.73  0.000492777  0.00058607  0.00054027  0.000512636  0.000476969
7.74  0.000492777  0.00058607  0.00054027  0.000512636  0.000476969
7.75  0.000492777  0.00058607  0.00054027  0.000512636  0.000476969
7.76  0.000492777  0.00058607  0.00054027  0.000512636  0.000476969
