0  0.00957845  -0.00098306  0.226622  0.174497  0.0278087  0.00444998  
100  0.000357445  -0.0240983  0.152542  0.0710596  -0.0046842  -0.00191541  
200  0.00922402  -0.0345484  0.184912  0.247864  0.00129964  0.0101021  
300  -8.31775e-05  -0.0364637  0.142894  0.241247  -0.00381597  0.00145974  
400  0.00450852  -0.0083596  0.199219  0.17879  0.0198353  0.00102528  
500  -0.00558086  -0.0600502  0.133695  0.280978  -0.0218521  -0.00538858  
600  0.00766034  -0.0226868  0.199467  0.243375  0.0121857  0.00735644  
700  0.0140795  -0.0240525  0.248076  0.155903  0.00823922  0.0146113  
800  -0.00462938  -0.0559679  0.229477  0.17274  -0.0192427  -0.00321862  
900  -0.00916214  -0.0412633  0.186698  0.241856  -0.00475756  -0.0126885  
1000  0.00223408  -0.007667  0.157061  0.255815  0.0229194  -0.0018016  
1100  -0.0167037  -0.0469189  0.169916  0.223891  -0.0120871  -0.0187141  
1200  -0.0181917  -0.0451951  0.235662  0.234508  -0.00515504  -0.0240125  
1300  -0.0134403  0.00975384  0.197013  0.172363  0.0347445  -0.0285211  
1400  -0.00321686  -0.00952898  0.237503  0.170879  0.0210025  -0.0138517  
1500  -0.000533111  -0.0105667  0.244593  0.168104  0.0204211  -0.011568  
1600  -0.00543891  -0.00652751  0.134602  0.179094  0.0168119  -0.0156336  
1700  -0.00468997  0.00490392  0.165449  0.245255  0.0335394  -0.0163086  
1800  -0.0127946  0.0101001  0.179144  0.191959  0.0351646  -0.026822  
1900  -0.00119523  0.0190788  0.198974  0.224662  0.046613  -0.0128257  
2000  -0.0104739  -0.00427113  0.204731  0.223474  0.0269251  -0.01931  
2100  0.00473016  0.0231999  0.186369  0.217681  0.0487464  -0.00612249  
2200  -0.00208943  0.00017583  0.168027  0.241328  0.0293904  -0.0117514  
2300  0.000986923  0.0243564  0.176014  0.149885  0.0441553  -0.0104474  
2400  0.00279147  0.0231509  0.143251  0.187673  0.0434811  -0.00562226  
2500  0.00158908  -0.0316431  0.238855  0.158841  0.00128422  -0.00252561  
2600  0.0068046  0.00640681  0.230578  0.171249  0.0341935  -0.00581994  
2700  0.00992997  0.0385108  0.23155  0.169458  0.0616527  -0.00592724  
2800  0.0133912  0.0211642  0.245045  0.120963  0.0442842  0.00106358  
2900  0.00856963  0.00221522  0.232984  0.140712  0.0285914  -0.00378179  
3000  0.00344901  -0.0022726  0.301579  0.164491  0.0313428  -0.00979981  
3100  -0.00171533  0.0105368  0.264378  0.155861  0.0390486  -0.0167662  
3200  -0.00575651  -0.0378055  0.287942  0.196999  0.00223383  -0.0141521  
3300  -0.0127388  -0.0557357  0.195072  0.247436  -0.0161657  -0.0171929  
3400  -0.00193627  -0.02248  0.306749  0.253337  0.0207376  -0.0163059  
3500  -0.00269145  -0.0100689  0.281082  0.176543  0.024057  -0.016737  
3600  0.00751796  0.0172274  0.235678  0.18531  0.0448369  -0.00475362  
3700  0.00733428  -0.00661628  0.232999  0.21001  0.0259724  -0.00134939  
3800  0.000961371  -0.00500169  0.136768  0.136959  0.0152648  -0.00473892  
3900  -0.00481754  0.000235451  0.191318  0.212895  0.0290742  -0.0160588  
4000  0.00127608  -0.0138656  0.113525  0.21399  0.0115091  -0.00159112  
4100  -0.0126703  -0.000903794  0.200002  0.181385  0.0264672  -0.0243632  
4200  -0.00130107  -0.00779258  0.161057  0.262654  0.0235858  -0.00825933  
4300  0.00519374  0.0198912  0.163382  0.241166  0.0459458  -0.00353224  
4400  -0.00436613  0.0167171  0.146018  0.25855  0.0432267  -0.0187317  
4500  -0.00034993  0.0107067  0.0625535  0.206134  0.0283692  -0.0113074  
4600  -0.00858398  -0.00387389  0.0514673  0.200142  0.0146516  -0.0171859  
4700  0.00236326  -0.0101636  0.191977  0.233658  0.0216909  -0.0095594  
4800  -0.00991664  -0.0371202  0.231153  0.137107  -0.00551311  -0.0189712  
4900  0.0172953  0.0104846  0.228651  0.225774  0.0414457  0.00685205  
