0 -4.3622 -8.75758 -3.63855   193.629 193.488 192.908 1.01224 1.13181 -1.27002 1.01156 1.13218 -1.26985
0  Mg  0  0  0  0.08  0.08  0.08
1.08525  7.37695
1  Mg  0  0  0  0.08  0.08  0.08
12.6689  3.84854
2  Mg  0  0  0  0.08  0.08  0.08
10.0321  12.6274
3  Mg  0  0  0  0.08  0.08  0.08
2.63206  4.88685
4  Mg  0  0  0  0.08  0.08  0.08
3.40536  13.8553
5  Cl  0  0  0  4  4  4
8.7849  2.59327
6  Cl  0  0  0  4  4  4
4.91502  10.0741
7  Cl  0  0  0  4  4  4
14.3093  15.7538
8  Cl  0  0  0  4  4  4
13.1915  6.83429
9  Cl  0  0  0  4  4  4
16.0652  7.52741
10  Cl  0  0  0  4  4  4
3.80123  12.9159
11  Cl  0  0  0  4  4  4
1.57039  4.00043
12  Cl  0  0  0  4  4  4
1.88026  7.19211
13  Cl  0  0  0  4  4  4
8.12351  14.2199
14  Cl  0  0  0  4  4  4
11.0856  3.43168
15  H2O  1.06378  1.60765  0.0934516  1.30689  1.21891  0.921503
5.64571  6.15594
16  H2O  -0.409584  0.224146  1.87267  1.12145  1.18036  1.14548
7.38479  6.31196
17  H2O  0.386482  -1.1152  -1.52704  1.35366  1.02483  1.0688
2.46471  12.222
18  H2O  -0.512263  1.78468  -0.526678  0.95892  1.17566  1.31272
12.9778  8.29559
19  H2O  1.87434  -0.443306  -0.123384  1.15335  1.18877  1.10518
6.69134  5.54057
20  H2O  -0.658372  -0.889166  1.5814  1.31847  0.968901  1.15993
6.02335  15.4833
21  H2O  -0.717033  -1.62835  -0.747822  1.17422  1.0882  1.18488
0.926377  10.7367
22  H2O  -0.713347  -0.107744  -1.79009  1.16378  1.13467  1.14886
5.64916  7.33107
23  H2O  1.53204  -0.941591  -0.700838  1.0836  1.03851  1.31909
13.9302  14.4081
24  H2O  -1.24741  -0.958962  1.1177  1.08405  1.08056  1.30764
11.7332  2.37806
25  H2O  -0.476288  0.633597  -1.75972  0.963358  1.29665  1.18729
7.816  12.3119
26  H2O  -0.582548  0.878333  -1.61681  1.28384  1.08906  1.0869
11.3745  5.46492
27  H2O  -0.425989  -1.76198  0.662453  1.04113  1.19424  1.21193
9.68921  8.8023
28  H2O  1.4391  -1.2184  0.411582  1.09128  1.18002  1.17599
11.9136  3.63658
29  H2O  1.5628  -0.101291  -1.12796  1.07506  1.37424  0.998005
8.26301  6.0889
30  H2O  -0.489335  0.558243  -1.78152  1.0313  1.28422  1.13178
2.94925  0.923834
31  H2O  -1.9168  -0.0656873  0.21552  1.15556  1.3726  0.91914
10.72  1.88467
32  H2O  1.90692  0.0336069  0.295704  1.16964  1.00156  1.30105
4.51321  4.95645
33  H2O  -1.79426  -0.688949  0.175681  1.15789  1.2571  1.03232
14.8803  0.785571
34  H2O  0.022361  -1.84567  0.56383  1.18651  1.15567  1.09902
1.1151  8.55119
35  H2O  0.754518  1.23547  -1.2764  1.31935  1.09345  1.0284
12.4847  8.22756
36  H2O  0.470675  -1.27529  -1.37004  1.32476  1.02857  1.11891
3.65073  13.3265
37  H2O  -1.19488  -1.25249  -0.853486  1.18058  1.27244  0.988177
14.5755  10.2471
38  H2O  1.67711  0.953217  -0.0598497  1.11102  0.997004  1.33927
4.53999  4.9735
39  H2O  -1.55671  -0.98201  0.580701  1.07347  1.11413  1.2597
8.7028  5.54452
40  H2O  1.23787  0.0681205  1.47917  1.27217  0.954823  1.24525
10.7273  13.5676
41  H2O  0.0815265  1.89804  -0.340162  0.960448  1.16576  1.32109
10.429  6.55801
42  H2O  1.48191  0.912174  -0.834741  1.21804  1.25312  0.976141
6.18354  9.37049
43  H2O  0.61245  1.6315  -0.829469  1.00476  1.12995  1.30649
9.50418  1.10869
44  H2O  -1.09734  0.41968  1.53121  1.29982  0.925547  1.22193
8.10213  14.8726
45  H2O  -0.796778  -1.24118  1.2448  0.956731  1.23443  1.25614
8.99336  10.099
46  H2O  -0.0666263  0.173367  1.92104  1.23649  1.05426  1.15655
11.9781  10.1578
47  H2O  -0.421346  0.543196  1.80341  1.06589  1.20151  1.1924
2.98749  14.4897
48  H2O  -0.568117  -1.80293  0.389339  0.950158  1.15974  1.3313
8.788  15.993
49  H2O  1.83337  0.0955447  0.595418  1.16582  0.999193  1.28229
5.05028  1.15262
50  H2O  -0.21141  -1.05953  1.59925  1.02253  1.21393  1.21083
0.325504  10.1903
51  H2O  0.913327  -1.1152  -1.28338  1.3175  1.06177  1.06193
7.63948  3.21268
52  H2O  -0.0842836  -0.357467  -1.89473  1.28296  1.01374  1.15059
3.95931  3.09074
53  H2O  0.687102  1.42964  1.09951  1.01273  1.1378  1.29677
16.0474  13.1222
54  H2O  1.28069  1.36309  -0.476148  1.02964  1.05699  1.35456
4.39463  8.71282
55  H2O  -1.15235  -1.22585  0.945662  1.28804  1.16617  0.993083
13.112  5.50979
56  H2O  -1.18839  1.28778  0.808858  1.13526  1.27399  1.03194
8.06692  15.568
57  H2O  0.94  -1.36946  -0.982797  1.24121  1.03885  1.16725
6.51877  4.96187
58  H2O  -0.0956095  -1.27993  -1.44137  1.3631  1.0225  1.05559
14.9191  7.63417
59  H2O  1.6019  0.0676961  1.07435  1.15282  1.12571  1.16877
14.1846  13.283
60  H2O  0.660891  1.79911  0.226569  0.980673  1.12664  1.33999
0.41377  14.7686
61  H2O  -1.50374  -0.103308  -1.2054  1.07222  1.38704  1.01298
0.689348  4.60195
62  H2O  -1.05705  -0.0581913  1.61374  1.3068  0.919817  1.22068
12.0573  13.2191
63  H2O  1.6989  -0.788286  -0.46609  1.18374  1.03896  1.2246
6.32881  10.6948
64  H2O  0.447744  -1.2092  -1.43606  1.11373  1.11606  1.21751
9.31891  6.30223
65  H2O  0.0651986  -0.455082  -1.87445  1.16297  1.11787  1.16036
4.4724  12.3336
66  H2O  0.657857  -1.56704  0.914617  0.974096  1.14809  1.31901
12.663  6.99809
67  H2O  -0.645598  -0.59138  -1.71999  0.97818  1.27882  1.1842
5.9534  2.11719
68  H2O  -1.53955  1.15748  0.122187  1.15985  1.19901  1.08235
2.68087  8.46937
69  H2O  -0.375914  -0.327676  1.86446  1.1017  1.19643  1.14307
15.4873  13.8611
70  H2O  -0.624244  0.985875  -1.53729  1.08762  1.25691  1.10278
11.4328  10.1796
71  H2O  0.610827  -1.81649  -0.22835  1.20087  1.14446  1.10197
11.1333  14.8397
72  H2O  1.88646  -0.17798  0.36674  1.14923  1.36161  0.936462
7.16009  1.8579
73  H2O  0.134964  1.33799  1.38437  1.35216  1.05069  1.04445
12.5612  12.6606
74  H2O  -0.359226  0.827479  -1.70621  0.936902  1.3463  1.18904
1.36689  14.5447
75  H2O  0.660296  -1.78953  0.294097  0.948211  1.14271  1.35638
14.8299  10.9176
76  H2O  1.36203  -0.700048  1.17461  1.06747  1.17338  1.2314
2.61679  6.71565
77  H2O  1.10734  -0.682189  -1.42594  1.0554  1.1686  1.22329
5.75027  3.8227
78  H2O  -1.69551  0.155984  -0.908735  1.11171  1.28431  1.04518
11.2371  0.668017
79  H2O  0.75108  1.15112  1.35488  1.00645  1.17349  1.26736
9.12532  4.06289
80  H2O  -0.383016  1.658  -0.910632  1.35639  1.09919  0.991718
4.62442  9.60186
81  H2O  -1.79006  0.659002  0.293784  1.13535  1.18302  1.12893
14.9115  6.3723
82  H2O  -0.55894  1.77837  -0.499902  0.949661  1.14269  1.35495
5.3297  7.66206
83  H2O  -0.437753  1.55596  1.05464  1.04467  1.1509  1.27667
4.09836  15.9745
84  H2O  -0.288591  -1.90824  -0.0153554  1.34656  1.16411  0.930526
8.14602  10.6476
85  H2O  1.42487  1.02166  -0.806761  1.24847  1.07618  1.13515
1.91465  9.41676
86  H2O  -1.82123  -0.631237  0.0978292  1.15241  1.04351  1.24528
6.91369  11.9423
87  H2O  0.894531  1.02144  -1.37163  0.981831  1.30872  1.15675
11.9699  10.6472
88  H2O  -0.958522  1.30025  -1.05617  1.29284  1.04381  1.10455
14.0277  2.63732
89  H2O  -1.52807  -1.17113  -0.13547  1.10775  1.11034  1.2292
12.2872  1.29039
90  H2O  -0.215303  1.62872  -1.01283  1.30442  1.12701  1.01586
3.31581  2.62345
91  H2O  -1.83782  -0.386744  -0.444694  1.18501  1.0053  1.28193
15.5862  8.40841
92  H2O  1.79306  -0.0990237  0.707133  1.12624  1.37427  0.946782
15.2645  10.475
93  H2O  0.143879  0.0165354  -1.92456  0.992309  1.29705  1.15794
4.80325  5.01187
94  H2O  -1.81136  -0.15877  -0.647052  1.12952  1.34064  0.977138
9.23795  13.1142
95  H2O  -0.163061  0.8074  1.7454  1.33215  0.982699  1.13245
9.41328  10.747
96  H2O  0.786407  1.61231  -0.711991  1.12831  1.08679  1.24471
11.3578  14.2871
97  H2O  -1.25953  0.198902  1.44876  1.09266  1.27926  1.07539
15.1563  12.1095
98  H2O  0.169842  -1.17818  -1.51919  1.30022  1.06204  1.07894
0.828199  0.892367
99  H2O  -0.879859  -1.62891  0.545345  1.33023  1.17164  0.94543
1.57458  15.1162
100  H2O  -0.819782  1.56387  -0.779212  1.30942  1.18293  0.954946
1.4801  0.592074
101  H2O  0.908988  1.4746  -0.850997  1.15398  1.06036  1.24546
13.6495  5.50454
102  H2O  -0.450634  -1.00181  1.58689  1.12301  1.11155  1.20664
11.47  4.39687
103  H2O  1.70372  0.903669  -0.0750431  1.18645  1.28031  0.980543
13.5197  10.9703
104  H2O  1.82355  -0.622082  -0.112205  1.15961  1.25288  1.0473
5.44952  13.2549
105  H2O  -1.54638  -0.686573  0.928559  1.1926  1.24934  0.999261
9.72866  0.83547
106  H2O  0.182076  1.86646  -0.456148  1.19054  1.16506  1.0917
2.11491  1.67314
107  H2O  -1.40884  -0.176244  1.30729  1.24534  0.970882  1.23108
5.52129  16.0839
108  H2O  -0.642977  -1.66293  0.739006  0.942895  1.17758  1.35176
9.03893  11.0835
109  H2O  -1.27046  -1.44302  0.168905  1.24613  1.24673  0.954438
14.0091  4.01166
110  H2O  0.11754  1.35993  1.36443  1.18964  1.11465  1.14301
7.40904  15.124
111  H2O  1.36006  -0.826476  -1.09182  1.18607  1.26471  0.996517
10.5161  7.01551
112  H2O  -1.8428  -0.545813  0.176336  1.16648  1.09568  1.17904
13.7944  9.60599
113  H2O  0.0102307  1.59833  -1.08173  1.17183  1.14467  1.1308
12.8953  0.152427
114  H2O  0.481894  1.30456  1.33821  1.15875  1.20102  1.08753
10.1319  8.1419
115  H2O  -0.591382  -1.6163  -0.873345  1.27743  1.08758  1.09479
0.342194  5.42144
116  H2O  -0.794116  0.598788  1.65401  1.17611  1.05561  1.21558
14.9887  14.301
117  H2O  0.103363  1.54652  -1.14999  1.21235  1.12738  1.13251
3.55294  5.47108
118  H2O  1.23597  1.14534  -0.941004  1.08826  1.03553  1.31741
6.08887  12.0424
119  H2O  0.95378  -0.561394  1.58115  1.23226  1.10515  1.10379
14.935  3.22771
120  H2O  -1.53549  1.16591  0.0884812  1.23506  1.2911  0.915047
0.675714  3.98939
121  H2O  -0.527674  1.59772  -0.945378  0.935047  1.209  1.29716
4.29896  2.73001
122  H2O  1.62559  -0.695267  0.773936  1.22468  1.02577  1.22179
11.8517  11.2808
123  H2O  0.978075  -1.13691  1.21479  1.30756  1.0881  1.04553
9.32872  3.7481
124  H2O  0.739087  -1.53351  -0.909388  1.09336  1.08841  1.26553
8.89719  8.86204
125  H2O  0.788298  -0.193101  1.75106  1.18065  1.12483  1.14183
0.167008  0.0909393
126  H2O  1.50094  -0.742151  -0.959845  1.14781  0.98856  1.33587
3.01807  2.69581
127  H2O  -1.03102  -0.369405  1.58916  1.31583  0.924218  1.21975
16.0566  7.58124
128  H2O  0.579795  -1.80785  -0.346993  1.05575  1.17525  1.21631
15.5673  2.55214
129  H2O  0.813261  0.720499  -1.59511  1.13048  1.23487  1.08196
2.74809  5.9302
130  H2O  -0.0861437  -1.9004  0.325503  0.981247  1.17315  1.31785
2.74892  11.9363
131  H2O  -0.134532  -1.59548  -1.07761  0.915535  1.23576  1.30851
14.1696  2.63438
132  H2O  -0.38004  1.42442  -1.24559  1.36561  1.05406  1.02763
11.414  15.0802
133  H2O  -0.329707  1.89923  0.0955164  1.23304  1.16459  1.04357
1.36007  11.2743
134  H2O  0.844301  0.406917  -1.68715  1.10523  1.16302  1.19155
2.22412  7.16999
135  H2O  -0.541485  -1.5995  0.934505  1.3555  1.1017  0.9901
8.08424  7.72519
136  H2O  -0.213055  -1.81375  0.62436  1.31789  1.15023  0.979179
0.660955  12.569
137  H2O  -1.23312  1.32911  0.66164  1.01814  1.15149  1.27767
1.20043  3.90041
138  H2O  -0.315902  -0.481485  1.84209  1.02794  1.23583  1.17744
5.53596  15.6079
139  H2O  -0.213308  -0.729114  -1.7742  1.17082  1.15883  1.14259
9.71076  11.831
140  H2O  -1.57331  -0.926011  0.626182  1.22019  1.26644  0.960674
10.0468  13.0147
141  H2O  -0.326881  0.525205  1.82817  1.06749  1.23144  1.14226
2.22283  10.8137
142  H2O  -1.42523  -1.30131  0.0140531  1.24093  1.25643  0.949942
8.13474  7.98183
143  H2O  0.0379825  -1.92901  -0.0489382  1.17824  1.15884  1.11023
2.45527  10.0321
144  H2O  1.29859  0.307945  1.39418  1.0481  1.3778  1.04634
13.8501  4.29546
145  H2O  0.00616412  -1.631  1.03185  1.37271  1.08913  0.985455
13.8454  1.40178
146  H2O  -1.12886  1.55408  0.188217  1.00285  1.07341  1.37104
2.83187  14.6316
147  H2O  -0.597732  0.161124  -1.82802  1.02639  1.28563  1.13528
7.29425  2.03265
