0
-6.492e-06
-8.352e-06
-8.82e-06
-5.796e-06
-1.416e-05
-2.136e-05
-2.628e-05
-3.6e-05
-4.668e-05
-4.752e-05
-5.124e-05
-5.964e-05
-6.456e-05
-7.356e-05
-8.82e-05
-0.00010116
-0.0001176
-0.000132
-0.0001416
-0.0001548
-0.0001644
-0.0001836
-0.0002088
-0.0002328
-0.0002604
-0.000294
-0.0003228
-0.0003528
-0.0003888
-0.0004248
-0.0004572
-0.0004908
-0.0005292
-0.0005736
-0.0006216
-0.0006708
-0.0007284
-0.000786
-0.00084
-0.000888
-0.0009468
-0.0009996
-0.0010596
-0.0011304
-0.001212
-0.001296
-0.00138
-0.001464
-0.00156
-0.001656
-0.001752
-0.00186
-0.00198
-0.0021
-0.00222
-0.002352
-0.002496
-0.002652
-0.002808
-0.002988
-0.003168
-0.00336
-0.003576
-0.003804
-0.004044
-0.004296
-0.004572
-0.004872
-0.005196
-0.005544
-0.005904
-0.0063
-0.006696
-0.007152
-0.00762
-0.008112
-0.008628
-0.00918
-0.009744
-0.010356
-0.011004
-0.011676
-0.0123772
-0.0131058
-0.0138623
-0.0146397
-0.0154541
-0.0162918
-0.0171457
-0.017995
-0.0188559
-0.0197191
-0.020573
-0.02142
-0.02226
-0.0230721
-0.0238588
-0.0246106
-0.0253183
-0.0259889
-0.0266154
-0.0271677
-0.0276504
-0.0280518
-0.0283627
-0.0285762
-0.0286946
-0.0286946
-0.0285762
-0.028321
-0.0279404
-0.0273928
-0.0266804
-0.0257847
-0.0247173
-0.023462
-0.0220187
-0.020399
-0.0185798
-0.0165494
-0.0143046
-0.011916
-0.009348
-0.006648
-0.003828
-0.0008676
0.00228
0.005532
0.008832
0.0121832
0.0155177
0.0188236
0.0220651
0.0252185
0.0282328
0.0310777
0.0336928
0.0360689
0.0382362
0.0401599
0.0418236
0.0432136
0.0443622
0.0452602
0.0459145
0.0463647
0.04662
0.0466733
0.0465434
0.0462208
0.0456964
0.0449864
0.0440675
0.0428933
0.0415312
0.0399696
0.0381782
0.0361803
0.0340432
0.031739
0.0293141
0.0267895
0.0242509
0.0216915
0.0190787
0.0164735
0.013944
0.01146
0.00906
0.00684
0.004764
0.00282
0.0010116
-0.0006324
-0.002136
-0.003492
-0.004692
-0.005736
-0.006636
-0.007404
-0.00804
-0.008544
-0.008928
-0.009204
-0.009372
-0.009432
-0.00942
-0.009324
-0.009156
-0.008928
-0.00864
-0.008316
-0.007956
-0.00756
-0.007152
-0.006732
-0.006288
-0.005844
-0.005388
-0.004956
-0.004524
-0.004116
-0.00372
-0.003336
-0.002976
-0.00264
-0.002328
-0.00204
-0.001776
-0.001536
-0.00132
-0.0011268
-0.0009552
-0.000804
-0.0006792
-0.0005712
-0.0004836
-0.0004212
-0.0003732
-0.0003336
-0.0003048
-0.000288
-0.000276
-0.0002784
-0.0002928
-0.0003132
-0.0003372
0
0
0
0
0
0
0
0
0
0
0
0
0
0
0
0
0
0
0
0
0
0
0
0
0
0
0
0
0
0
0
0
0
0
0
0
0
0
0
0
0
0
0
0
0
0
0
0
0
0
0
0
0
0
0
0
0
0
0
0
0
0
0
0
0
0
0
0
0
0
0
0
0
0
0
0
0
0
0
0
0
0
0
0
0
0
0
0
0
0
0
0
0
0
0
0
0
0
0
0
0
0
0
0
0
0
0
0
0
0
0
0
0
0
0
0
0
0
0
0
0
0
0
0
0
0
0
0
0
0
0
0
0
0
0
0
0
0
0
0
0
0
0
0
0
0
0
0
0
0
0
0
0
0
0
0
0
0
0
0
0
0
0
0
0
0
0
0
0
0
0
0
0
0
0
0
0
0
0
0
0
0
0
0
0
0
0
0
0
0
0
0
0
0
0
0
0
0
0
0
0
0
0
0
0
0
0
0
0
0
0
0
0
0
0
0
0
0
0
0
0
0
0
0
0
0
0
0
