0
-1.62300000000000e-07
-2.08800000000000e-07
-2.20500000000000e-07
-1.44900000000000e-07
-3.54000000000000e-07
-5.34000000000000e-07
-6.57000000000000e-07
-9.00000000000000e-07
-1.16700000000000e-06
-1.18800000000000e-06
-1.28100000000000e-06
-1.49100000000000e-06
-1.61400000000000e-06
-1.83900000000000e-06
-2.20500000000000e-06
-2.52900000000000e-06
-2.94000000000000e-06
-3.30000000000000e-06
-3.54000000000000e-06
-3.87000000000000e-06
-4.11000000000000e-06
-4.59000000000000e-06
-5.22000000000000e-06
-5.82000000000000e-06
-6.51000000000000e-06
-7.35000000000000e-06
-8.07000000000000e-06
-8.82000000000000e-06
-9.72000000000000e-06
-1.06200000000000e-05
-1.14300000000000e-05
-1.22700000000000e-05
-1.32300000000000e-05
-1.43400000000000e-05
-1.55400000000000e-05
-1.67700000000000e-05
-1.82100000000000e-05
-1.96500000000000e-05
-2.10000000000000e-05
-2.22000000000000e-05
-2.36700000000000e-05
-2.49900000000000e-05
-2.64900000000000e-05
-2.82600000000000e-05
-3.03000000000000e-05
-3.24000000000000e-05
-3.45000000000000e-05
-3.66000000000000e-05
-3.90000000000000e-05
-4.14000000000000e-05
-4.38000000000000e-05
-4.65000000000000e-05
-4.95000000000000e-05
-5.25000000000000e-05
-5.55000000000000e-05
-5.88000000000000e-05
-6.24000000000000e-05
-6.63000000000000e-05
-7.02000000000000e-05
-7.47000000000000e-05
-7.92000000000000e-05
-8.40000000000000e-05
-8.94000000000000e-05
-9.51000000000000e-05
-0.000101100000000000
-0.000107400000000000
-0.000114300000000000
-0.000121800000000000
-0.000129900000000000
-0.000138600000000000
-0.000147600000000000
-0.000157500000000000
-0.000167400000000000
-0.000178800000000000
-0.000190500000000000
-0.000202800000000000
-0.000215700000000000
-0.000229500000000000
-0.000243600000000000
-0.000258900000000000
-0.000275100000000000
-0.000291900000000000
-0.000309430680000000
-0.000327646140000000
-0.000346557720000000
-0.000365991390000000
-0.000386353260000000
-0.000407295240000000
-0.000428643270000000
-0.000449875320000000
-0.000471397380000000
-0.000492977490000000
-0.000514325520000000
-0.000535499550000000
-0.000556499520000000
-0.000576803370000000
-0.000596469090000000
-0.000615264660000000
-0.000632958030000000
-0.000649723200000000
-0.000665386170000000
-0.000679192800000000
-0.000691259070000000
-0.000701294970000000
-0.000709068450000000
-0.000714405450000000
-0.000717364020000000
-0.000717364020000000
-0.000714405450000000
-0.000708024240000000
-0.000698510460000000
-0.000684819840000000
-0.000667010490000000
-0.000644618220000000
-0.000617933160000000
-0.000586549230000000
-0.000550466370000000
-0.000509974710000000
-0.000464494080000000
-0.000413734440000000
-0.000357614610000000
-0.000297900000000000
-0.000233700000000000
-0.000166200000000000
-9.57000000000000e-05
-2.16900000000000e-05
5.70000000000000e-05
0.000138300000000000
0.000220800000000000
0.000304580940000000
0.000387942750000000
0.000470591040000000
0.000551626590000000
0.000630463560000000
0.000705819840000000
0.000776941320000000
0.000842319720000000
0.000901722990000000
0.000955905270000000
0.00100399638000000
0.00104559027000000
0.00108033885000000
0.00110905431000000
0.00113150457000000
0.00114786366000000
0.00115911780000000
0.00116549901000000
0.00116683326000000
0.00116358465000000
0.00115552110000000
0.00114241062000000
0.00112465926000000
0.00110168691000000
0.00107233335000000
0.00103828089000000
0.000999239490000000
0.000954454980000000
0.000904507500000000
0.000851079390000000
0.000793474470000000
0.000732852960000000
0.000669736980000000
0.000606272970000000
0.000542286840000000
0.000476966430000000
0.000411837480000000
0.000348599700000000
0.000286500000000000
0.000226500000000000
0.000171000000000000
0.000119100000000000
7.05000000000000e-05
2.52900000000000e-05
-1.58100000000000e-05
-5.34000000000000e-05
-8.73000000000000e-05
-0.000117300000000000
-0.000143400000000000
-0.000165900000000000
-0.000185100000000000
-0.000201000000000000
-0.000213600000000000
-0.000223200000000000
-0.000230100000000000
-0.000234300000000000
-0.000235800000000000
-0.000235500000000000
-0.000233100000000000
-0.000228900000000000
-0.000223200000000000
-0.000216000000000000
-0.000207900000000000
-0.000198900000000000
-0.000189000000000000
-0.000178800000000000
-0.000168300000000000
-0.000157200000000000
-0.000146100000000000
-0.000134700000000000
-0.000123900000000000
-0.000113100000000000
-0.000102900000000000
-9.30000000000000e-05
-8.34000000000000e-05
-7.44000000000000e-05
-6.60000000000000e-05
-5.82000000000000e-05
-5.10000000000000e-05
-4.44000000000000e-05
-3.84000000000000e-05
-3.30000000000000e-05
-2.81700000000000e-05
-2.38800000000000e-05
-2.01000000000000e-05
-1.69800000000000e-05
-1.42800000000000e-05
-1.20900000000000e-05
-1.05300000000000e-05
-9.33000000000000e-06
-8.34000000000000e-06
-7.62000000000000e-06
-7.20000000000000e-06
-6.90000000000000e-06
-6.96000000000000e-06
-7.32000000000000e-06
-7.83000000000000e-06
-8.43000000000000e-06
0
0
0
0
0
0
0
0
0
0
0
0
0
0
0
0
0
0
0
0
0
0
0
0
0
0
0
0
0
0
0
0
0
0
0
0
0
0
0
0
0
0
0
0
0
0
0
0
0
0
0
0
0
0
0
0
0
0
0
0
0
0
0
0
0
0
0
0
0
0
0
0
0
0
0
0
0
0
0
0
0
0
0
0
0
0
0
0
0
0
0
0
0
0
0
0
0
0
0
0
0
0
0
0
0
0
0
0
0
0
0
0
0
0
0
0
0
0
0
0
0
0
0
0
0
0
0
0
0
0
0
0
0
0
0
0
0
0
0
0
0
0
0
0
0
0
0
0
0
0
0
0
0
0
0
0
0
0
0
0
0
0
0
0
0
0
0
0
0
0
0
0
0
0
0
0
0
0
0
0
0
0
0
0
0
0
0
0
0
0
0
0
0
0
0
0
0
0
0
0
0
0
0
0
0
0
0
0
0
0
0
0
0
0
0
0
0
0
0
0
0
0
0
0
0
0
0
0



