-0.00258564 -10.4173 -10.1655 19.9085 -15.2914 162.806 162.748 162.756 0.0516436 -0.746973 0.0573917 -0.000733471 -0.750548 0.0557104 0.000571679 
11.6816 -10.4984 -9.66128 20.0421 -15.6914 162.841 162.768 162.671 0.118904 -0.820693 0.0468503 -0.0864292 -0.824177 0.0453113 -0.0850579 
23.3658 -11.2233 -9.123 19.3378 -16.3333 162.836 162.718 162.756 0.095766 -0.808935 0.0919194 -0.230993 -0.81236 0.0904147 -0.22953 
35.05 -10.4331 -9.8335 19.09 -15.064 162.697 162.795 162.836 -0.121334 -0.765602 0.100052 -0.290002 -0.7691 0.0983322 -0.288618 
46.7343 -9.02673 -9.98902 19.5578 -13.8137 162.613 162.824 162.897 -0.250522 -0.783819 0.0893326 -0.262208 -0.787461 0.0875908 -0.260899 
58.4185 -8.98931 -8.543 19.3907 -14.4158 162.737 162.836 162.785 -0.0761423 -0.899107 0.0958587 -0.206216 -0.902711 0.0942883 -0.204872 
70.1027 -10.2215 -7.74238 18.2337 -15.4697 162.84 162.773 162.721 0.0904238 -0.956429 0.0812584 -0.0177258 -0.959793 0.0796889 -0.0163805 
81.7869 -11.34 -9.12555 18.0099 -15.7847 162.725 162.722 162.828 -0.052528 -0.922225 0.104618 0.0942518 -0.925606 0.10291 0.0955947 
93.4711 -11.3969 -9.2549 19.0811 -16.3126 162.547 162.707 163.044 -0.330736 -0.94148 0.1763 -0.112041 -0.945043 0.174697 -0.110646 
105.155 -11.7467 -7.96247 19.2326 -17.3843 162.787 162.625 162.929 0.00743568 -0.94999 0.221846 -0.164063 -0.953537 0.220423 -0.162517 
116.84 -12.0815 -7.27021 18.2882 -17.5931 162.926 162.581 162.795 0.234802 -0.792309 0.0225571 -0.125498 -0.795781 0.0211135 -0.123968 
128.524 -11.5798 -8.16266 18.4574 -16.7297 162.847 162.68 162.823 0.0934915 -0.753723 0.00226287 -0.119297 -0.757243 0.000684855 -0.117978 
140.208 -10.4931 -9.30827 19.0122 -15.3476 162.743 162.723 162.908 -0.0755338 -0.747657 0.12354 -0.145119 -0.751159 0.121869 -0.143851 
151.892 -9.67952 -9.79337 19.7921 -14.6815 162.814 162.756 162.778 0.0445434 -0.777239 0.114013 -0.0568306 -0.780735 0.112308 -0.0555151 
163.576 -9.3612 -9.7246 20.1256 -14.5643 162.849 162.788 162.658 0.123675 -0.778889 0.0800045 -0.0554427 -0.782267 0.0784073 -0.0541097 
175.261 -10.0801 -9.18983 19.6952 -15.3354 162.815 162.768 162.735 0.060393 -0.846901 0.0607559 -0.168522 -0.850204 0.0592309 -0.167083 
186.945 -9.83866 -9.62754 19.0876 -14.5713 162.739 162.797 162.822 -0.0736682 -0.77541 0.0816124 -0.25287 -0.778755 0.0799289 -0.251468 
198.629 -8.50489 -10.0046 19.3684 -13.1894 162.569 162.855 162.933 -0.328196 -0.77643 0.0601045 -0.23 -0.779933 0.0583309 -0.22873 
210.313 -8.23504 -9.06231 19.55 -13.4815 162.646 162.929 162.799 -0.220521 -0.813709 0.119138 -0.194572 -0.817258 0.117511 -0.193251 
221.997 -9.04936 -7.74541 18.5976 -14.478 162.816 162.828 162.734 0.0324376 -0.952262 0.0898503 -0.100721 -0.955594 0.0882764 -0.099373 
233.682 -10.3132 -8.5308 17.726 -14.9134 162.768 162.782 162.772 -0.0111283 -0.950113 0.117039 0.0826946 -0.953335 0.115348 0.0840547 
245.366 -10.8094 -9.46886 18.4952 -15.3252 162.55 162.737 163.007 -0.324234 -0.95704 0.0702723 -0.0999207 -0.960408 0.0685929 -0.0985749 
257.05 -11.2186 -8.49382 19.213 -16.5808 162.66 162.69 162.994 -0.184671 -0.965698 0.179852 -0.197451 -0.969142 0.178345 -0.195965 
268.734 -11.6526 -7.27004 18.6165 -17.3284 162.833 162.661 162.818 0.0909446 -0.813499 0.0735262 -0.185827 -0.816884 0.0720692 -0.184214 
280.418 -11.1653 -7.77661 18.4556 -16.5074 162.829 162.702 162.805 0.0728637 -0.766566 -0.02595 -0.133295 -0.769981 -0.0275176 -0.131884 
292.103 -10.1223 -9.02404 18.793 -15.0094 162.675 162.749 162.96 -0.182264 -0.748639 0.0427477 -0.131964 -0.752053 0.0410687 -0.130694 
303.787 -9.29803 -9.66923 19.4581 -14.1951 162.736 162.753 162.888 -0.0876154 -0.833702 0.0306199 -0.0424755 -0.837085 0.0288556 -0.0411515 
315.471 -8.7625 -9.89555 19.9679 -13.8013 162.775 162.771 162.777 -0.00169243 -0.749601 0.048852 0.0054756 -0.752905 0.0471378 0.00681368 
327.155 -9.09155 -9.48908 19.8403 -14.2697 162.733 162.885 162.717 -0.0711828 -0.841806 0.0581244 -0.131484 -0.845032 0.0565772 -0.130077 
338.84 -9.39936 -9.69266 19.0217 -14.0665 162.682 162.897 162.808 -0.173192 -0.773046 0.062833 -0.239882 -0.776245 0.0612363 -0.238429 
350.524 -8.48227 -10.0941 18.9811 -12.9284 162.532 162.929 162.939 -0.404674 -0.780203 0.0393588 -0.198782 -0.783553 0.0376083 -0.197435 
362.208 -7.67318 -9.79777 19.3644 -12.4591 162.618 162.986 162.815 -0.284685 -0.797351 0.104601 -0.133377 -0.800857 0.102887 -0.132031 
373.892 -8.16314 -8.2101 18.7282 -13.4248 162.822 162.927 162.686 0.0122707 -0.957647 0.0916173 -0.119148 -0.960979 0.0899861 -0.117798 
385.576 -9.22698 -8.24702 17.5621 -13.8871 162.854 162.916 162.615 0.085827 -0.946109 0.147235 0.0454214 -0.949199 0.145535 0.0467404 
397.261 -9.81978 -9.54 18.0128 -14.0588 162.664 162.835 162.829 -0.169954 -0.959579 0.0730826 -0.0310722 -0.962759 0.0713292 -0.029784 
408.945 -10.0977 -8.77112 19.0017 -15.2156 162.627 162.774 162.96 -0.242612 -0.971492 0.150177 -0.202509 -0.974789 0.148601 -0.201124 
420.629 -10.6191 -7.23491 18.6952 -16.3518 162.882 162.709 162.75 0.149633 -0.884938 0.11362 -0.190751 -0.88819 0.112185 -0.18919 
432.313 -10.5417 -7.22299 18.101 -15.9833 162.93 162.723 162.67 0.230635 -0.793072 -0.0335582 -0.0895873 -0.796352 -0.0350783 -0.0881189 
443.997 -9.79755 -8.40378 18.5105 -14.8535 162.733 162.815 162.832 -0.0931181 -0.759504 -0.00489731 -0.0865235 -0.762855 -0.006548 -0.0852531 
455.682 -8.85895 -9.22199 19.155 -13.828 162.666 162.84 162.897 -0.204788 -0.840267 0.0235059 -0.0499953 -0.843568 0.0217803 -0.0487371 
467.366 -8.11379 -9.69364 19.8344 -13.1867 162.719 162.854 162.788 -0.104243 -0.802152 0.0267139 0.0157104 -0.805403 0.0249907 0.0170111 
479.05 -8.19003 -9.29908 20.1122 -13.5992 162.74 162.938 162.67 -0.0670663 -0.880416 0.106383 -0.051976 -0.883614 0.104824 -0.0506287 
490.734 -8.86043 -9.04775 19.3288 -14.0035 162.7 162.949 162.764 -0.158899 -0.843524 0.123744 -0.161204 -0.846683 0.122228 -0.159745 
502.418 -8.54227 -9.58955 18.9798 -13.24 162.529 163.009 162.904 -0.430207 -0.766701 0.130399 -0.204696 -0.769956 0.128743 -0.203274 
514.103 -7.54828 -9.85132 19.3327 -12.2916 162.496 163.033 162.933 -0.489203 -0.769042 0.143896 -0.174712 -0.772495 0.142186 -0.173363 
525.787 -7.78275 -8.67123 18.787 -12.8432 162.681 163.073 162.737 -0.227056 -0.923491 0.122092 -0.147973 -0.926878 0.120462 -0.146609 
537.471 -8.91243 -7.74018 17.5061 -13.798 162.845 162.98 162.639 0.0323015 -1.04181 0.148419 -0.00185009 -1.04488 0.14679 -0.00051537 
549.155 -9.69449 -8.78721 17.6018 -14.1044 162.748 162.886 162.781 -0.0882862 -1.05933 0.172212 0.065397 -1.06238 0.170511 0.0667231 
560.84 -9.68258 -8.63722 18.7891 -14.7611 162.592 162.806 163.028 -0.327211 -1.02029 0.208476 -0.16194 -1.02353 0.206883 -0.160564 
572.524 -10.0104 -7.32706 18.8289 -15.7639 162.8 162.725 162.896 -0.012911 -0.93458 0.230456 -0.211258 -0.937807 0.229022 -0.209742 
584.208 -10.4878 -6.69209 17.9337 -16.1112 162.861 162.779 162.746 0.0962931 -0.804295 0.0738153 -0.139265 -0.80749 0.0723866 -0.137738 
595.892 -10.0996 -8.03642 18.3549 -15.2614 162.736 162.91 162.794 -0.118291 -0.826052 0.00829595 -0.110263 -0.82934 0.00671891 -0.108982 
607.576 -9.2692 -9.1069 18.8161 -14.1264 162.625 162.895 162.93 -0.289654 -0.836195 0.0339389 -0.117745 -0.839488 0.0322678 -0.116556 
619.261 -8.30819 -9.5263 19.2474 -13.1713 162.705 162.901 162.83 -0.163406 -0.840237 -0.00514353 -0.0164055 -0.843498 -0.00682859 -0.0151569 
630.945 -7.73184 -9.36925 19.792 -12.9458 162.743 162.978 162.693 -0.0943556 -0.834696 0.0995966 -0.0549581 -0.83786 0.0980079 -0.0536749 
642.629 -8.3854 -8.93005 19.6682 -13.7571 162.711 163.028 162.73 -0.170535 -0.867839 0.192276 -0.168706 -0.870967 0.190785 -0.167313 
654.313 -8.46966 -9.30731 19.0859 -13.3615 162.593 163.057 162.854 -0.365088 -0.800057 0.216201 -0.225307 -0.803256 0.214646 -0.223915 
665.997 -7.63633 -9.87189 19.3822 -12.394 162.463 163.033 163.005 -0.558233 -0.839051 0.142238 -0.194868 -0.842446 0.140562 -0.193562 
677.682 -7.87417 -9.36225 19.1738 -12.7825 162.711 163.077 162.733 -0.196818 -0.89822 0.146793 -0.121924 -0.901643 0.145152 -0.1206 
689.366 -9.05819 -7.83882 17.7537 -14.0182 162.981 162.974 162.608 0.187359 -0.936579 0.168613 0.0154772 -0.939705 0.167004 0.0167734 
701.05 -10.0443 -8.04825 16.9144 -14.48 162.842 162.964 162.708 0.00351926 -1.04611 0.320983 0.129587 -1.04909 0.319331 0.130898 
712.734 -10.2235 -8.68893 18.0583 -14.9108 162.671 162.872 162.985 -0.259795 -1.1051 0.376039 -0.0629467 -1.10825 0.374362 -0.061618 
724.418 -10.3035 -7.62484 18.7434 -15.8654 162.751 162.829 162.967 -0.149311 -1.03861 0.350029 -0.193022 -1.04184 0.348471 -0.191567 
736.103 -10.5942 -6.18985 17.6847 -16.3443 162.852 162.919 162.699 0.040544 -0.838651 0.156662 -0.15737 -0.841812 0.155207 -0.155812 
747.787 -9.96471 -7.38539 17.7186 -15.1339 162.786 163.016 162.645 -0.0469114 -0.843936 0.0335127 -0.0397795 -0.847166 0.0319839 -0.0384698 
759.471 -9.55115 -8.7961 18.6022 -14.4568 162.626 163.023 162.856 -0.315848 -0.829391 0.110378 -0.0367175 -0.832724 0.108769 -0.0356037 
771.155 -9.45947 -8.45313 19.0503 -14.7606 162.651 163.012 162.868 -0.29141 -0.866094 0.124898 0.0108215 -0.869463 0.12329 0.0120058 
782.84 -9.28059 -7.87726 18.7388 -14.7139 162.79 163.027 162.693 -0.07269 -0.793881 0.176364 -0.00966405 -0.797076 0.174827 -0.0084063 
794.524 -9.74574 -8.36002 18.697 -14.9168 162.773 163.007 162.714 -0.0896468 -0.744776 0.195462 -0.0642237 -0.747884 0.193957 -0.0628157 
806.208 -9.89549 -9.62872 18.8407 -14.5041 162.688 163.02 162.809 -0.229156 -0.707847 0.240475 -0.0499398 -0.711034 0.238852 -0.0485329 
817.892 -9.22965 -9.5107 18.9054 -13.9296 162.451 163.099 162.945 -0.573221 -0.733092 0.249277 -0.0591981 -0.736419 0.247656 -0.0579451 
829.576 -9.64906 -8.55331 18.7951 -14.7725 162.611 163.197 162.717 -0.347866 -0.77962 0.127701 -0.112297 -0.783051 0.126237 -0.111034 
841.261 -9.89742 -7.22964 18.2231 -15.3967 162.809 163.219 162.509 -0.0576905 -0.830628 0.0864942 -0.171996 -0.833958 0.0850685 -0.170813 
852.945 -10.3504 -7.48918 17.3317 -15.2743 162.747 163.211 162.478 -0.0997832 -0.950679 0.3033 -0.0772254 -0.953818 0.301735 -0.0760681 
864.629 -11.5415 -8.84129 17.339 -15.793 162.514 163.217 162.662 -0.42889 -0.918262 0.392084 -0.141726 -0.921327 0.390573 -0.140562 
876.313 -12.9134 -7.86188 18.0339 -18.002 162.487 163.078 162.83 -0.469007 -0.739059 0.304651 -0.169394 -0.742203 0.30337 -0.168069 
887.997 -13.8575 -7.19113 17.841 -19.1851 162.702 162.91 162.733 -0.121454 -0.749998 0.13009 -0.2594 -0.75325 0.128719 -0.257862 
899.682 -13.3097 -7.0993 17.0802 -18.3027 162.723 162.919 162.703 -0.0907738 -0.816807 0.0800165 -0.331276 -0.820149 0.0785826 -0.329859 
911.366 -12.3172 -6.7296 17.9435 -17.9268 162.583 163.032 162.772 -0.321762 -0.91949 0.119334 -0.412562 -0.9228 0.118076 -0.411149 
923.05 -12.3994 -7.53253 18.8118 -18.0417 162.629 162.958 162.781 -0.243135 -1.00919 0.205022 -0.347292 -1.01251 0.203696 -0.345764 
934.734 -13.2412 -8.28343 17.9504 -18.0773 162.805 162.958 162.587 0.0300249 -0.979483 0.319972 -0.212835 -0.982837 0.318519 -0.211339 
946.418 -14.3054 -8.01077 17.6416 -19.1234 162.77 163.162 162.41 -0.018713 -0.972281 0.229936 -0.244167 -0.975569 0.228527 -0.242593 
958.103 -14.9918 -8.13685 18.2608 -20.0564 162.663 163.331 162.426 -0.218265 -0.835059 0.23395 -0.334253 -0.838304 0.232523 -0.332564 
969.787 -14.8816 -9.04292 18.4557 -19.5906 162.704 163.167 162.636 -0.200074 -0.761038 0.268085 -0.208265 -0.764271 0.26653 -0.206678 
981.471 -15.429 -9.15369 18.4192 -20.0643 162.883 162.876 162.707 0.0889076 -0.90829 0.152538 0.00750856 -0.911537 0.150988 0.00908143 
993.155 -16.4612 -8.65505 17.9284 -21.1004 162.968 162.97 162.532 0.214178 -0.961004 -0.197999 0.0620626 -0.964171 -0.19947 0.0637054 
1004.84 -16.5361 -8.2445 17.0429 -20.9379 162.877 163.342 162.286 0.0602118 -1.00215 -0.217618 -0.0758675 -1.00521 -0.21909 -0.074181 
1016.52 -16.3423 -8.07906 17.4644 -21.0376 162.789 163.497 162.191 -0.0571008 -0.878155 0.0387996 -0.122106 -0.881381 0.0372604 -0.120406 
1028.21 -16.7145 -8.03209 18.8442 -22.1232 162.857 163.302 162.351 0.027365 -0.691227 0.0881106 -0.144131 -0.694615 0.086571 -0.142408 
1039.89 -17.1681 -7.93667 18.7675 -22.5861 162.937 163.058 162.572 0.119234 -0.655738 -0.108372 -0.25538 -0.658947 -0.109831 -0.253579 
1051.58 -17.1745 -7.63628 17.364 -22.041 162.895 162.887 162.747 0.0757212 -0.576819 -0.0622599 -0.176396 -0.579891 -0.0636966 -0.174514 
1063.26 -17.8345 -7.3956 16.6146 -22.4466 162.827 162.97 162.701 -0.0110175 -0.533764 0.0456158 -0.0282725 -0.536924 0.0441691 -0.0264064 
1074.94 -18.9208 -7.95825 17.7602 -23.8244 162.939 163.168 162.475 0.114911 -0.656849 0.0338196 -0.0566557 -0.660034 0.0323882 -0.0547512 
1086.63 -19.4754 -8.21712 18.626 -24.6825 162.908 163.331 162.362 0.0583944 -0.770769 0.0672118 -0.279431 -0.773911 0.0658321 -0.277468 
1098.31 -19.2954 -8.13578 17.7122 -24.0862 162.848 163.287 162.368 0.018266 -0.871599 0.097538 -0.341656 -0.874768 0.0961229 -0.339745 
1110 -19.1362 -8.64759 16.8801 -23.2551 163.048 163.17 162.258 0.33195 -0.849691 0.0797426 -0.130512 -0.852828 0.0782948 -0.128705 
1121.68 -19.2845 -8.39622 16.6677 -23.4229 163.117 163.062 162.312 0.427118 -0.835724 0.0419206 -0.0621459 -0.83874 0.0404121 -0.0602481 
1133.37 -19.5829 -8.58077 16.1379 -23.364 163.017 162.993 162.53 0.252555 -0.998128 -0.0141469 -0.0423805 -1.00118 -0.0156197 -0.0403728 
1145.05 -20.1849 -9.11003 16.5664 -23.9157 162.984 162.97 162.595 0.199335 -0.918966 -0.118706 -0.0881435 -0.922086 -0.120091 -0.0862198 
1156.73 -20.635 -9.07578 16.3758 -24.2876 162.99 162.957 162.603 0.207524 -0.796798 -0.0410734 -0.0889829 -0.799899 -0.0423264 -0.0870905 
1168.42 -20.3352 -8.82418 16.1259 -23.9887 162.907 163.003 162.617 0.0945203 -0.847502 0.0752993 -0.075068 -0.850554 0.0739293 -0.0730675 
1180.1 -20.2423 -8.10462 16.1464 -24.2658 162.789 163.153 162.588 -0.0838251 -0.93785 0.108934 0.0325838 -0.940959 0.107503 0.0346212 
1191.79 -20.8014 -8.18404 15.5529 -24.4884 162.792 163.189 162.522 -0.0661845 -0.86236 -0.0443711 0.0264265 -0.865356 -0.0458359 0.0283851 
1203.47 -20.3786 -8.87284 15.0911 -23.4903 162.88 163.052 162.566 0.0684513 -0.703935 -0.0284621 -0.175725 -0.706773 -0.030093 -0.173792 
1215.16 -19.4267 -9.39782 15.4244 -22.4426 162.901 163.001 162.633 0.0815878 -0.659307 0.15636 -0.445632 -0.662289 0.154715 -0.443668 
1226.84 -19.0988 -9.69619 15.9133 -22.2099 162.994 162.997 162.601 0.192018 -0.700725 0.300684 -0.473024 -0.703878 0.299231 -0.471031 
1238.52 -18.2007 -9.00032 16.8708 -22.1385 162.996 163.124 162.453 0.204903 -0.797564 0.315404 -0.166693 -0.800712 0.314033 -0.164718 
1250.21 -17.5752 -8.21772 16.7499 -21.8438 163.018 163.125 162.383 0.261096 -0.829107 0.186889 0.0557632 -0.832099 0.185455 0.0576214 
1261.89 -17.5803 -9.35591 16.21 -21.0099 162.817 163.192 162.461 -0.0122496 -0.605295 0.102974 -0.110668 -0.608287 0.101347 -0.108931 
1273.58 -16.4297 -10.0393 16.9269 -19.8761 162.61 163.299 162.611 -0.347461 -0.401669 0.231948 -0.224647 -0.404703 0.230311 -0.222977 
1285.26 -14.3208 -9.26449 16.9553 -18.1688 162.748 163.232 162.579 -0.159844 -0.497957 0.289466 -0.168181 -0.501041 0.288006 -0.166688 
1296.94 -13.473 -7.99911 16.3971 -17.6746 162.93 163.104 162.498 0.126015 -0.551313 0.137737 -0.0586213 -0.554348 0.136418 -0.0572104 
1308.63 -11.9969 -8.24006 16.446 -16.1025 163.041 162.987 162.48 0.304412 -0.566643 -0.00499073 -0.085549 -0.569714 -0.00639939 -0.0841858 
1320.31 -9.90402 -9.77237 16.3495 -13.1952 162.945 163.053 162.469 0.181771 -0.706426 -0.0200522 -0.0822941 -0.709567 -0.0216418 -0.0810243 
1332 -8.89577 -10.6504 15.781 -11.4637 162.889 163.091 162.398 0.142423 -0.664773 -0.00373262 -0.101955 -0.667811 -0.00532435 -0.100712 
1343.68 -8.25589 -9.53063 15.4008 -11.1936 162.908 162.953 162.475 0.191112 -0.581917 0.0730041 -0.20529 -0.584791 0.0715521 -0.204102 
1355.37 -6.86139 -8.29155 14.9937 -10.215 162.806 162.864 162.672 0.0352814 -0.576163 0.137366 -0.226314 -0.579016 0.135893 -0.225274 
1367.05 -5.15281 -8.89657 14.6332 -8.02371 162.66 163.007 162.595 -0.143777 -0.811579 0.185488 -0.217452 -0.814533 0.183883 -0.216444 
1378.73 -3.47287 -9.19998 15.1824 -6.46665 162.497 163.187 162.539 -0.368625 -0.786187 0.233634 -0.113854 -0.789243 0.232092 -0.112885 
1390.42 -2.62576 -8.53732 15.8054 -6.26241 162.598 163.056 162.604 -0.234324 -0.517856 0.277184 0.0330646 -0.520918 0.275769 0.0339626 
1402.1 -2.63036 -8.88371 16.167 -6.27456 162.754 162.913 162.652 -0.0314269 -0.472024 0.108464 0.0945835 -0.475071 0.106976 0.0955396 
1413.79 -2.10771 -10.0148 16.2127 -5.20923 162.89 162.886 162.55 0.170318 -0.489579 0.0466839 -0.0760112 -0.492632 0.0451401 -0.0750414 
1425.47 -1.28306 -9.95698 16.4868 -4.55056 162.999 162.811 162.464 0.358707 -0.453047 0.181311 -0.14275 -0.456143 0.179839 -0.141883 
1437.16 -0.470916 -10.1635 17.1778 -3.98062 162.876 162.852 162.569 0.163029 -0.378809 0.12928 -0.0125171 -0.381956 0.127848 -0.0117624 
1448.84 0.446928 -10.4242 17.1874 -2.93725 162.633 162.98 162.766 -0.242164 -0.450461 0.0891939 0.0930722 -0.453477 0.0877731 0.093831 
1460.52 0.854443 -10.4158 16.42 -2.15028 162.654 162.989 162.664 -0.17472 -0.380007 0.143954 0.116804 -0.383001 0.142492 0.117613 
1472.21 1.63008 -9.85392 16.6138 -1.75246 162.868 162.886 162.525 0.159223 -0.502622 0.278339 0.0761161 -0.505715 0.276932 0.0769366 
1483.89 2.59599 -9.72254 16.2837 -0.687167 162.959 162.91 162.468 0.267676 -0.599226 0.215273 -0.0164712 -0.602196 0.213893 -0.0157394 
1495.58 3.18431 -10.5708 15.7573 0.588485 162.872 163.002 162.47 0.133609 -0.329248 0.0364413 -0.185875 -0.332149 0.0350516 -0.185253 
1507.26 3.83183 -10.6701 16.3815 0.973516 162.804 163.213 162.308 0.0407104 -0.256415 0.083502 -0.113156 -0.259471 0.0822603 -0.112539 
1518.94 3.96553 -9.56507 16.2341 0.628451 162.583 163.375 162.349 -0.281815 -0.447164 0.181702 0.0738268 -0.450124 0.180508 0.074398 
1530.63 4.7816 -9.17468 15.5073 1.61273 162.393 163.227 162.541 -0.49399 -0.490908 0.316719 0.120409 -0.493745 0.31534 0.120844 
1542.31 5.24959 -9.87556 15.9841 2.19272 162.502 163.014 162.609 -0.312208 -0.288074 0.238692 0.0922409 -0.29089 0.237319 0.0927581 
1554 4.75668 -9.84289 16.5214 1.41482 162.517 163.094 162.529 -0.297106 -0.325071 0.259669 0.149102 -0.327897 0.258338 0.14963 
1565.68 3.8703 -10.1866 16.5045 0.70878 162.445 163.125 162.585 -0.412705 -0.526085 0.338543 0.194678 -0.529037 0.337108 0.19515 
1577.37 3.79947 -9.35697 15.9071 0.521845 162.373 163.061 162.645 -0.482356 -0.480662 0.512422 0.123656 -0.483702 0.511024 0.124227 
1589.05 4.48074 -8.55677 15.723 0.89504 162.378 162.921 162.72 -0.445725 -0.434785 0.472061 0.130997 -0.437687 0.470687 0.131468 
1600.73 4.66688 -8.23253 15.4085 1.07629 162.405 162.897 162.684 -0.387701 -0.481214 0.338353 0.175824 -0.484082 0.337054 0.176157 
1612.42 3.67534 -7.94356 14.8944 0.197319 162.491 162.911 162.576 -0.254782 -0.418155 0.314926 0.173839 -0.421033 0.313775 0.174212 
1624.1 2.91559 -8.70952 15.0721 -0.2683 162.331 163.061 162.578 -0.490834 -0.379552 0.345824 0.213769 -0.382453 0.344664 0.214232 
1635.79 2.87724 -9.27838 16.1948 -0.583559 162.232 162.945 162.769 -0.6272 -0.501626 0.263541 0.22891 -0.504562 0.262394 0.229366 
1647.47 2.09252 -8.22172 16.0623 -1.83034 162.45 162.613 162.792 -0.2554 -0.489467 0.168203 0.216901 -0.49232 0.167093 0.217478 
1659.16 1.12055 -8.55108 15.2308 -2.22188 162.599 162.629 162.567 -0.00164846 -0.346254 0.08372 0.268014 -0.349036 0.0825999 0.268572 
1670.84 0.774689 -10.504 15.2778 -1.61481 162.499 162.994 162.362 -0.181278 -0.31286 0.00456031 0.208733 -0.315714 0.00331724 0.209132 
1682.52 0.944034 -9.89841 16.0456 -2.13213 162.456 163.11 162.332 -0.267931 -0.349499 -0.00259583 0.158636 -0.35248 -0.00372227 0.15908 
1694.21 -0.0594796 -9.53299 16.4316 -3.51139 162.358 163.047 162.452 -0.394271 -0.327932 0.0741679 0.23563 -0.330872 0.0730504 0.23625 
1705.89 -0.896487 -10.6625 15.7557 -3.4457 162.379 162.931 162.531 -0.354724 -0.280517 0.142669 0.223883 -0.283304 0.141451 0.224502 
1717.58 -2.05028 -10.6715 15.7517 -4.59295 162.454 162.873 162.586 -0.278087 -0.216094 0.265262 -0.0453128 -0.218842 0.264008 -0.0447044 
1729.26 -2.41817 -9.74113 16.4304 -5.76542 162.633 162.907 162.427 -0.0364407 -0.107371 0.30235 -0.153707 -0.110125 0.301135 -0.15303 
1740.94 -1.65824 -9.44717 16.6749 -5.2747 162.618 162.98 162.418 -0.083399 -0.226459 0.153891 0.00804815 -0.229174 0.152742 0.00881127 
1752.63 -2.27643 -8.56065 15.7164 -5.85689 162.539 162.962 162.508 -0.198405 -0.129311 0.0149016 -0.00966456 -0.131955 0.0139372 -0.00881325 
1764.31 -4.13838 -8.26894 15.0845 -7.54873 162.572 162.787 162.701 -0.17449 -0.00725888 -0.115637 -0.091798 -0.00986571 -0.116631 -0.0909109 
1776 -4.40993 -8.34815 15.2377 -7.85729 162.62 162.801 162.7 -0.133746 -0.100034 -0.0677478 -0.144709 -0.102632 -0.0688414 -0.143872 
1787.68 -3.1616 -8.35924 15.9403 -6.95472 162.602 162.973 162.544 -0.159111 -0.118071 -0.00980748 -0.0871462 -0.120772 -0.0107357 -0.08639 
1799.37 -3.40831 -8.10432 16.4293 -7.57339 162.511 163.105 162.558 -0.322889 -0.0516326 0.0415432 0.0893908 -0.0543713 0.0405685 0.0901891 
1811.05 -5.29859 -7.65173 16.2513 -9.60098 162.497 163.091 162.609 -0.355346 -0.105753 0.102688 0.156743 -0.108415 0.101632 0.157742 
1822.73 -5.50889 -8.22816 15.1864 -8.9906 162.424 163.165 162.564 -0.443152 -0.118676 0.127201 0.0483654 -0.121305 0.126197 0.0493937 
1834.42 -4.45403 -9.37813 14.7744 -7.15473 162.561 163.082 162.456 -0.2109 -0.187146 0.135979 0.0131123 -0.189758 0.134888 0.0140029 
1846.1 -3.98748 -8.95854 15.3343 -7.17794 162.52 162.864 162.677 -0.253291 -0.279998 -0.00796584 0.048192 -0.282618 -0.00914773 0.0490177 
1857.79 -5.03361 -8.87314 14.9204 -8.05983 162.422 162.887 162.798 -0.423204 -0.25975 -0.0957575 0.0690697 -0.26232 -0.0969846 0.0699803 
1869.47 -6.49926 -8.66325 14.1053 -9.22286 162.382 163.089 162.638 -0.484061 -0.16268 0.0447097 -0.11471 -0.165198 0.0435582 -0.113678 
1881.16 -6.74141 -8.17634 14.6051 -9.95837 162.525 163.073 162.481 -0.254593 -0.315462 0.110562 -0.300716 -0.31801 0.109486 -0.299582 
1892.84 -6.40591 -9.10313 15.6641 -9.689 162.608 162.879 162.664 -0.166127 -0.442249 0.0324891 -0.375829 -0.444913 0.0313243 -0.374853 
1904.52 -5.95355 -10.1584 15.9355 -8.84471 162.589 162.773 162.795 -0.197567 -0.433848 -0.0721642 -0.236725 -0.436548 -0.0733939 -0.23586 
1916.21 -5.23076 -9.57956 15.4095 -8.14831 162.497 162.953 162.721 -0.342583 -0.389344 -0.0751584 -0.0857471 -0.391949 -0.0764448 -0.0848036 
1927.89 -5.46264 -9.08653 14.9263 -8.3851 162.679 162.82 162.679 -0.0732056 -0.3583 -0.0492319 -0.143143 -0.36095 -0.0506539 -0.142213 
1939.58 -5.88689 -9.24711 14.9674 -8.74961 162.896 162.569 162.782 0.217647 -0.404854 0.00201528 -0.215737 -0.407514 0.000665079 -0.214798 
1951.26 -4.94423 -8.71789 15.0652 -8.12048 162.827 162.621 162.867 0.0803926 -0.382456 0.0418438 -0.218524 -0.385001 0.0407174 -0.217461 
1962.94 -4.3676 -7.98331 13.9894 -7.37323 162.606 162.792 162.885 -0.234872 -0.330453 -0.0864121 -0.139978 -0.332972 -0.0874214 -0.138957 
1974.63 -5.51019 -7.71516 13.5423 -8.42633 162.489 162.962 162.741 -0.365555 -0.323701 -0.22306 -0.087127 -0.326367 -0.224185 -0.0860826 
1986.31 -6.25392 -8.64035 14.2691 -9.07088 162.67 162.924 162.497 -0.0431219 -0.421691 -0.136307 -0.153812 -0.424304 -0.137487 -0.152805 
1998 -5.56878 -8.81745 15.0322 -8.67875 162.774 162.755 162.477 0.155295 -0.47968 0.0874195 -0.203414 -0.482166 0.0863234 -0.202454 
2009.68 -4.65282 -8.57844 15.7798 -8.25608 162.713 162.661 162.61 0.0750106 -0.372465 0.19929 -0.121594 -0.37493 0.198155 -0.120702 
2021.37 -5.41137 -8.5156 14.7864 -8.54937 162.663 162.663 162.733 -0.0376429 -0.233721 0.17352 -0.132574 -0.236097 0.172311 -0.131605 
2033.05 -5.93193 -7.96876 13.97 -8.93512 162.672 162.631 162.736 -0.0140229 -0.322383 0.0923513 -0.143011 -0.324713 0.091092 -0.141893 
2044.73 -5.2982 -6.95318 15.167 -9.40769 162.807 162.589 162.564 0.228359 -0.460331 0.0626514 -0.205849 -0.462809 0.0614841 -0.20469 
2056.42 -5.00546 -6.55467 15.4635 -9.46246 162.92 162.804 162.272 0.379715 -0.483072 0.151144 -0.319387 -0.485644 0.150051 -0.318375 
2068.1 -5.64166 -7.98394 14.3827 -8.8436 162.777 162.974 162.279 0.147646 -0.419076 0.148038 -0.418105 -0.421504 0.146927 -0.417052 
2079.79 -5.66496 -8.80551 14.974 -8.75177 162.635 162.809 162.491 -0.017308 -0.24749 0.131372 -0.487421 -0.249901 0.130152 -0.486269 
2091.47 -5.39848 -7.68336 15.0735 -9.09611 162.683 162.604 162.599 0.0788264 -0.237194 0.0486526 -0.300664 -0.239754 0.0474214 -0.299551 
2103.16 -5.65828 -6.74088 14.5039 -9.54238 162.549 162.722 162.604 -0.116924 -0.446517 -0.0842028 -0.0757299 -0.449155 -0.0853371 -0.0745881 
2114.84 -5.44498 -6.53737 15.2337 -9.79572 162.455 162.751 162.589 -0.218506 -0.383352 -0.171348 -0.00203952 -0.385952 -0.17239 -0.000932463 
2126.52 -4.45159 -6.31776 15.8657 -9.22812 162.536 162.684 162.564 -0.0906599 -0.25453 -0.104583 0.0397288 -0.257204 -0.105636 0.0407347 
2138.21 -4.45376 -5.70721 15.1433 -9.1744 162.506 162.76 162.609 -0.180867 -0.301359 0.121962 0.0190162 -0.304009 0.12081 0.0200505 
2149.89 -5.61248 -5.66068 14.4455 -10.0075 162.628 162.797 162.532 -0.0390614 -0.318436 0.123034 -0.14291 -0.321006 0.121863 -0.141827 
2161.58 -6.52193 -6.1093 13.7853 -10.3625 162.667 162.845 162.412 0.0358734 -0.368009 -0.14199 -0.335757 -0.370596 -0.143056 -0.334576 
2173.26 -5.68702 -6.32928 14.734 -9.892 162.616 162.911 162.35 -0.0164434 -0.226932 -0.40335 -0.430627 -0.229577 -0.404424 -0.429499 
2184.94 -4.86264 -6.02583 15.9488 -9.8267 162.584 162.949 162.409 -0.0976497 -0.0967964 -0.21362 -0.311246 -0.0994463 -0.214752 -0.31022 
2196.63 -5.18192 -6.34434 14.2594 -9.14204 162.61 162.968 162.38 -0.0661219 -0.108941 0.0526646 -0.0788426 -0.111517 0.051559 -0.077799 
2208.31 -5.21071 -6.98761 13.0012 -8.22011 162.708 162.991 162.296 0.0616483 -0.200058 0.128371 -0.063285 -0.202597 0.127277 -0.0623786 
2220 -4.93147 -7.25717 13.1149 -7.86292 162.775 162.935 162.324 0.143264 -0.202691 0.101139 -0.105468 -0.205205 0.0999821 -0.104574 
2231.68 -4.88831 -6.92635 12.9968 -7.92614 162.568 163 162.492 -0.180251 -0.253137 0.0532526 -0.0452263 -0.255569 0.0520203 -0.0441896 
2243.37 -4.75038 -7.35615 13.3684 -7.75908 162.361 163.201 162.525 -0.504192 -0.263335 0.0454658 -0.0666232 -0.26576 0.044337 -0.0655036 
2255.05 -5.52307 -7.88778 13.5389 -8.35123 162.431 163.108 162.527 -0.389368 -0.163133 0.106616 -0.150572 -0.165626 0.105523 -0.149456 
2266.73 -5.95177 -7.89324 13.171 -8.59326 162.602 162.982 162.54 -0.16185 -0.127273 0.216765 -0.111387 -0.12981 0.215598 -0.110192 
2278.42 -5.6426 -7.73925 13.8514 -8.70126 162.609 163.038 162.518 -0.171263 -0.21343 0.165604 -0.0716627 -0.216016 0.164473 -0.0704454 
2290.1 -5.15701 -7.34465 15.4508 -9.21266 162.523 163.074 162.526 -0.278864 -0.320894 0.077522 -0.00870585 -0.323454 0.0765083 -0.00768716 
2301.79 -4.6265 -6.91003 14.8561 -8.60212 162.414 163.168 162.569 -0.456491 -0.155011 0.0285914 0.0101063 -0.157469 0.0276069 0.0111128 
2313.47 -4.34703 -6.37386 13.666 -7.99567 162.548 163.097 162.566 -0.28656 0.0594323 -0.101084 0.110941 0.0569601 -0.102123 0.11202 
2325.16 -4.91984 -6.91272 13.9849 -8.45854 162.554 162.927 162.702 -0.263792 0.0370739 -0.138023 0.104406 0.034616 -0.13914 0.10543 
2336.84 -5.50442 -7.98761 13.8125 -8.41944 162.581 162.833 162.769 -0.222601 -0.151699 -0.0643808 0.0350836 -0.154129 -0.0655793 0.0361617 
2348.52 -4.81218 -7.65313 13.5046 -7.74049 162.608 162.986 162.6 -0.187606 -0.0163664 0.0628222 0.0465742 -0.018758 0.0616635 0.0475757 
2360.21 -4.46135 -7.14436 14.2096 -7.99653 162.713 162.966 162.535 -0.040492 0.0217518 0.00983955 0.16584 0.0193305 0.008816 0.166822 
2371.89 -5.80378 -7.58588 15.3994 -9.71313 162.798 163.006 162.42 0.0825282 0.0518218 0.0785427 0.28906 0.0492593 0.0776009 0.290134 
2383.58 -6.6715 -7.94444 15.2672 -10.3355 162.61 163.281 162.335 -0.200535 -0.0271704 0.358259 0.182585 -0.0298105 0.357233 0.183736 
2395.26 -5.98634 -7.35672 15.0147 -9.8179 162.359 163.399 162.484 -0.585271 -0.134452 0.372145 0.0717737 -0.137076 0.371062 0.0729353 
2406.94 -5.09007 -7.55534 14.8444 -8.73718 162.492 163.088 162.639 -0.373627 -0.157343 0.154878 0.0541191 -0.15992 0.153773 0.0552503 
2418.63 -6.04952 -7.5326 14.0877 -9.32962 162.571 162.93 162.658 -0.225223 -0.138477 0.0529431 0.109391 -0.14096 0.0518999 0.110543 
2430.31 -6.95702 -6.3853 13.7894 -10.6616 162.53 162.952 162.646 -0.271527 -0.134874 0.0740507 0.121161 -0.13729 0.0731144 0.122368 
2442 -6.82175 -5.68809 14.3845 -11.1726 162.536 162.913 162.663 -0.254423 -0.0162467 0.080392 0.118487 -0.0188993 0.0795249 0.119795 
2453.68 -6.19881 -6.86848 14.4049 -9.96963 162.497 163.002 162.636 -0.325448 -0.0393008 -0.0205986 0.117786 -0.0419744 -0.0215824 0.119032 
2465.37 -5.5251 -7.71237 13.7993 -8.57113 162.498 163.05 162.63 -0.34457 -0.207797 -0.00733618 0.107961 -0.210278 -0.00848279 0.109024 
2477.05 -6.09298 -6.52555 12.8358 -9.25069 162.593 163.029 162.599 -0.223597 -0.233595 -0.0316953 0.0294421 -0.235989 -0.0327943 0.0306435 
2488.73 -6.39148 -6.0039 12.8141 -9.79916 162.732 162.92 162.546 -0.00354613 0.0634161 -0.0269652 -0.0673383 0.0609135 -0.0279995 -0.0661238 
2500.42 -6.08324 -6.91984 13.1481 -9.19994 162.826 162.865 162.489 0.146901 0.248648 -0.0836118 0.0232201 0.246249 -0.0846626 0.0243665 
2512.1 -5.2675 -7.04074 12.8686 -8.18401 162.853 162.939 162.42 0.170328 0.0237862 -0.115479 0.0892919 0.0214373 -0.116553 0.0904488 
2523.79 -4.8813 -6.38863 12.4998 -7.93944 162.852 162.83 162.514 0.177208 -0.046399 -0.152781 0.0418089 -0.0488203 -0.153944 0.0428942 
2535.47 -4.99683 -6.20059 13.072 -8.43511 162.814 162.709 162.647 0.13304 0.0408473 -0.113743 -0.0682722 0.0384192 -0.114781 -0.0672062 
2547.16 -5.24217 -6.9841 13.7601 -8.63274 162.77 162.795 162.601 0.0694131 0.128607 -0.0343442 0.00892431 0.126172 -0.0353231 0.0100827 
2558.84 -5.59624 -6.89642 14.0781 -9.18969 162.723 162.883 162.575 -0.00870854 -0.0242219 0.0698424 0.0273663 -0.0265959 0.068744 0.0285547 
2570.52 -5.8587 -6.76796 14.1766 -9.56562 162.632 162.825 162.648 -0.106743 -0.26177 0.0267965 0.171993 -0.264091 0.0256261 0.173203 
2582.21 -5.40486 -7.15005 13.9607 -8.81276 162.589 162.889 162.582 -0.149124 -0.281769 -0.0868998 0.277172 -0.284148 -0.0881816 0.278336 
2593.89 -4.16067 -7.08829 13.8523 -7.54524 162.597 163.058 162.352 -0.110965 -0.235271 -0.109554 0.2048 -0.237694 -0.110923 0.205873 
2605.58 -3.72666 -6.60094 15.011 -7.93427 162.779 162.934 162.259 0.180042 -0.03478 -0.128323 0.199107 -0.0372292 -0.129675 0.200189 
2617.26 -3.90769 -7.28402 14.8609 -7.6987 162.787 162.854 162.398 0.158052 0.0163381 -0.0867475 0.304125 0.0139237 -0.0880461 0.30517 
2628.94 -4.56923 -8.08646 13.1034 -7.08029 162.639 162.91 162.495 -0.0659244 0.0500542 -0.0183658 0.236233 0.0477279 -0.0195766 0.237289 
2640.63 -3.43916 -8.17096 13.7977 -6.25511 162.6 162.867 162.519 -0.0953737 -0.0606914 0.0263892 0.0237468 -0.0630385 0.0251028 0.0248461 
2652.31 -2.37697 -7.63175 15.8731 -6.50024 162.741 162.705 162.553 0.109443 -0.113045 -0.0289378 -0.0751371 -0.115556 -0.0303406 -0.073976 
2664 -1.82826 -7.78859 15.6296 -5.75134 162.714 162.827 162.543 0.0269951 -0.096961 -0.0537633 -0.0346721 -0.0995432 -0.0551539 -0.0336118 
2675.68 -1.83386 -8.12365 13.9299 -4.73956 162.653 162.968 162.522 -0.0942598 0.00297406 -0.0381567 0.0178212 0.000539305 -0.0394374 0.0188631 
2687.37 -2.18514 -7.98381 13.0661 -4.72888 162.757 162.958 162.49 0.0304031 0.0555432 0.174066 -0.0527401 0.0532655 0.172716 -0.0516718 
2699.05 -2.74699 -6.96996 13.0558 -5.79248 162.847 162.753 162.585 0.174962 -0.0461258 0.267973 -0.00503752 -0.0483936 0.266591 -0.00403023 
2710.73 -2.15811 -6.67803 13.3713 -5.5073 162.721 162.69 162.709 0.0182847 -0.257409 0.260943 0.146348 -0.259686 0.259707 0.147364 
2722.42 -1.57161 -7.18948 12.6545 -4.3067 162.53 162.745 162.749 -0.220022 -0.231186 0.136655 0.113053 -0.233433 0.13551 0.114077 
2734.1 -2.37121 -8.0292 12.6162 -4.66728 162.387 162.993 162.611 -0.417248 -0.231286 0.0385672 0.0354007 -0.233429 0.0373949 0.0364785 
2745.79 -2.654 -8.098 13.0556 -5.13542 162.483 163.067 162.458 -0.28177 -0.258538 -0.123146 -0.127542 -0.260614 -0.124379 -0.126581 
2757.47 -2.92944 -7.76893 12.566 -5.33058 162.567 162.884 162.585 -0.170441 -0.156729 -0.216251 -0.0681044 -0.158889 -0.217557 -0.067111 
2769.16 -3.7548 -7.05004 12.5727 -6.51872 162.61 162.758 162.602 -0.0724951 -0.0774488 -0.255313 -0.155759 -0.0795745 -0.256493 -0.154692 
2780.84 -3.83564 -6.61785 13.2281 -7.14332 162.661 162.863 162.42 0.017291 -0.258419 -0.128534 -0.246675 -0.260405 -0.129552 -0.245696 
2792.52 -3.036 -6.75482 13.263 -6.29265 162.65 163.045 162.285 -0.0172695 -0.394511 0.00695095 -0.31633 -0.39649 0.00596592 -0.315426 
2804.21 -2.75107 -6.65953 13.6628 -6.25532 162.623 163.136 162.253 -0.0737459 -0.279817 0.0795506 -0.167609 -0.281944 0.0784339 -0.166731 
2815.89 -3.65713 -7.07271 14.0283 -7.13751 162.581 163.226 162.202 -0.135969 -0.308275 0.139692 -0.0601011 -0.310478 0.138492 -0.0591682 
2827.58 -4.24833 -6.33623 13.569 -7.86728 162.539 163.133 162.292 -0.175857 -0.477196 0.230847 0.000642689 -0.479384 0.22984 0.00167157 
2839.26 -3.9582 -6.02298 13.5853 -7.74194 162.701 163.03 162.221 0.0723902 -0.484405 0.303201 0.0113939 -0.486591 0.302201 0.0124342 
2850.94 -3.3686 -6.72351 13.7663 -6.89256 162.752 163.029 162.206 0.132513 -0.353819 0.314964 0.0427372 -0.356014 0.313824 0.0437142 
2862.63 -2.77867 -6.60997 11.9124 -5.43248 162.598 163.048 162.329 -0.092796 -0.297051 0.201892 -0.0109636 -0.299165 0.200748 -0.0100991 
2874.31 -2.16128 -7.43394 12.379 -4.63638 162.547 163.011 162.39 -0.156823 -0.22489 0.252009 -0.0485551 -0.226998 0.250852 -0.0478198 
2886 -2.88648 -7.64942 13.8412 -5.98496 162.621 162.869 162.465 -0.048145 -0.237714 0.17839 0.016019 -0.23983 0.17732 0.0168959 
2897.68 -3.70903 -6.60866 13.9345 -7.37456 162.562 163.013 162.422 -0.157356 -0.190048 0.045901 0.0821638 -0.192175 0.0449243 0.0831551 
2909.37 -3.36586 -6.72238 13.5038 -6.75914 162.583 163.071 162.238 -0.0744796 -0.0924318 -0.0984539 0.174539 -0.0946844 -0.099415 0.175484 
2921.05 -2.75491 -7.22773 13.0476 -5.66742 162.767 162.858 162.22 0.225906 -0.190209 -0.101325 0.185854 -0.192446 -0.102342 0.18668 
2932.73 -3.19677 -7.3178 13.3243 -6.20258 162.769 162.689 162.41 0.216544 -0.273497 0.0131622 0.108026 -0.27568 0.0121354 0.108933 
2944.42 -2.90084 -7.27406 13.2308 -5.8818 162.599 162.588 162.67 -0.0327488 -0.158552 0.0617128 0.0830834 -0.160719 0.0605109 0.0839569 
2956.1 -2.39125 -7.80668 12.7705 -4.87574 162.649 162.661 162.583 0.0243404 -0.0666385 0.0596657 0.0428551 -0.068727 0.0583956 0.0436297 
2967.79 -3.21431 -8.70466 13.1603 -5.44471 162.77 162.796 162.373 0.18269 -0.12196 -0.034334 0.0183114 -0.123999 -0.0355055 0.0192043 
2979.47 -3.75393 -8.04966 13.3733 -6.41833 162.987 162.819 162.121 0.514312 -0.22501 -0.0570397 0.00302515 -0.226964 -0.0582887 0.00402136 
2991.16 -3.3881 -7.56412 12.9536 -6.08544 163.043 162.696 162.216 0.584311 -0.28006 -0.0827192 0.0938979 -0.282031 -0.0841116 0.0947846 
3002.84 -2.87067 -8.28444 12.8977 -5.17987 162.898 162.713 162.404 0.336822 -0.252704 -0.0728755 0.0456478 -0.254808 -0.074224 0.0465388 
3014.52 -3.00684 -7.59875 12.5424 -5.48124 162.817 162.636 162.519 0.237157 -0.216685 -0.0729081 0.104493 -0.218773 -0.0741443 0.105349 
3026.21 -3.23866 -6.99918 12.6436 -6.06346 162.873 162.583 162.527 0.315845 -0.299092 -0.105207 0.277234 -0.301139 -0.106478 0.278028 
3037.89 -2.34084 -7.62205 13.1319 -5.09833 162.89 162.542 162.505 0.364377 -0.294871 -0.154753 0.277865 -0.297062 -0.156133 0.278747 
3049.58 -1.72265 -7.79356 13.1501 -4.4035 162.859 162.607 162.443 0.331717 -0.149888 -0.0462119 0.263933 -0.152046 -0.0475432 0.264828 
3061.26 -1.79366 -7.82513 12.6568 -4.21207 162.852 162.625 162.499 0.287307 -0.0722344 0.0664858 0.321935 -0.0742214 0.0652294 0.322661 
3072.94 -2.04408 -7.14287 12.3601 -4.65525 162.883 162.829 162.396 0.268262 -0.231532 0.168532 0.419744 -0.233486 0.167221 0.42042 
3084.63 -2.05185 -6.58826 12.798 -5.1593 162.771 162.84 162.485 0.105997 -0.338689 0.11494 0.307603 -0.340744 0.11351 0.308313 
3096.31 -2.41042 -7.55178 13.5718 -5.423 162.634 162.974 162.419 -0.0654262 -0.294021 0.0521963 0.147791 -0.296113 0.0507496 0.148523 
3108 -2.49295 -7.84163 14.1196 -5.63451 162.731 162.991 162.351 0.0576535 -0.0806365 0.11268 0.0573346 -0.0827012 0.111309 0.0581006 
3119.68 -2.06877 -7.4029 14.9905 -5.86513 162.812 162.817 162.387 0.207234 0.0347416 -0.00877941 0.158973 0.0326357 -0.0100679 0.159751 
3131.37 -1.94281 -7.27097 15.0196 -5.81975 162.933 162.749 162.26 0.426181 0.0872383 -0.149723 0.315413 0.0851869 -0.150979 0.316224 
3143.05 -1.33925 -7.70234 14.9401 -4.96073 163.039 162.738 162.193 0.571655 -0.0251205 -0.122462 0.336827 -0.0271538 -0.123902 0.337605 
3154.73 -1.8863 -8.10981 15.8657 -5.76684 163.071 162.735 162.264 0.568776 -0.157745 -0.0657368 0.205877 -0.159983 -0.0672511 0.20675 
3166.42 -2.75034 -7.58071 16.1423 -7.03374 162.972 162.772 162.298 0.433618 -0.138748 -0.0509965 0.121209 -0.141014 -0.0522605 0.122181 
3178.1 -2.3707 -6.46116 15.2984 -6.79191 162.891 162.749 162.408 0.309541 -0.021208 0.0881765 0.211588 -0.0232974 0.0870215 0.212466 
3189.79 -1.8393 -6.53703 14.9324 -6.03959 162.578 162.911 162.651 -0.20488 0.0652765 0.0260737 0.206064 0.0631715 0.0248822 0.206933 
3201.47 -1.80094 -7.18393 15.7041 -6.06362 162.544 162.971 162.73 -0.308641 -0.0416204 -0.049871 0.15325 -0.0439566 -0.0510198 0.154166 
3213.16 -2.38714 -7.44822 16.1776 -6.75441 162.975 162.861 162.471 0.30586 -0.100623 -0.0948652 0.009497 -0.103014 -0.0959977 0.0104236 
3224.84 -2.33041 -7.34417 15.5854 -6.4536 163.018 162.867 162.407 0.378783 0.0667684 -0.0822765 0.103652 0.064539 -0.083503 0.104479 
3236.52 -2.24607 -6.40168 14.711 -6.40331 162.788 163.126 162.361 0.0413889 0.051884 -0.105125 0.408431 0.0496532 -0.106314 0.409295 
3248.21 -2.6393 -6.00799 14.0633 -6.66952 162.724 163.087 162.441 -0.0427465 0.0104294 -0.143016 0.353938 0.00818413 -0.144164 0.354901 
3259.89 -1.82838 -5.86479 13.9084 -5.85279 162.913 162.884 162.456 0.240199 0.0873919 -0.185025 -0.0130345 0.0852501 -0.186114 -0.0121462 
3271.58 -1.04811 -5.67994 13.4887 -4.95508 162.974 162.834 162.447 0.331077 0.113639 -0.0864718 -0.133544 0.111621 -0.0875225 -0.132736 
3283.26 -0.637633 -5.52008 13.2795 -4.51993 162.915 162.928 162.383 0.25676 -0.114452 -0.136184 0.0679292 -0.116549 -0.137318 0.0687624 
3294.94 -0.322064 -5.55319 13.6575 -4.37682 162.837 163.047 162.281 0.170622 -0.326964 -0.14307 0.418664 -0.329159 -0.144237 0.419404 
3306.63 -1.20519 -5.97212 14.5929 -5.51817 162.657 163.158 162.372 -0.110592 -0.205753 0.00318052 0.541154 -0.20792 0.00206742 0.541875 
3318.31 -1.38544 -6.36714 15.4376 -5.92327 162.842 162.962 162.367 0.174181 -0.0232615 0.0251691 0.290187 -0.0254374 0.0240468 0.291011 
3330 -0.740378 -6.237 15.4951 -5.37202 163.043 162.612 162.503 0.482747 0.000229032 -0.180838 0.0410604 -0.00190636 -0.181916 0.0417859 
3341.68 -0.398087 -6.62438 14.4213 -4.29913 162.816 162.654 162.707 0.133307 0.0456854 -0.212032 0.156157 0.0436002 -0.21315 0.156776 
3353.37 -0.501847 -6.27733 14.1506 -4.44104 162.751 162.783 162.622 0.0454732 0.083199 -0.180768 0.333782 0.0811323 -0.18185 0.334445 
3365.05 -1.07659 -6.23759 15.6569 -5.78885 162.909 162.795 162.407 0.305255 0.0471133 -0.219405 0.308998 0.0448656 -0.220406 0.309726 
3376.73 -1.40409 -7.02342 16.0105 -5.90022 163.031 162.703 162.358 0.498109 -0.099919 -0.146328 0.104191 -0.102274 -0.147398 0.104949 
3388.42 -2.06757 -6.37901 14.7842 -6.27276 162.992 162.617 162.483 0.438949 -0.2017 0.0197074 0.114808 -0.203891 0.0186527 0.115626 
3400.1 -2.39606 -5.83078 15.12 -7.04327 162.982 162.641 162.551 0.383111 -0.164902 0.0101062 0.262214 -0.167009 0.00911451 0.262994 
3411.79 -1.06034 -6.25709 16.2174 -6.04309 162.8 162.832 162.561 0.101043 -0.277619 -0.0957346 0.18456 -0.279821 -0.0967761 0.185231 
3423.47 -1.30721 -6.21586 15.7142 -6.05896 162.752 162.859 162.552 0.0442089 -0.340309 -0.10451 -0.0253185 -0.34249 -0.10553 -0.0245743 
3435.16 -2.66534 -6.32376 15.3911 -7.2016 162.703 162.978 162.456 -0.0169521 -0.335374 -0.192132 -0.0202809 -0.337507 -0.193167 -0.0193982 
3446.84 -3.23761 -6.33023 15.4008 -7.77545 162.551 163.004 162.573 -0.240265 -0.234962 -0.192622 0.191667 -0.237119 -0.193681 0.192582 
3458.52 -2.85378 -7.02949 15.7855 -7.23439 162.404 162.869 162.799 -0.432951 -0.168499 0.000846545 0.245803 -0.170689 -0.000142258 0.24664 
3470.21 -2.74061 -7.59725 15.9083 -6.89875 162.593 162.734 162.74 -0.147036 -0.0974128 -0.00615307 0.118759 -0.0995499 -0.00707135 0.119536 
3481.89 -3.15252 -7.51456 15.9055 -7.35056 162.777 162.728 162.5 0.160562 -0.179708 -0.122448 -0.0663073 -0.181791 -0.123413 -0.0655629 
3493.58 -3.42528 -6.64548 16.1434 -8.17685 162.723 162.91 162.348 0.0918665 -0.316579 -0.225994 0.0181119 -0.318679 -0.226829 0.0189088 
3505.26 -2.97806 -6.40618 15.9614 -7.75824 162.768 162.991 162.265 0.137483 -0.265543 -0.0930252 0.0709149 -0.267675 -0.0936994 0.0716937 
3516.94 -2.78484 -6.64246 15.8132 -7.37279 162.675 163.168 162.217 -0.0203539 -0.00343819 0.104688 -0.0268638 -0.00559749 0.103849 -0.0260639 
3528.63 -2.5849 -7.06954 15.5024 -6.80393 162.559 163.212 162.27 -0.184547 0.078641 0.173697 -0.0904601 0.0763969 0.172677 -0.0895825 
3540.31 -1.68709 -7.86903 14.7345 -5.12242 162.563 163.168 162.365 -0.2057 -0.0518836 -0.0321755 -0.10992 -0.0541469 -0.033187 -0.109084 
3552 -1.36095 -8.45917 14.1461 -4.20699 162.622 163.167 162.327 -0.127958 -0.0959963 -0.16222 -0.0100625 -0.0982448 -0.163195 -0.00925419 
3563.68 -2.12754 -7.85569 13.7608 -5.08268 162.742 163.05 162.339 0.045128 0.0110376 -0.0748704 -0.0130033 0.0089203 -0.0756808 -0.0121318 
3575.37 -2.33809 -7.94843 13.937 -5.33495 162.773 162.935 162.475 0.0659524 0.0933804 0.145388 -0.163223 0.0912896 0.144558 -0.16229 
3587.05 -1.6227 -8.35962 13.81 -4.3505 162.705 162.876 162.638 -0.0543514 -0.00777887 0.103204 -0.245197 -0.00999754 0.102299 -0.244325 
3598.73 -2.18956 -8.29367 13.799 -4.9448 162.578 162.868 162.685 -0.201563 -0.0888946 0.0158201 -0.176334 -0.0911066 0.0148315 -0.175409 
3610.42 -2.99891 -7.78135 14.0849 -6.15326 162.553 162.817 162.698 -0.207053 -0.0316699 0.00441009 -0.111351 -0.0337322 0.00345368 -0.110419 
3622.1 -2.82808 -7.08026 13.7728 -6.17693 162.6 162.753 162.728 -0.143349 0.110765 0.22474 -0.146638 0.108685 0.223736 -0.145779 
3633.79 -2.72962 -7.31126 14.3095 -6.23131 162.804 162.568 162.763 0.135443 0.0896448 0.21348 0.0175801 0.0873107 0.212437 0.0183055 
3645.47 -2.78595 -8.0978 14.9348 -6.20706 163.038 162.464 162.606 0.499985 -0.0778119 0.133104 0.188254 -0.0802939 0.131977 0.188938 
3657.16 -2.35236 -7.95843 15.3753 -6.06338 162.914 162.708 162.455 0.329598 -0.26564 0.0960598 0.129381 -0.26807 0.0949281 0.13022 
3668.84 -2.49028 -7.97501 14.1089 -5.55979 162.859 162.929 162.282 0.251402 -0.265318 0.0419317 0.0908716 -0.267583 0.0407955 0.0918018 
3680.52 -2.77201 -7.78709 12.1387 -4.95041 162.765 162.801 162.506 0.10897 -0.202497 -0.0905367 0.167457 -0.204667 -0.0917147 0.168352 
3692.21 -1.85027 -7.57571 12.6659 -4.39796 162.62 162.482 162.891 -0.0691137 -0.141519 -0.0024182 0.187045 -0.143794 -0.00349451 0.187856 
3703.89 -1.67516 -7.82947 13.796 -4.66102 162.64 162.393 162.904 -0.0113207 -0.0713785 0.206358 0.291528 -0.0737404 0.205287 0.29237 
3715.58 -2.51672 -8.17042 13.7335 -5.30086 162.741 162.409 162.766 0.151221 -0.0662373 0.204351 0.298861 -0.068598 0.20322 0.299736 
3727.26 -2.87436 -7.46529 13.883 -6.08579 162.619 162.477 162.768 -0.00559248 -0.26311 0.156176 0.244652 -0.265455 0.155096 0.245528 
3738.94 -3.01853 -7.00774 14.5524 -6.79342 162.512 162.374 162.951 -0.153407 -0.425374 0.208879 0.193546 -0.427628 0.207844 0.194492 
3750.63 -2.60189 -8.04761 14.7169 -5.93911 162.477 162.39 162.97 -0.205005 -0.362246 0.2514 0.354548 -0.36441 0.250269 0.355444 
3762.31 -3.0739 -8.08931 14.3203 -6.19197 162.49 162.444 162.887 -0.178277 -0.127043 0.13144 0.3619 -0.129201 0.130292 0.362739 
3774 -3.9489 -7.95993 14.6509 -7.29698 162.616 162.336 162.805 0.0434072 -0.00231174 0.0363264 0.382401 -0.00451816 0.0352412 0.383281 
3785.68 -4.18445 -8.35756 14.4881 -7.25232 162.71 162.356 162.738 0.159851 0.107803 -0.022188 0.411925 0.105667 -0.0233625 0.41273 
3797.37 -3.38719 -8.87643 14.3449 -6.12401 162.516 162.589 162.736 -0.148199 -0.00159838 -0.0856338 0.251785 -0.00366153 -0.0868398 0.252439 
3809.05 -3.51755 -9.14118 15.1752 -6.53716 162.412 162.666 162.782 -0.314146 -0.147302 -0.0199731 0.046178 -0.149404 -0.0211106 0.0467671 
3820.73 -4.72573 -10.0204 16.2029 -7.81959 162.657 162.503 162.724 0.0410101 -0.215318 -0.0771755 0.109783 -0.217558 -0.0782236 0.110529 
3832.42 -4.30172 -9.45684 16.336 -7.74387 162.692 162.508 162.687 0.0926462 -0.23691 -0.0293063 0.194807 -0.239098 -0.030283 0.195675 
3844.1 -3.50198 -8.65299 16.1948 -7.27543 162.791 162.432 162.697 0.223647 -0.209925 -0.062981 0.0805368 -0.212082 -0.0638631 0.0812738 
3855.79 -2.90675 -9.39723 15.9875 -6.20447 162.767 162.495 162.593 0.220262 -0.181101 -0.130976 -0.0924252 -0.183377 -0.131948 -0.0918385 
3867.47 -2.92085 -9.37886 15.8034 -6.13572 162.773 162.457 162.622 0.231212 -0.202611 -0.24067 -0.0673836 -0.204901 -0.241652 -0.066762 
3879.16 -3.65198 -8.23766 15.9233 -7.49741 162.804 162.437 162.721 0.22222 -0.174001 -0.365549 0.00885247 -0.176167 -0.366434 0.00955383 
3890.84 -3.28157 -8.08433 16.2682 -7.3761 162.745 162.527 162.702 0.128138 -0.027419 -0.409347 0.160635 -0.0295347 -0.410235 0.161267 
3902.52 -1.97606 -8.93547 15.4563 -5.23907 162.608 162.622 162.682 -0.0465283 0.0349394 -0.296433 0.269705 0.0328128 -0.297409 0.270305 
3914.21 -2.16606 -9.35159 14.104 -4.54483 162.65 162.812 162.527 -0.0222287 0.136254 -0.242878 0.116284 0.134194 -0.243842 0.117014 
3925.89 -3.11278 -9.38655 13.5133 -5.17876 162.564 163.012 162.499 -0.1941 0.128949 -0.210583 0.0936224 0.126942 -0.211457 0.0944031 
3937.58 -3.43167 -8.76962 13.3115 -5.70521 162.482 162.891 162.749 -0.340878 0.0489621 -0.250566 0.110618 0.0469586 -0.251345 0.11134 
3949.26 -3.00006 -8.77829 13.6604 -5.4437 162.617 162.655 162.893 -0.159046 -0.0260331 -0.261152 0.0959424 -0.0280148 -0.262019 0.0966194 
3960.94 -3.01192 -9.81438 13.8264 -5.0205 162.779 162.708 162.702 0.0709195 -0.0794609 -0.230104 0.115998 -0.0814309 -0.23109 0.116761 
3972.63 -3.19259 -9.46283 14.15 -5.53876 162.769 162.912 162.564 0.0284682 -0.121344 -0.168102 0.13583 -0.123333 -0.169029 0.136597 
3984.31 -3.11942 -9.26792 14.5596 -5.76785 162.745 162.898 162.632 -0.022176 -0.0710581 -0.357917 0.0802311 -0.0731527 -0.358961 0.080874 
3996 -2.75656 -9.62871 13.3947 -4.64216 162.688 162.721 162.866 -0.10782 -0.0487619 -0.460056 0.0399588 -0.050722 -0.461093 0.0405477 
4007.68 -2.83011 -9.1107 13.4125 -4.98362 162.687 162.675 162.921 -0.113155 -0.165598 -0.343278 -0.0819405 -0.167483 -0.344247 -0.0813275 
4019.37 -3.88578 -9.53472 14.8522 -6.54709 162.834 162.721 162.759 0.0914391 -0.212368 -0.28507 -0.179091 -0.214367 -0.286022 -0.178439 
4031.05 -4.08437 -10.3698 14.8113 -6.30772 163.007 162.723 162.637 0.324308 -0.100566 -0.283238 -0.109479 -0.102529 -0.284236 -0.108817 
4042.73 -3.46059 -10.383 13.7701 -5.15671 162.808 162.793 162.72 0.0491655 0.0680794 -0.241006 0.11672 0.0661694 -0.241907 0.117399 
4054.42 -2.59202 -9.33137 14.0298 -4.94384 162.695 162.771 162.821 -0.103702 0.0368856 -0.0439802 0.172273 0.0349197 -0.0447956 0.172935 
4066.1 -2.82292 -8.95011 14.8236 -5.76225 162.685 162.733 162.866 -0.116971 -0.0580232 -0.102319 0.0796794 -0.0600109 -0.10319 0.0803006 
4077.79 -3.86093 -10.2257 14.8503 -6.1758 162.712 162.738 162.803 -0.0611645 -0.000878282 -0.198969 0.0507734 -0.00286989 -0.199861 0.051314 
