0.4 0.00140456 0.333368 0.00668765 0.00156527 -0.00219449 0.00173659 0.00092763 0.000983283 
12.4 0.00130797 0.333347 0.00628363 0.0016932 -0.00217676 0.00172634 0.0007733 0.000827367 
24.4 0.00130969 0.333382 0.00588386 0.00173824 -0.00225029 0.00165162 0.000843859 0.000883405 
36.4 0.00129965 0.333383 0.00555454 0.0018578 -0.00267308 0.00157249 0.000913065 0.000931175 
48.4 0.00129571 0.333378 0.00563765 0.0017755 -0.00264014 0.00154186 0.00100423 0.000984121 
60.4 0.00127654 0.333282 0.00583539 0.00156595 -0.00242083 0.00151707 0.00100565 0.000969966 
72.4 0.00135248 0.333184 0.00618039 0.00166585 -0.00186325 0.00179053 0.000884418 0.000879035 
84.4 0.00141522 0.33315 0.00641041 0.00177432 -0.00153486 0.00197889 0.000902164 0.00087267 
96.4 0.00144793 0.33317 0.00647641 0.00186112 -0.00139416 0.00205394 0.000946753 0.000896729 
108.4 0.00143257 0.33321 0.00625567 0.00177452 -0.00131415 0.00193198 0.000988099 0.000931056 
120.4 0.00125825 0.333112 0.00589471 0.00140091 -0.00111426 0.00165149 0.000860932 0.000813059 
132.4 0.00118027 0.333173 0.00548238 0.00146026 -0.000994643 0.00161494 0.000709003 0.000692368 
144.4 0.00133742 0.333296 0.00561555 0.00173235 -0.000793603 0.00185091 0.000803922 0.000786733 
156.4 0.00148856 0.333241 0.00607041 0.00181842 -0.000535335 0.00203707 0.000976855 0.000940675 
168.4 0.00156891 0.333301 0.00659149 0.00170798 -0.000718524 0.0020468 0.00106568 0.00108725 
180.4 0.00156091 0.333329 0.00655847 0.00167986 -0.00149443 0.00190605 0.00110222 0.00117636 
192.4 0.00142848 0.333319 0.00634794 0.00154721 -0.00188037 0.00173326 0.00103697 0.00108788 
204.4 0.00119541 0.333359 0.00568344 0.00136785 -0.00163219 0.00148746 0.000836874 0.000887289 
216.4 0.000955962 0.333399 0.00491148 0.0011591 -0.00139123 0.00120924 0.000599503 0.00067879 
228.4 0.000965965 0.333343 0.00514929 0.000979863 -0.00143467 0.0011657 0.000645999 0.00072376 
240.4 0.00102272 0.333358 0.00586616 0.000947747 -0.00180119 0.00123369 0.000748 0.000793452 
252.4 0.000980617 0.333337 0.00599868 0.0011283 -0.00220212 0.00128431 0.000655749 0.000679555 
264.4 0.000910614 0.333487 0.00580904 0.00129077 -0.00224177 0.00132946 0.000503711 0.000506456 
276.4 0.000844763 0.333616 0.00545966 0.00125844 -0.00166226 0.00136016 0.000373334 0.000357595 
288.4 0.000754111 0.333502 0.00520453 0.00105069 -0.00126647 0.00124994 0.000330789 0.000278232 
300.4 0.000648919 0.333467 0.00519198 0.000889552 -0.00145374 0.00108261 0.000311604 0.000242221 
312.4 0.000600711 0.333578 0.00565071 0.000975282 -0.00172834 0.00115804 0.000107638 0.000112356 
324.4 0.00048322 0.333646 0.00537136 0.000896013 -0.00166505 0.00106715 -0.000129564 -4.5064e-05 
336.4 0.000172276 0.33352 0.00464414 0.000497966 -0.00182873 0.000670415 -0.000388166 -0.000312898 
348.4 1.63943e-06 0.333336 0.00442776 0.000278584 -0.00228938 0.000461981 -0.000428506 -0.000446247 
360.4 9.7623e-06 0.333294 0.00513315 0.000425754 -0.00273061 0.000636358 -0.000455685 -0.000564552 
372.4 7.40905e-05 0.333279 0.00577699 0.000790981 -0.00260431 0.00101339 -0.000683826 -0.000758323 
384.4 9.71815e-05 0.333319 0.00577682 0.00119845 -0.00241585 0.00129062 -0.000971068 -0.000940905 
396.4 -8.47734e-05 0.333398 0.00532581 0.00121409 -0.0024833 0.00120182 -0.00128064 -0.00119147 
408.4 -0.000293824 0.333346 0.00495011 0.000989435 -0.00232713 0.000991475 -0.00147797 -0.00140475 
420.4 -0.000497128 0.333251 0.00499898 0.000534294 -0.00244241 0.000675846 -0.00158158 -0.00154042 
432.4 -0.000594059 0.333186 0.00512029 0.000315456 -0.0031218 0.000463254 -0.00153592 -0.00154228 
444.4 -0.000741022 0.333173 0.00475938 0.000351775 -0.00369538 0.00033476 -0.00162658 -0.00167401 
456.4 -0.000927706 0.333185 0.00445528 0.000596527 -0.00376913 0.000404304 -0.00199546 -0.00204801 
468.4 -0.00100437 0.333254 0.00470393 0.000660901 -0.00408533 0.000406406 -0.00215034 -0.00221664 
480.4 -0.00106724 0.333349 0.0051924 0.0002752 -0.00430115 0.000230016 -0.00212739 -0.00221481 
492.4 -0.00133962 0.333294 0.00502785 -0.000122293 -0.00421879 -3.14982e-05 -0.00238074 -0.0024546 
504.4 -0.00177261 0.333334 0.00462939 -0.000552126 -0.00406681 -0.00033481 -0.00289862 -0.00295734 
516.4 -0.00209759 0.333274 0.00431911 -0.00101149 -0.00359728 -0.000570321 -0.00326487 -0.00335167 
528.4 -0.00239409 0.333158 0.00408577 -0.00156474 -0.00370544 -0.000977372 -0.00347875 -0.00356397 
540.4 -0.00261385 0.333199 0.00397499 -0.00184745 -0.00396038 -0.00124901 -0.00371097 -0.00374802 
552.4 -0.00282749 0.333355 0.0039269 -0.00181207 -0.00413627 -0.00125804 -0.00410964 -0.00410692 
564.4 -0.0030635 0.333399 0.00377812 -0.00193285 -0.0046084 -0.00140254 -0.00439713 -0.00442669 
576.4 -0.0033331 0.333533 0.00338849 -0.00230802 -0.00507016 -0.00178947 -0.00452573 -0.00460965 
588.4 -0.0037086 0.333588 0.00325302 -0.00285816 -0.00498401 -0.00217183 -0.00484903 -0.00495678 
600.4 -0.00424934 0.333412 0.00270802 -0.00327469 -0.00487636 -0.00256658 -0.00547696 -0.00557925 
612.4 -0.00485504 0.333339 0.0018764 -0.003733 -0.00515298 -0.00306051 -0.00619091 -0.0062811 
624.4 -0.00540783 0.333311 0.00133621 -0.00424195 -0.00559453 -0.00352041 -0.00679 -0.00692433 
636.4 -0.00600377 0.333417 0.00111641 -0.00481889 -0.00586781 -0.00396065 -0.00748612 -0.00763473 
648.4 -0.00660185 0.333464 0.00080729 -0.00523712 -0.00605733 -0.00434226 -0.00828182 -0.00837818 
660.4 -0.00725253 0.33345 0.000156442 -0.00564263 -0.00644713 -0.00479561 -0.00916274 -0.00917428 
672.4 -0.00805081 0.333502 -9.99754e-05 -0.00640384 -0.00701714 -0.00536945 -0.0101613 -0.0101453 
684.4 -0.00873205 0.333503 6.1154e-05 -0.00740165 -0.00735831 -0.00600077 -0.0108807 -0.0108712 
696.4 -0.00945797 0.333567 -0.00012675 -0.00814099 -0.00792336 -0.00662121 -0.0117093 -0.0116887 
708.4 -0.0103911 0.333566 -0.000506463 -0.00894572 -0.00880839 -0.00735542 -0.0128334 -0.0127507 
720.4 -0.0112244 0.333436 -0.000883392 -0.00957925 -0.00911875 -0.00789554 -0.0138924 -0.0137813 
732.4 -0.0119223 0.333349 -0.00123356 -0.0101052 -0.00875069 -0.00822869 -0.0148044 -0.0147552 
744.4 -0.0128556 0.333431 -0.00193863 -0.0112591 -0.00871032 -0.00905421 -0.0157897 -0.0157782 
756.4 -0.0139991 0.333612 -0.00296456 -0.0127424 -0.00930596 -0.0102804 -0.0169425 -0.0168577 
768.4 -0.0152729 0.333679 -0.0040819 -0.0140711 -0.0107763 -0.0115804 -0.0182176 -0.0181136 
780.4 -0.0166482 0.333717 -0.00500418 -0.0155545 -0.0116723 -0.0128234 -0.0196726 -0.0195988 
792.4 -0.0180468 0.333723 -0.00589431 -0.0170807 -0.0120865 -0.0140299 -0.0211859 -0.0211564 
804.4 -0.019475 0.333718 -0.00688915 -0.018367 -0.0123749 -0.0150826 -0.0228448 -0.0228577 
816.4 -0.0210795 0.333721 -0.00785172 -0.0199333 -0.0133043 -0.0163829 -0.0246495 -0.0246729 
828.4 -0.0227082 0.333845 -0.00824399 -0.0217748 -0.014475 -0.0177482 -0.0265084 -0.026504 
840.4 -0.0244859 0.333924 -0.00888133 -0.0235907 -0.0160183 -0.0192034 -0.0285122 -0.0285455 
852.4 -0.026511 0.33395 -0.0100634 -0.0255934 -0.0174397 -0.0209008 -0.0307483 -0.0308225 
864.4 -0.0286236 0.334 -0.011481 -0.0275601 -0.0186862 -0.0226465 -0.0332111 -0.0332033 
876.4 -0.0308306 0.333973 -0.0130203 -0.0292759 -0.0196486 -0.0242193 -0.0359387 -0.0358893 
888.4 -0.0331327 0.334062 -0.01467 -0.0312001 -0.0205021 -0.025909 -0.0386635 -0.0386449 
900.4 -0.0353945 0.334223 -0.0160464 -0.0335986 -0.0211483 -0.0277652 -0.0412047 -0.0412096 
912.4 -0.037902 0.334327 -0.0172614 -0.0363578 -0.0222162 -0.0298791 -0.0440101 -0.0440232 
924.4 -0.0407421 0.334532 -0.0188179 -0.0392018 -0.0241526 -0.0322636 -0.0472072 -0.0472114 
936.4 -0.0435884 0.334568 -0.0208839 -0.0417916 -0.0263274 -0.0346466 -0.0504171 -0.0504024 
948.4 -0.0464397 0.334638 -0.0229322 -0.0441336 -0.0282773 -0.0368328 -0.0537141 -0.0537333 
960.4 -0.0493629 0.334806 -0.02477 -0.0466136 -0.0299586 -0.0390081 -0.0571727 -0.0572072 
972.4 -0.0524291 0.334946 -0.0267048 -0.049379 -0.031482 -0.0413775 -0.0608363 -0.0608298 
984.4 -0.055663 0.335114 -0.0288507 -0.0523161 -0.0328756 -0.0438664 -0.0646553 -0.0646652 
996.4 -0.0590517 0.335213 -0.0311809 -0.0554345 -0.0343705 -0.0465174 -0.068594 -0.0686289 
1008.4 -0.0622649 0.335381 -0.0326996 -0.0583555 -0.0362127 -0.0489765 -0.0724005 -0.0724206 
1020.4 -0.0653783 0.335601 -0.0337587 -0.061137 -0.0378881 -0.0511911 -0.0761813 -0.0762203 
1032.4 -0.0686412 0.335932 -0.0354417 -0.0641398 -0.0394179 -0.0535945 -0.0800464 -0.0801136 
1044.4 -0.0719473 0.336292 -0.03808 -0.0674967 -0.0408809 -0.0564481 -0.0836642 -0.0837214 
1056.4 -0.0751923 0.336538 -0.0405522 -0.0707702 -0.0420375 -0.0592046 -0.0872543 -0.0873021 
1068.4 -0.0782965 0.336683 -0.0422096 -0.0736697 -0.0434746 -0.0615638 -0.0909094 -0.090949 
1080.4 -0.0811797 0.336888 -0.0439955 -0.0762211 -0.0453692 -0.0637676 -0.0943369 -0.0943539 
1092.4 -0.0838412 0.337036 -0.0458925 -0.0786755 -0.0463618 -0.0657931 -0.0974622 -0.0975157 
1104.4 -0.0863373 0.33724 -0.0468805 -0.0809908 -0.0471702 -0.0675498 -0.100447 -0.100573 
1116.4 -0.0888364 0.337383 -0.0480781 -0.0831186 -0.0484902 -0.0693596 -0.103405 -0.103608 
1128.4 -0.0912154 0.337482 -0.0498377 -0.084972 -0.0497878 -0.0711578 -0.106133 -0.106455 
1140.4 -0.0932402 0.337729 -0.0509623 -0.0866988 -0.0507206 -0.0726107 -0.108525 -0.108956 
1152.4 -0.0948458 0.338014 -0.0511612 -0.0881462 -0.0508598 -0.073523 -0.110681 -0.111109 
1164.4 -0.0959771 0.338109 -0.0513293 -0.0890229 -0.0506365 -0.074069 -0.112178 -0.112648 
1176.4 -0.0967316 0.338128 -0.0517995 -0.0895353 -0.0503957 -0.0744956 -0.11306 -0.113619 
1188.4 -0.0971796 0.338175 -0.052241 -0.0895131 -0.0501708 -0.0745558 -0.113744 -0.114364 
1200.4 -0.0972421 0.338215 -0.0520955 -0.0890978 -0.0495893 -0.0741767 -0.114082 -0.114778 
1212.4 -0.0967676 0.338049 -0.0511747 -0.0883257 -0.0485023 -0.0733141 -0.113879 -0.114623 
1224.4 -0.0956579 0.337819 -0.0498236 -0.087173 -0.0475345 -0.0721027 -0.112874 -0.113603 
1236.4 -0.0939038 0.337705 -0.048361 -0.0854442 -0.0464308 -0.0705432 -0.110999 -0.111695 
1248.4 -0.0916423 0.33746 -0.0472838 -0.0828331 -0.0446753 -0.0684748 -0.108571 -0.10926 
1260.4 -0.0888664 0.337158 -0.0454873 -0.0794338 -0.0428641 -0.0657149 -0.105756 -0.106437 
1272.4 -0.0854395 0.336908 -0.042953 -0.0755753 -0.0404363 -0.062366 -0.102266 -0.102931 
1284.4 -0.0813238 0.336559 -0.0399926 -0.0714073 -0.0372802 -0.0586521 -0.0978699 -0.0985175 
1296.4 -0.0767194 0.336112 -0.0367552 -0.0669108 -0.0340637 -0.0546952 -0.0927575 -0.0934355 
1308.4 -0.0716757 0.335723 -0.0328644 -0.0619233 -0.0308741 -0.0502717 -0.087235 -0.0879363 
1320.4 -0.0660869 0.335274 -0.0288435 -0.056495 -0.0274218 -0.0454681 -0.0810855 -0.0817607 
1332.4 -0.0599868 0.334817 -0.0250631 -0.0504886 -0.0238549 -0.0403519 -0.0743367 -0.0749181 
1344.4 -0.0532496 0.334463 -0.0204772 -0.0437168 -0.0198716 -0.0345958 -0.0669984 -0.0674143 
1356.4 -0.0460973 0.334117 -0.0153281 -0.0365309 -0.0154937 -0.0284556 -0.0593076 -0.0594567 
1368.4 -0.0386793 0.333785 -0.0103885 -0.0294407 -0.0108922 -0.0223303 -0.0514768 -0.0510554 
1380.4 -0.0311641 0.33352 -0.0053538 -0.0225522 -0.00705744 -0.0163543 -0.0436845 -0.0423635 
1392.4 -0.0235462 0.333247 -0.000277695 -0.0157409 -0.0030129 -0.0103716 -0.0356994 -0.0334666 
1404.4 -0.0158768 0.33309 0.0043743 -0.00885467 0.00161923 -0.00438009 -0.027206 -0.0244997 
1416.4 -0.00814784 0.333144 0.00917855 -0.001468 0.00616801 0.00193242 -0.018432 -0.0156858 
1428.4 -0.000456622 0.333096 0.014079 0.00609773 0.00960139 0.00820326 -0.00959215 -0.0069101 
1440.4 0.0070124 0.333118 0.0187688 0.0131138 0.0126671 0.0140103 -0.000868993 0.00180764 
1452.4 0.0142174 0.333231 0.0236024 0.0195691 0.0159326 0.0195028 0.00752357 0.0103048 
1464.4 0.0211601 0.333575 0.0281132 0.02561 0.018954 0.0246593 0.0156866 0.0185821 
1476.4 0.027731 0.333923 0.0319618 0.0313805 0.0216019 0.0294633 0.023535 0.0264861 
1488.4 0.0340352 0.334177 0.0351681 0.0370546 0.024682 0.0340993 0.03108 0.0340633 
1500.4 0.0401285 0.334367 0.0382631 0.0427325 0.027733 0.0387237 0.0382779 0.0412852 
1512.4 0.0457982 0.334532 0.0416723 0.0482258 0.0300633 0.043217 0.0448664 0.0478569 
1524.4 0.0511038 0.334863 0.0455379 0.0532488 0.0318362 0.0474384 0.0510136 0.0539918 
1536.4 0.0560895 0.335271 0.048796 0.0578227 0.0337917 0.0512391 0.0569357 0.059893 
1548.4 0.0605306 0.335593 0.0508611 0.061873 0.0355512 0.0544225 0.062347 0.0652975 
1560.4 0.0644461 0.335894 0.0521814 0.065578 0.0368278 0.0571604 0.0671083 0.0701048 
1572.4 0.0680682 0.336206 0.0537188 0.0689007 0.0382496 0.0597482 0.071532 0.0745007 
1584.4 0.0711743 0.33641 0.0558742 0.0714617 0.039585 0.061979 0.075446 0.078275 
1596.4 0.0736014 0.33663 0.0571646 0.0733564 0.0404912 0.0635403 0.0786149 0.0813665 
1608.4 0.0752646 0.336738 0.0574142 0.0748795 0.0402955 0.0645034 0.0807996 0.0835861 
1620.4 0.076406 0.336625 0.0574118 0.0759406 0.0399022 0.065082 0.0823569 0.0851657 
1632.4 0.0770142 0.336585 0.0571663 0.0763076 0.0398689 0.0652237 0.0833815 0.0861103 
1644.4 0.077117 0.336679 0.0568656 0.075991 0.0394587 0.0648853 0.0839419 0.0865473 
1656.4 0.076565 0.336558 0.0562135 0.0749014 0.0383948 0.0639057 0.0837748 0.0863204 
1668.4 0.0753393 0.336383 0.0545568 0.0732278 0.0371364 0.0623132 0.0828413 0.0853568 
1680.4 0.073769 0.336193 0.0528275 0.0716268 0.0355607 0.0607021 0.0813613 0.0837961 
1692.4 0.0720768 0.335998 0.0516419 0.0697424 0.0334273 0.0589681 0.0799028 0.0821393 
1704.4 0.0700929 0.335813 0.05043 0.0673412 0.0315304 0.0569254 0.0781264 0.0802133 
1716.4 0.0676148 0.335714 0.0484567 0.0647078 0.0305153 0.0546911 0.0755193 0.07756 
1728.4 0.0649726 0.335594 0.0460975 0.0623666 0.0294696 0.0525481 0.0724717 0.0745454 
1740.4 0.062224 0.335321 0.0440596 0.0598465 0.0273485 0.0502142 0.0693364 0.0714668 
1752.4 0.0594712 0.335071 0.0424946 0.0571197 0.0247989 0.0477983 0.0662879 0.0684347 
1764.4 0.056799 0.334859 0.0410399 0.0540985 0.0232149 0.0454123 0.063495 0.065556 
1776.4 0.0539897 0.334659 0.0392431 0.0507248 0.0219045 0.0427613 0.0607349 0.0626214 
1788.4 0.0508982 0.334531 0.0368583 0.0475277 0.0198682 0.0399578 0.0575002 0.059273 
1800.4 0.0478807 0.334406 0.0348385 0.0446732 0.0181329 0.0374955 0.0540773 0.0558218 
1812.4 0.0450568 0.334234 0.0331323 0.0419439 0.0165405 0.0352068 0.0509811 0.0526337 
1824.4 0.0423442 0.33408 0.0311326 0.0393526 0.0146946 0.0328834 0.048073 0.0496523 
1836.4 0.0397528 0.33402 0.0290275 0.0368414 0.0128314 0.030566 0.0452887 0.0468204 
1848.4 0.0371993 0.333912 0.0272779 0.0342673 0.0113316 0.028377 0.0424834 0.0439358 
1860.4 0.0346419 0.333758 0.0252351 0.0315671 0.0106898 0.0261838 0.03968 0.0410705 
1872.4 0.0323539 0.333583 0.0235583 0.0293334 0.0110329 0.024501 0.0369854 0.0383434 
1884.4 0.0304243 0.333589 0.0226807 0.0275654 0.0103599 0.0231334 0.0346531 0.0360287 
1896.4 0.0285776 0.333647 0.0220901 0.0259273 0.00857644 0.0216882 0.0325273 0.0338953 
1908.4 0.0267757 0.333715 0.0211125 0.0243099 0.00690802 0.0201661 0.030584 0.0318804 
1920.4 0.0251016 0.333735 0.0200975 0.022687 0.00632873 0.0188535 0.0287223 0.0299262 
1932.4 0.0235633 0.333665 0.0193114 0.0210945 0.00573889 0.0176551 0.0269424 0.028137 
1944.4 0.0223462 0.333695 0.018923 0.0197751 0.00528356 0.0167242 0.025488 0.0266817 
1956.4 0.0213212 0.333747 0.0185769 0.0187295 0.00492898 0.0159696 0.0242682 0.0254312 
1968.4 0.0205273 0.333847 0.018467 0.0181002 0.00433956 0.0154258 0.0233279 0.0244657 
1980.4 0.019732 0.333902 0.0180219 0.0174483 0.00396362 0.0147982 0.0224109 0.0235476 
1992.4 0.0189653 0.333957 0.0172608 0.0167779 0.00389787 0.014224 0.0214973 0.0226308 
2004.4 0.0183426 0.333895 0.0168089 0.0163102 0.00380681 0.0139163 0.0206852 0.0217755 
2016.4 0.0178046 0.3338 0.0168062 0.0159474 0.0031955 0.0136532 0.0199195 0.0210186 
2028.4 0.0174163 0.333735 0.0166491 0.0155855 0.00259178 0.0133 0.0194785 0.0205844 
2040.4 0.017043 0.3337 0.0168193 0.0151044 0.00244013 0.0129892 0.0190077 0.0201559 
2052.4 0.0165361 0.333699 0.0166228 0.0145563 0.00249916 0.0125809 0.0184604 0.0195937 
2064.4 0.0161319 0.333626 0.0164529 0.0140707 0.00252919 0.012229 0.018115 0.0191565 
2076.4 0.0157535 0.333642 0.0164656 0.0136967 0.0026746 0.012019 0.0176467 0.0186637 
2088.4 0.0153984 0.333608 0.0163531 0.0133783 0.00261315 0.0117841 0.0172011 0.018223 
2100.4 0.0152319 0.333601 0.0164751 0.0130717 0.00266603 0.0116515 0.0170678 0.0180245 
2112.4 0.0151307 0.33359 0.0165936 0.0126779 0.00307629 0.011536 0.0169935 0.0179313 
2124.4 0.0148991 0.333645 0.0164842 0.0122115 0.00309972 0.0112363 0.0167222 0.0177682 
2136.4 0.0148743 0.333698 0.0161288 0.012452 0.00256175 0.0112119 0.016699 0.0177729 
2148.4 0.015012 0.333755 0.015859 0.0130321 0.00201431 0.0114294 0.0167775 0.0178878 
2160.4 0.0150798 0.333716 0.0159894 0.0134435 0.00220182 0.0117526 0.0166562 0.0177826 
2172.4 0.0149945 0.333556 0.0158159 0.0135936 0.00246897 0.0118546 0.0164885 0.0175272 
2184.4 0.0147377 0.333524 0.0151635 0.0132998 0.00236117 0.0115003 0.0163097 0.0172881 
2196.4 0.0144587 0.33348 0.0149171 0.0129372 0.00228286 0.0111833 0.0160672 0.0170383 
2208.4 0.0143146 0.333571 0.0150106 0.0127234 0.00240719 0.0110864 0.0158939 0.0168705 
2220.4 0.0142279 0.333679 0.0149178 0.0124765 0.00235125 0.0109132 0.0157926 0.0168403 
2232.4 0.0141496 0.333538 0.0147675 0.01231 0.00235264 0.0107621 0.0156704 0.0168054 
2244.4 0.0140734 0.333317 0.0148134 0.0124301 0.00203869 0.0107751 0.0155745 0.0166497 
2256.4 0.0139594 0.333432 0.0147632 0.0128423 0.00174912 0.0109961 0.0152671 0.0162587 
2268.4 0.0138105 0.333692 0.014892 0.012933 0.00190017 0.0111389 0.0149445 0.0158888 
2280.4 0.0135396 0.333752 0.0150824 0.0126343 0.0020006 0.0109981 0.0146306 0.0155148 
2292.4 0.0132614 0.333742 0.015416 0.0122613 0.00161005 0.0107616 0.0143127 0.0151927 
2304.4 0.013151 0.33363 0.0154618 0.0119864 0.00151444 0.0106275 0.0142469 0.0151204 
2316.4 0.0130682 0.333609 0.0148538 0.0116066 0.00239297 0.010467 0.0142687 0.0151009 
2328.4 0.0128855 0.333707 0.0137682 0.0113619 0.00263586 0.0100946 0.0142223 0.0150357 
2340.4 0.0126384 0.333718 0.0133903 0.0109966 0.00186361 0.00963085 0.0141325 0.0149596 
2352.4 0.0124711 0.333666 0.0136459 0.0107232 0.00131439 0.00944982 0.013984 0.0148107 
2364.4 0.0123649 0.33373 0.0136752 0.0108478 0.000867752 0.00945195 0.0138682 0.0146272 
2376.4 0.0122545 0.333786 0.0136769 0.0109209 0.000452 0.00941034 0.0137667 0.0144786 
2388.4 0.0121818 0.333824 0.0138483 0.0108429 0.0002361 0.00937678 0.0136657 0.014392 
2400.4 0.0121936 0.33369 0.0138577 0.0108765 0.000195809 0.00938123 0.0137082 0.0144288 
2412.4 0.0121328 0.333684 0.0135003 0.0109008 0.000312315 0.00933307 0.0136511 0.0143781 
2424.4 0.0119047 0.333797 0.0130731 0.0105688 0.000567513 0.00915584 0.0133494 0.0141016 
2436.4 0.0118177 0.333849 0.0135005 0.010136 0.00117086 0.00914679 0.0131491 0.01392 
2448.4 0.011665 0.333788 0.0140648 0.0097731 0.00159741 0.00908309 0.012948 0.0136724 
2460.4 0.0114579 0.333587 0.0138842 0.00980661 0.00167157 0.00903674 0.0126401 0.0133384 
2472.4 0.0113743 0.333549 0.0134955 0.0101644 0.00147588 0.00915037 0.0124393 0.0131112 
2484.4 0.0112585 0.333595 0.013447 0.0101779 0.00112557 0.00911945 0.0123118 0.0129293 
2496.4 0.0110114 0.333636 0.0135445 0.00963268 0.000736869 0.00876051 0.0121731 0.0127428 
2508.4 0.0107756 0.333575 0.0131865 0.00925052 0.000297134 0.00835162 0.0120197 0.0126162 
2520.4 0.0106387 0.333364 0.0129381 0.00931168 0.000250861 0.00828897 0.0117485 0.0124414 
2532.4 0.0106166 0.333352 0.0128856 0.00932133 0.00029387 0.00831575 0.0116711 0.012421 
2544.4 0.0105377 0.333436 0.0131729 0.0092392 9.11752e-06 0.00832576 0.011531 0.0122927 
2556.4 0.0103614 0.333569 0.013496 0.00899118 -0.000167245 0.00821445 0.0113176 0.0120722 
2568.4 0.0102191 0.333503 0.0133369 0.008779 4.64018e-05 0.00807154 0.0111852 0.0119163 
2580.4 0.00998824 0.333391 0.0128347 0.0088231 -0.000302484 0.00792642 0.0108914 0.0116069 
2592.4 0.00982452 0.333251 0.0127302 0.00908389 -0.00098108 0.00793898 0.0106108 0.0113178 
2604.4 0.00977842 0.333424 0.012969 0.00915018 -0.000732807 0.00803706 0.0105072 0.0111861 
2616.4 0.00978377 0.333591 0.0130354 0.00879926 -2.22934e-05 0.00795789 0.0106112 0.0112762 
2628.4 0.00975579 0.333521 0.0127223 0.0085861 0.000103612 0.0078056 0.0106493 0.0113536 
2640.4 0.009606 0.33341 0.0123973 0.00860323 -5.10893e-05 0.00769687 0.0105053 0.0111651 
2652.4 0.00932806 0.3334 0.0124738 0.00840839 -0.000378478 0.00750498 0.0102622 0.0108345 
2664.4 0.00909674 0.333564 0.0127736 0.00812819 -0.000710238 0.00733944 0.00997513 0.0105494 
2676.4 0.00899332 0.333667 0.0127334 0.00787374 -0.000973327 0.00714276 0.0099655 0.0105036 
2688.4 0.00886039 0.33368 0.0122217 0.00768452 -0.0012734 0.00690725 0.00996774 0.0104636 
2700.4 0.00881082 0.333514 0.0117319 0.00769204 -0.00125434 0.00683857 0.00991588 0.0104656 
2712.4 0.00879928 0.33341 0.0121649 0.00751118 -0.000761501 0.00687778 0.00988507 0.0104235 
2724.4 0.00869285 0.333404 0.0129502 0.00722393 -0.000947949 0.00678903 0.00983559 0.0102958 
2736.4 0.00860022 0.333311 0.0133896 0.00709846 -0.00128058 0.00673898 0.0097442 0.0101615 
2748.4 0.00856953 0.333252 0.0130037 0.00707008 -0.00112153 0.00670554 0.00972225 0.0101173 
2760.4 0.00842818 0.333332 0.0123372 0.00685018 -0.0010323 0.0064486 0.00963436 0.0100314 
2772.4 0.00831122 0.333418 0.0122907 0.00685826 -0.00173486 0.00631912 0.00945898 0.00989236 
2784.4 0.00823203 0.333438 0.0127727 0.00682822 -0.00185511 0.00636065 0.00926036 0.00970657 
2796.4 0.00811905 0.333389 0.0129865 0.00692706 -0.00158284 0.00648435 0.00894623 0.00941749 
2808.4 0.00818208 0.333453 0.0128618 0.00717883 -0.00149674 0.00666163 0.00892288 0.0094208 
2820.4 0.00819515 0.33339 0.0123831 0.00713359 -0.00115167 0.00660979 0.00899719 0.00950269 
2832.4 0.00814991 0.333251 0.0119103 0.00703162 -0.000544747 0.00649839 0.00899258 0.00949517 
2844.4 0.00798936 0.333154 0.0115428 0.00684207 -0.0007939 0.00624429 0.00891602 0.00939906 
2856.4 0.00784289 0.333238 0.011773 0.00656497 -0.00128757 0.00607627 0.00886454 0.00925631 
2868.4 0.0076882 0.333455 0.0118999 0.00647709 -0.00106475 0.00608164 0.00866544 0.00900701 
2880.4 0.00756393 0.333572 0.0117499 0.00641434 -0.00102303 0.00599708 0.00855182 0.008865 
2892.4 0.00754668 0.333494 0.0116795 0.00651744 -0.000921965 0.00607288 0.00845638 0.00877696 
2904.4 0.00752261 0.333344 0.0120366 0.00658881 -0.000749914 0.00624474 0.00824642 0.00861029 
2916.4 0.00747185 0.333407 0.0120996 0.00661538 -0.000504114 0.00632426 0.00807235 0.00845635 
2928.4 0.00732226 0.333502 0.0115903 0.0064928 -0.000455332 0.00614652 0.00791799 0.00832465 
2940.4 0.00711832 0.333462 0.0111897 0.00636484 -0.000730335 0.00592277 0.00772124 0.00814414 
2952.4 0.00719708 0.333443 0.0110903 0.00651622 -0.000893771 0.00599602 0.00781727 0.00822819 
2964.4 0.00732589 0.333537 0.0112306 0.00665527 -0.000835316 0.00613293 0.00791434 0.00833166 
2976.4 0.00722796 0.333714 0.0111503 0.00667377 -0.000314889 0.006205 0.00765043 0.00809851 
2988.4 0.00704411 0.333661 0.0108386 0.00652365 -0.000405582 0.00602965 0.00744012 0.00791907 
3000.4 0.00687996 0.333477 0.0107988 0.00618055 -0.000860873 0.00576014 0.00733228 0.00784783 
3012.4 0.00686585 0.333412 0.0108499 0.00615927 -0.000672319 0.00580818 0.00726759 0.00780413 
3024.4 0.00689518 0.333511 0.0110458 0.00642743 -0.000746744 0.0059694 0.00722155 0.00773939 
3036.4 0.00676537 0.333534 0.0108554 0.00651518 -0.000895942 0.0059425 0.0070014 0.00751251 
3048.4 0.00646974 0.333442 0.0105102 0.00641038 -0.000733662 0.0058679 0.0065277 0.00702692 
3060.4 0.00632887 0.333325 0.0104952 0.00615357 -0.000362421 0.00577366 0.00637305 0.00682996 
3072.4 0.00624462 0.333297 0.0106575 0.00584003 -0.000524351 0.00557175 0.00637852 0.00681138 
3084.4 0.00614696 0.333364 0.0104944 0.00563819 -0.000821543 0.00538333 0.00633275 0.00676827 
3096.4 0.00608582 0.333489 0.0103128 0.00554038 -0.000832777 0.0052895 0.0062706 0.00673769 
3108.4 0.00594277 0.333448 0.0104746 0.00529214 -0.000308291 0.00522603 0.00607477 0.00653054 
3120.4 0.00577487 0.333408 0.0105776 0.00507868 8.31008e-05 0.00517666 0.00580836 0.00625564 
3132.4 0.00572681 0.333437 0.0103864 0.00507688 2.09696e-05 0.00512706 0.00573659 0.00620394 
3144.4 0.00572595 0.333518 0.0100767 0.00514092 -0.000506527 0.00503242 0.00576038 0.00625645 
3156.4 0.00569189 0.333449 0.00979381 0.00507036 -0.000390306 0.00498108 0.00573197 0.00624792 
3168.4 0.00563289 0.333366 0.00969492 0.00503761 -0.000195233 0.00495892 0.00572801 0.00620836 
3180.4 0.00553696 0.333442 0.00952045 0.00525545 -0.00076585 0.00494455 0.00560923 0.00606898 
3192.4 0.00530207 0.333417 0.0088697 0.00526034 -0.00149229 0.00471696 0.00538564 0.00582275 
3204.4 0.00522906 0.333495 0.00816912 0.00518094 -0.00143255 0.00454739 0.00542633 0.00583079 
3216.4 0.0052525 0.333621 0.00835654 0.00509456 -0.00123374 0.00455302 0.00550056 0.0058858 
3228.4 0.00523801 0.333701 0.00920503 0.00509222 -0.000989639 0.00473708 0.00534265 0.00570454 
3240.4 0.00522707 0.333487 0.00926884 0.00518241 -0.00035286 0.0049205 0.00516827 0.00552965 
3252.4 0.0052055 0.33337 0.00874828 0.00525708 -0.000236484 0.00488042 0.00510304 0.00551602 
3264.4 0.00526129 0.333402 0.00892732 0.00518417 -0.000573517 0.00482511 0.00523846 0.0056586 
3276.4 0.00529355 0.333325 0.00944341 0.00501539 -0.000853207 0.00479796 0.00537297 0.00574352 
3288.4 0.00525015 0.333342 0.00989467 0.00503835 -0.000589546 0.00490941 0.00526122 0.00559998 
3300.4 0.00495302 0.333431 0.0094437 0.00493901 -0.000905129 0.00468514 0.00489795 0.00523289 
3312.4 0.00474595 0.333409 0.00919207 0.00476999 -0.00137199 0.00445761 0.00465658 0.00498542 
3324.4 0.00482109 0.333363 0.00919369 0.00488989 -0.00118886 0.00455604 0.0046771 0.00502233 
3336.4 0.00493991 0.333356 0.00906601 0.00504323 -0.000979272 0.0046345 0.00491176 0.00517548 
3348.4 0.00498169 0.33331 0.0088701 0.00519114 -0.000843584 0.004721 0.00497567 0.00517939 
3360.4 0.00503301 0.333305 0.00913081 0.00535233 -0.000585923 0.00496156 0.00488959 0.00510279 
3372.4 0.00501189 0.333412 0.00974281 0.00528739 -0.000706739 0.00507057 0.00470138 0.00498231 
3384.4 0.0048986 0.333424 0.00965131 0.00515045 -0.00124539 0.0048686 0.00458548 0.0049231 
3396.4 0.0048366 0.333534 0.00929358 0.00514642 -0.00149209 0.00471576 0.00456422 0.00491308 
3408.4 0.00486611 0.333644 0.00940525 0.00533942 -0.00138295 0.00487223 0.00458473 0.00485442 
3420.4 0.0048938 0.333576 0.00944347 0.00538554 -0.00107503 0.00496019 0.00462586 0.00485845 
3432.4 0.0049212 0.333531 0.00933669 0.00523762 -0.00100756 0.00484883 0.00470735 0.0050012 
3444.4 0.00472144 0.333589 0.00925921 0.00491157 -0.000664942 0.00468325 0.00437221 0.00476542 
3456.4 0.00460337 0.333604 0.00967944 0.00471757 -0.000340475 0.00468768 0.00411866 0.00454163 
3468.4 0.00462632 0.33364 0.00986467 0.00470092 -0.000224706 0.00471261 0.00419613 0.00457264 
3480.4 0.00466899 0.333674 0.00980951 0.00485721 9.1334e-05 0.00486482 0.0041576 0.00452204 
3492.4 0.00467144 0.333645 0.00984257 0.00479982 -0.000214834 0.00481258 0.00416273 0.00453208 
3504.4 0.0045834 0.333609 0.00973529 0.0046543 -0.000673805 0.00465521 0.00416607 0.00449751 
3516.4 0.00424499 0.333594 0.0092865 0.00431968 -0.000954721 0.00432496 0.00393833 0.00419642 
3528.4 0.00392322 0.33367 0.00881506 0.00385036 -0.00129787 0.00384086 0.00376692 0.00402485 
3540.4 0.0037535 0.333592 0.00842302 0.00359907 -0.00165389 0.00351037 0.00366929 0.003988 
3552.4 0.00373214 0.333512 0.00822261 0.00379575 -0.0012494 0.00365688 0.00350816 0.0038555 
3564.4 0.00392616 0.33348 0.00819347 0.00420539 -0.000787626 0.00396722 0.00359749 0.00393479 
3576.4 0.00407471 0.333582 0.00842118 0.00453051 -0.000909454 0.00419693 0.00363814 0.0039792 
3588.4 0.00408629 0.333687 0.00881303 0.0045825 -0.000816297 0.00433375 0.00353694 0.00388719 
3600.4 0.00408457 0.333637 0.00898344 0.00439595 -0.000507446 0.00431193 0.0035253 0.00390231 
3612.4 0.00401204 0.333523 0.0086199 0.00439687 -0.000611162 0.00423527 0.00350096 0.00384066 
3624.4 0.0039208 0.33358 0.00868987 0.0042638 -0.00113085 0.00409812 0.00349519 0.0037629 
3636.4 0.00386111 0.333675 0.00903616 0.0042092 -0.00144337 0.00408102 0.00340772 0.00366211 
3648.4 0.00367605 0.333646 0.00882311 0.00414038 -0.0016606 0.00395534 0.00316821 0.00345398 
3660.4 0.0035015 0.333621 0.00814396 0.00413909 -0.00154116 0.00384679 0.00293854 0.0032481 
3672.4 0.00365966 0.333628 0.00807272 0.00428581 -0.00140262 0.0039659 0.00317381 0.00343221 
3684.4 0.00380469 0.333632 0.00814818 0.00426062 -0.000971092 0.00398791 0.00346362 0.00366393 
3696.4 0.00385383 0.33349 0.0083593 0.00405113 -0.000163753 0.00401468 0.00350349 0.00372246 
3708.4 0.00392775 0.333444 0.00898355 0.00393668 -0.000143779 0.00410015 0.00349564 0.00379541 
3720.4 0.0037657 0.333494 0.00900075 0.00380971 -0.00102243 0.0039098 0.00333962 0.00364756 
3732.4 0.00370658 0.333421 0.00848 0.00401694 -0.00190894 0.0037594 0.0033779 0.00364037 
3744.4 0.0039246 0.333431 0.00808797 0.0042167 -0.00183333 0.00378696 0.00381197 0.00402974 
3756.4 0.00409092 0.33339 0.00825564 0.00416119 -0.00135251 0.00392005 0.00404968 0.00426828 
3768.4 0.00413148 0.33338 0.00874796 0.0042407 -0.000977945 0.00416537 0.00394797 0.00415992 
3780.4 0.00404099 0.333586 0.00861167 0.00436197 -0.00107612 0.00417032 0.00378846 0.00399448 
3792.4 0.00371209 0.333669 0.00840733 0.00386964 -0.00116315 0.00377725 0.00351303 0.00372329 
3804.4 0.00337236 0.333601 0.00846945 0.00326062 -0.00126181 0.00339678 0.00319375 0.00339178 
3816.4 0.00328578 0.333429 0.00853715 0.00316905 -0.00123493 0.00337804 0.00305845 0.00321968 
3828.4 0.00336101 0.333427 0.00862092 0.00329359 -0.00111132 0.00348414 0.00313249 0.00325617 
3840.4 0.00354269 0.333582 0.00862356 0.00353776 -0.000796581 0.00365289 0.00333978 0.00344126 
3852.4 0.00373776 0.333643 0.00870107 0.00359573 -0.000488523 0.00377383 0.00354197 0.00369197 
3864.4 0.00362353 0.333476 0.00848572 0.00325103 -0.000179307 0.0035978 0.00342387 0.00362516 
3876.4 0.00329436 0.333317 0.00801426 0.00298944 -0.000229883 0.00331521 0.00300817 0.00325394 
3888.4 0.00313049 0.33327 0.00759272 0.00278375 -0.000635905 0.00305669 0.0028858 0.00315004 
3900.4 0.00312075 0.333426 0.00769026 0.00256175 -0.00125855 0.00287722 0.00302668 0.00327489 
3912.4 0.0031985 0.333604 0.00751027 0.00255453 -0.00145813 0.00278384 0.00324509 0.00350088 
3924.4 0.00325742 0.333564 0.00755146 0.00269685 -0.000716015 0.00297047 0.00319579 0.00346073 
3936.4 0.00314624 0.333457 0.00795034 0.00262134 -0.000843498 0.00299596 0.00297431 0.00324934 
3948.4 0.00307377 0.333462 0.00859318 0.00259439 -0.00151831 0.00304435 0.00275392 0.00307392 
3960.4 0.00312419 0.333567 0.00863663 0.00282054 -0.00170291 0.00315643 0.0027174 0.00305627 
3972.4 0.00304999 0.333616 0.0079886 0.00259709 -0.00125526 0.00290276 0.00280597 0.00311663 
3984.4 0.00293001 0.333547 0.00761917 0.00219805 -0.000740179 0.0026574 0.00287784 0.00311615 
3996.4 0.00299536 0.333695 0.00786068 0.00223444 -0.00114578 0.0026995 0.00298311 0.00319278 
4008.4 0.00303834 0.333837 0.00803252 0.00229198 -0.0021035 0.0026613 0.00301424 0.00328365 
4020.4 0.00297921 0.333782 0.00818661 0.00231714 -0.00250371 0.00266781 0.00289128 0.00318268 
4032.4 0.00293435 0.333729 0.00847292 0.00220969 -0.00227521 0.00270511 0.00282446 0.00305066 
4044.4 0.00292455 0.333626 0.00841692 0.00212219 -0.00205469 0.00267938 0.00283755 0.00303236 
4056.4 0.00292954 0.333476 0.00808111 0.00221403 -0.00212689 0.002638 0.00282354 0.00307925 
4068.4 0.00294787 0.333415 0.00833664 0.00260839 -0.00232533 0.00285768 0.00266177 0.00296896 
4080.4 0.00287778 0.333334 0.00868709 0.00267692 -0.00229029 0.00298806 0.00241882 0.00276626 
4092.4 0.00278271 0.333441 0.00883496 0.00241151 -0.00194987 0.00295965 0.00221279 0.00261329 
4104.4 0.0028656 0.333538 0.00863753 0.0022507 -0.0013228 0.00291839 0.00239057 0.0027736 
4116.4 0.00287949 0.333589 0.00813021 0.00219036 -0.00121288 0.00278598 0.00256116 0.00288387 
4128.4 0.00272434 0.333438 0.00812892 0.00227512 -0.00170506 0.0027411 0.00236022 0.00266001 
4140.4 0.002639 0.333269 0.00829325 0.00237352 -0.00197956 0.00272868 0.00222216 0.00251601 
4152.4 0.00245536 0.333141 0.00811947 0.00222332 -0.00201113 0.00257623 0.00206611 0.00229208 
4164.4 0.00236107 0.333215 0.00780614 0.00216858 -0.00210102 0.00246906 0.00198587 0.00219856 
4176.4 0.00238347 0.333334 0.0075566 0.0019276 -0.00195697 0.00225682 0.00213397 0.00238807 
4188.4 0.00227059 0.333331 0.00718621 0.00181695 -0.00207606 0.0020657 0.00209834 0.00231915 
4200.4 0.00217709 0.333266 0.00745461 0.00179448 -0.00241793 0.00205951 0.00194906 0.0021542 
4212.4 0.00219715 0.333257 0.00767754 0.00172023 -0.00263277 0.00205883 0.00197534 0.0021856 
4224.4 0.00227773 0.333224 0.00769647 0.00173626 -0.00270856 0.00208751 0.00212122 0.00230263 
4236.4 0.00229421 0.333309 0.00781366 0.0016757 -0.00268425 0.00210365 0.00209272 0.00230466 
4248.4 0.00213675 0.333518 0.00799168 0.00154273 -0.00286546 0.00200814 0.00181211 0.00207929 
4260.4 0.00202024 0.333402 0.0079948 0.00135483 -0.00271996 0.00187319 0.00166902 0.00196455 
4272.4 0.00206474 0.333267 0.00810993 0.00126754 -0.00256498 0.0018738 0.00173958 0.00205001 
4284.4 0.00212929 0.33338 0.00827265 0.00134898 -0.00267909 0.00195364 0.00188746 0.00212295 
4296.4 0.00206162 0.333539 0.00811525 0.00161534 -0.00288567 0.00204007 0.00184065 0.00195551 
4308.4 0.00201143 0.333567 0.00779236 0.00202059 -0.00300601 0.00219538 0.0016616 0.00174903 
4320.4 0.00199935 0.333341 0.00722631 0.00212762 -0.00260306 0.00218511 0.00163725 0.00173544 
4332.4 0.00193653 0.333273 0.00690976 0.00186145 -0.00230272 0.00197988 0.00172167 0.00180774 
4344.17 0.0019284 0.333224 0.00667712 0.0015777 -0.00252905 0.0017247 0.00195158 0.0020125 
4356.17 0.00188378 0.333176 0.00651558 0.00124102 -0.00274566 0.001455 0.00211928 0.00212475 
4368.17 0.0017972 0.333182 0.00632117 0.000840273 -0.00283615 0.00118311 0.00219522 0.00213195 
4379.94 0.00182694 0.333325 0.00647499 0.000687647 -0.00278883 0.00116518 0.00218095 0.00217007 
4391.94 0.00185552 0.333399 0.00706672 0.000574765 -0.0026819 0.00126216 0.00212086 0.00215889 
4403.94 0.00195585 0.333395 0.00765316 0.000707008 -0.00254561 0.00150253 0.0021199 0.00217268 
4415.94 0.00195877 0.333312 0.00769969 0.000916557 -0.0026289 0.00161811 0.00204984 0.00211304 
4427.71 0.00190021 0.333232 0.00765816 0.000998355 -0.00280804 0.00162429 0.00195561 0.00202047 
4438.78 0.00185017 0.333129 0.00716549 0.0011006 -0.00223503 0.00167318 0.00188928 0.00190174 
4448.92 0.00178662 0.333121 0.00714523 0.000815777 -0.00172191 0.00157996 0.00189069 0.00185301 
4459.52 0.00173526 0.333117 0.00720291 0.000507619 -0.00201652 0.00136032 0.00194198 0.00191347 
4471.27 0.00174742 0.332914 0.00704839 0.000710384 -0.00216765 0.0014126 0.00183851 0.00187922 
4482.79 0.00183494 0.332568 0.00707191 0.00102342 -0.00202538 0.0016103 0.00181338 0.00189873 
4491.73 0.00197168 0.332432 0.00771762 0.00124316 -0.00149226 0.00193947 0.00178981 0.00190522 
4502.53 0.00195553 0.332506 0.00783749 0.00118889 -0.00149237 0.00194404 0.00176513 0.00187088 
4513.8 0.00182421 0.332559 0.0072281 0.000997664 -0.00168537 0.00168509 0.00180248 0.00185808 
4523.88 0.0016457 0.332493 0.00696515 0.000772935 -0.00175991 0.00147908 0.0016763 0.00173295 
4534.19 0.00151678 0.332241 0.00735612 0.00055157 -0.00177624 0.00141161 0.00150045 0.0015523 
