0 0.613678 -0.196369 1.8791 0.810046 222.285 222.447 222.294 -0.162261 0.0426761 -0.046905 -0.0317276 0.0426161 -0.0470356 -0.0316746 
8 0.585806 -0.187552 1.88773 0.773358 222.281 222.445 222.302 -0.164079 0.0372762 -0.0465238 -0.0318853 0.0372162 -0.0466444 -0.0318413 
16 0.577678 -0.170625 1.90944 0.748303 222.279 222.443 222.308 -0.163652 0.0339594 -0.0419816 -0.0288469 0.0339002 -0.0420978 -0.0287994 
24 0.575615 -0.155402 1.92564 0.731018 222.28 222.438 222.312 -0.157863 0.0322383 -0.035672 -0.0260716 0.0321802 -0.0357863 -0.0260188 
32 0.582025 -0.158321 1.92913 0.740346 222.282 222.434 222.312 -0.15157 0.0304983 -0.0368692 -0.0240829 0.0304423 -0.0369911 -0.0240264 
40 0.588438 -0.158731 1.91448 0.747169 222.286 222.429 222.308 -0.143261 0.0293472 -0.0405369 -0.0213128 0.0293017 -0.040671 -0.0212536 
48 0.591433 -0.154358 1.90026 0.745791 222.29 222.425 222.304 -0.134317 0.0244792 -0.0433183 -0.0186576 0.0244437 -0.0434565 -0.0186058 
56 0.577484 -0.143536 1.88514 0.72102 222.29 222.43 222.297 -0.139156 0.0237812 -0.0449311 -0.017323 0.0237474 -0.0450595 -0.0172793 
64 0.570191 -0.134622 1.88525 0.704813 222.285 222.438 222.295 -0.152936 0.0243058 -0.0453179 -0.0207316 0.0242656 -0.0454405 -0.0206963 
72 0.585785 -0.139461 1.89174 0.725247 222.279 222.441 222.3 -0.161954 0.0238121 -0.0422898 -0.0289087 0.0237646 -0.0424157 -0.0288778 
80 0.611599 -0.145084 1.8968 0.756683 222.275 222.443 222.303 -0.167913 0.0219694 -0.0382702 -0.0362926 0.0219278 -0.0384035 -0.0362623 
88 0.631495 -0.157645 1.90231 0.78914 222.271 222.446 222.302 -0.175068 0.0227358 -0.0380479 -0.0379471 0.0226975 -0.0381911 -0.0379163 
96 0.636591 -0.176855 1.908 0.813446 222.27 222.448 222.301 -0.178598 0.0242513 -0.0406825 -0.0335428 0.0242096 -0.0408379 -0.0335128 
104 0.625422 -0.19839 1.91492 0.823812 222.271 222.446 222.301 -0.175368 0.0258697 -0.0447196 -0.0255599 0.0258256 -0.0448833 -0.0255263 
112 0.59533 -0.232092 1.91631 0.827423 222.272 222.445 222.3 -0.172669 0.0276869 -0.0452408 -0.0169679 0.0276436 -0.0454147 -0.0169336 
120 0.561334 -0.25911 1.91565 0.820443 222.274 222.45 222.295 -0.176186 0.0311709 -0.0417698 -0.0130821 0.0311259 -0.0419351 -0.0130477 
128 0.540569 -0.261695 1.91101 0.802264 222.276 222.457 222.287 -0.181304 0.034312 -0.0401241 -0.0135249 0.0342639 -0.0402719 -0.0134902 
136 0.546396 -0.23785 1.9014 0.784247 222.276 222.464 222.281 -0.187971 0.0349197 -0.0403955 -0.0158936 0.0348669 -0.0405202 -0.0158598 
144 0.576252 -0.211602 1.88685 0.787854 222.275 222.469 222.277 -0.19326 0.0329902 -0.0433404 -0.0168467 0.0329323 -0.0434498 -0.0168301 
152 0.609607 -0.171636 1.86767 0.781243 222.273 222.469 222.278 -0.196046 0.0330881 -0.0494526 -0.011538 0.0330291 -0.049555 -0.0115349 
160 0.63834 -0.15292 1.84161 0.79126 222.276 222.465 222.281 -0.188946 0.0331243 -0.0539317 -0.00558517 0.0330674 -0.0540328 -0.00558306 
168 0.654847 -0.14753 1.82129 0.802376 222.281 222.46 222.284 -0.178574 0.0311112 -0.0499466 -0.003443 0.0310541 -0.0500502 -0.00343692 
176 0.648855 -0.153182 1.83215 0.802038 222.286 222.459 222.285 -0.173397 0.0286055 -0.0427574 -0.00417539 0.0285376 -0.0428686 -0.00416406 
184 0.620439 -0.172991 1.84767 0.793431 222.287 222.461 222.285 -0.173149 0.0287341 -0.0358371 -0.00581153 0.0286458 -0.035958 -0.00578968 
192 0.591145 -0.186744 1.86944 0.77789 222.285 222.46 222.287 -0.175135 0.0325026 -0.0342952 -0.00821627 0.0324 -0.0344331 -0.00818827 
200 0.559376 -0.188976 1.89331 0.748353 222.284 222.455 222.29 -0.171428 0.0377117 -0.0324736 -0.00777212 0.0375948 -0.0326281 -0.0077409 
208 0.504027 -0.172163 1.90129 0.676189 222.287 222.446 222.293 -0.158986 0.0401811 -0.0266642 -0.00514197 0.0400497 -0.0268257 -0.0051129 
216 0.460565 -0.152902 1.89523 0.613467 222.289 222.438 222.299 -0.149715 0.0394034 -0.0240309 -0.00682924 0.0392703 -0.0241938 -0.0068105 
224 0.450123 -0.137714 1.88049 0.587837 222.287 222.437 222.304 -0.149925 0.0380954 -0.0264434 -0.010564 0.0379658 -0.0265965 -0.0105554 
232 0.460561 -0.131298 1.87529 0.591859 222.283 222.44 222.304 -0.156848 0.0360219 -0.0329655 -0.0110534 0.0358985 -0.033114 -0.0110518 
240 0.474884 -0.119921 1.88831 0.594805 222.281 222.445 222.3 -0.163079 0.0338487 -0.0356422 -0.0090691 0.0337291 -0.0357831 -0.00907765 
248 0.474956 -0.10117 1.91535 0.576126 222.282 222.449 222.298 -0.16694 0.0352091 -0.0334666 -0.00981267 0.0350962 -0.0335996 -0.00981775 
256 0.45214 -0.0910364 1.93166 0.543176 222.282 222.451 222.299 -0.169144 0.0394076 -0.0341928 -0.010894 0.0393073 -0.0343364 -0.0108873 
264 0.435434 -0.0903035 1.92211 0.525738 222.285 222.453 222.297 -0.167743 0.0429589 -0.0365379 -0.0122088 0.0428631 -0.0367011 -0.0121852 
272 0.428649 -0.0996917 1.87585 0.528341 222.285 222.454 222.295 -0.168338 0.0471445 -0.0382108 -0.0144879 0.0470507 -0.0383864 -0.0144571 
280 0.420559 -0.115684 1.82293 0.536243 222.283 222.454 222.297 -0.170857 0.0512119 -0.040448 -0.0204769 0.0511323 -0.0406173 -0.0204475 
288 0.39993 -0.122496 1.79321 0.522426 222.28 222.45 222.303 -0.169983 0.0551401 -0.046622 -0.0236973 0.0550774 -0.046774 -0.0236718 
296 0.380659 -0.111071 1.80708 0.491731 222.28 222.445 222.308 -0.164251 0.0544547 -0.0526424 -0.0238082 0.0544061 -0.0527778 -0.0237796 
304 0.364862 -0.0897383 1.8356 0.4546 222.284 222.443 222.306 -0.159471 0.0500515 -0.0574812 -0.0250649 0.0500057 -0.0576038 -0.0250331 
312 0.357118 -0.0625357 1.86354 0.419653 222.289 222.447 222.3 -0.157693 0.0417859 -0.0633409 -0.0259691 0.0417313 -0.0634504 -0.0259393 
320 0.345107 -0.0501015 1.89011 0.395208 222.294 222.449 222.292 -0.154562 0.0366396 -0.0626463 -0.0248371 0.0365774 -0.0627475 -0.0248083 
328 0.302377 -0.0375098 1.90313 0.339887 222.296 222.448 222.289 -0.15182 0.0354746 -0.0528567 -0.0254369 0.035413 -0.0529559 -0.0253907 
336 0.253875 -0.0144054 1.8913 0.268281 222.294 222.443 222.295 -0.148812 0.036132 -0.0420884 -0.0249334 0.0360808 -0.0421875 -0.0248733 
344 0.213339 0.00902216 1.86903 0.204316 222.29 222.437 222.303 -0.146976 0.0371182 -0.034393 -0.0236407 0.0370706 -0.0344843 -0.0235644 
352 0.194446 0.0103627 1.8417 0.184083 222.288 222.436 222.306 -0.147818 0.0382867 -0.0283185 -0.0241115 0.0382339 -0.0284054 -0.0240124 
360 0.196952 0.0040021 1.8249 0.192949 222.287 222.439 222.303 -0.151382 0.0369829 -0.0261139 -0.02436 0.0369243 -0.0261998 -0.024248 
368 0.203573 -0.0128982 1.80743 0.21647 222.288 222.441 222.3 -0.153625 0.0353019 -0.0246536 -0.0195949 0.0352411 -0.0247441 -0.0194944 
376 0.216222 -0.0329649 1.78505 0.249187 222.291 222.44 222.298 -0.149333 0.0348407 -0.0298874 -0.0155423 0.0347804 -0.0299894 -0.0154555 
384 0.20765 -0.0608903 1.76634 0.268541 222.297 222.439 222.292 -0.142918 0.0385464 -0.0390091 -0.0184803 0.0384916 -0.0391327 -0.0183978 
392 0.171048 -0.0840267 1.74249 0.255074 222.301 222.44 222.286 -0.13916 0.044182 -0.0460412 -0.0222782 0.0441328 -0.046174 -0.022192 
400 0.127974 -0.0945014 1.73218 0.222476 222.302 222.441 222.284 -0.138404 0.0453808 -0.0457521 -0.0252534 0.0453313 -0.045871 -0.0251564 
408 0.0912386 -0.0959335 1.73071 0.187172 222.302 222.44 222.289 -0.138519 0.0408515 -0.0460431 -0.0265023 0.0408028 -0.0461455 -0.0264005 
416 0.0569368 -0.085016 1.74309 0.141953 222.297 222.44 222.298 -0.142826 0.0330599 -0.0478036 -0.0237906 0.0330088 -0.0479095 -0.0236911 
424 0.0266597 -0.0721813 1.76313 0.0988411 222.287 222.438 222.309 -0.151028 0.0283613 -0.0464743 -0.0200794 0.0283007 -0.0465883 -0.0199758 
432 0.00961306 -0.0626272 1.77234 0.0722405 222.275 222.439 222.319 -0.163882 0.0244655 -0.043857 -0.0179073 0.0243945 -0.0439823 -0.0178005 
440 -0.0161904 -0.0592079 1.74983 0.0430174 222.269 222.441 222.32 -0.172191 0.0233894 -0.0413824 -0.0198808 0.023319 -0.041518 -0.0197749 
448 -0.0528743 -0.0800183 1.70675 0.0271434 222.27 222.443 222.315 -0.172762 0.0240729 -0.0369215 -0.0186204 0.0240064 -0.0370575 -0.0185015 
456 -0.0769048 -0.117302 1.66112 0.0403967 222.272 222.443 222.312 -0.170993 0.0301309 -0.0319409 -0.0154355 0.0300702 -0.0320676 -0.0153058 
464 -0.0995147 -0.135927 1.62874 0.0364123 222.274 222.44 222.31 -0.165927 0.0359215 -0.0308163 -0.0126988 0.0358704 -0.0309355 -0.0125797 
472 -0.113243 -0.121809 1.60384 0.00856654 222.28 222.433 222.307 -0.153468 0.0352831 -0.0350375 -0.0155487 0.0352463 -0.0351606 -0.0154507 
480 -0.132131 -0.0824709 1.58942 -0.04966 222.287 222.429 222.303 -0.142539 0.0320245 -0.0380496 -0.0205941 0.0319965 -0.038188 -0.0205075 
488 -0.171362 -0.0560569 1.58371 -0.115305 222.286 222.431 222.303 -0.144632 0.0314696 -0.0376461 -0.0245048 0.0314442 -0.0377922 -0.0244166 
496 -0.246844 -0.0420593 1.5941 -0.204785 222.284 222.434 222.304 -0.15041 0.028857 -0.0371334 -0.0264746 0.0288367 -0.0372689 -0.0263812 
504 -0.340459 -0.0119511 1.60389 -0.328508 222.284 222.438 222.303 -0.153973 0.0250448 -0.0356127 -0.0260427 0.0250228 -0.0357292 -0.0259422 
512 -0.419694 0.0313663 1.61817 -0.451061 222.283 222.443 222.299 -0.1603 0.0241782 -0.0355999 -0.0206901 0.0241521 -0.0357037 -0.0205757 
520 -0.484921 0.0642802 1.628 -0.549202 222.276 222.451 222.294 -0.175574 0.0262186 -0.0381931 -0.0166312 0.0261946 -0.0383026 -0.0165009 
528 -0.53516 0.0600842 1.62696 -0.595244 222.265 222.457 222.294 -0.192412 0.0259627 -0.0371705 -0.0187283 0.0259472 -0.0372859 -0.018599 
536 -0.583364 0.0266749 1.63114 -0.610039 222.258 222.455 222.301 -0.196715 0.0257826 -0.0305539 -0.0244456 0.025773 -0.030662 -0.0243306 
544 -0.634008 -0.0184371 1.64717 -0.615572 222.26 222.445 222.309 -0.185114 0.0243132 -0.0203008 -0.0280815 0.0243006 -0.0203979 -0.0279846 
552 -0.685688 -0.0489867 1.67186 -0.636701 222.262 222.438 222.314 -0.175721 0.0238003 -0.0136368 -0.0299793 0.0237746 -0.013729 -0.0298881 
560 -0.731967 -0.0589603 1.68295 -0.673007 222.262 222.441 222.315 -0.178868 0.0213504 -0.0158474 -0.027524 0.0213128 -0.0159449 -0.0274242 
568 -0.776451 -0.0474504 1.69183 -0.729 222.264 222.448 222.311 -0.184538 0.0222124 -0.0218623 -0.0246795 0.0221637 -0.0219707 -0.02458 
576 -0.837059 -0.0247161 1.69639 -0.812343 222.271 222.451 222.307 -0.17988 0.0294743 -0.0260888 -0.0242456 0.0294299 -0.0262068 -0.0241488 
584 -0.911157 0.000113448 1.69816 -0.911271 222.28 222.451 222.301 -0.171337 0.037018 -0.0292943 -0.026319 0.0369846 -0.029413 -0.0262125 
592 -0.996549 0.0085901 1.68751 -1.00514 222.283 222.454 222.295 -0.170631 0.0381175 -0.03362 -0.0303253 0.0380895 -0.0337371 -0.030204 
600 -1.11298 0.0103936 1.66571 -1.12337 222.284 222.459 222.288 -0.17446 0.0338709 -0.0368304 -0.0322795 0.0338363 -0.0369437 -0.0321413 
608 -1.24171 0.014281 1.65115 -1.25599 222.285 222.458 222.284 -0.173157 0.0298739 -0.038003 -0.0326409 0.0298251 -0.038116 -0.0325016 
616 -1.3648 0.0239082 1.66739 -1.38871 222.285 222.454 222.285 -0.168345 0.0270574 -0.03709 -0.0314053 0.0269954 -0.0372026 -0.0312683 
624 -1.46927 0.0374301 1.68583 -1.5067 222.285 222.447 222.292 -0.162555 0.0257501 -0.0362387 -0.0275341 0.0256805 -0.0363498 -0.0273986 
632 -1.5755 0.0440986 1.68184 -1.61959 222.287 222.439 222.3 -0.152184 0.027734 -0.0315817 -0.0253154 0.0276737 -0.0316872 -0.0251709 
640 -1.70125 0.0615304 1.64606 -1.76278 222.291 222.433 222.304 -0.141903 0.0310542 -0.026666 -0.0256123 0.0310265 -0.0267614 -0.025454 
648 -1.83419 0.0807476 1.60403 -1.91494 222.292 222.429 222.304 -0.137617 0.0336154 -0.0214623 -0.025788 0.0336174 -0.0215468 -0.0256188 
656 -1.96092 0.0977883 1.57637 -2.05871 222.291 222.43 222.3 -0.138525 0.0341155 -0.0187826 -0.0246275 0.0341206 -0.018867 -0.0244468 
664 -2.10193 0.116187 1.56079 -2.21812 222.295 222.432 222.294 -0.137212 0.0351879 -0.0211524 -0.0268705 0.035169 -0.0212432 -0.0266761 
672 -2.25571 0.132939 1.54396 -2.38864 222.297 222.433 222.291 -0.135834 0.0389597 -0.0273686 -0.0308428 0.0389182 -0.0274625 -0.0306431 
680 -2.41157 0.146858 1.54017 -2.55843 222.295 222.436 222.29 -0.140481 0.0435035 -0.034485 -0.0331032 0.0434527 -0.0345794 -0.0329009 
688 -2.5499 0.146952 1.54198 -2.69686 222.29 222.44 222.289 -0.149941 0.0482704 -0.0400842 -0.0298811 0.0482258 -0.0401767 -0.0296709 
696 -2.69714 0.134048 1.54912 -2.83118 222.286 222.445 222.286 -0.158959 0.044967 -0.0407075 -0.0250524 0.0449361 -0.0407944 -0.0248335 
704 -2.86341 0.111737 1.56762 -2.97514 222.284 222.452 222.279 -0.168122 0.0397217 -0.0357669 -0.0181391 0.0397003 -0.0358433 -0.0179112 
712 -3.05361 0.0833657 1.59348 -3.13698 222.283 222.456 222.274 -0.173246 0.0367546 -0.0321715 -0.0161968 0.0367281 -0.0322435 -0.0159564 
720 -3.22993 0.0451277 1.6044 -3.27506 222.28 222.457 222.276 -0.176342 0.0381437 -0.0288873 -0.0191507 0.0380974 -0.028959 -0.0188913 
728 -3.37644 0.00963982 1.59752 -3.38608 222.277 222.454 222.282 -0.177426 0.0423225 -0.0257655 -0.0214597 0.0422611 -0.0258398 -0.0211805 
736 -3.54109 -0.00893192 1.58447 -3.53216 222.275 222.446 222.294 -0.1708 0.0478904 -0.0252223 -0.0233742 0.0478343 -0.0252945 -0.0230834 
744 -3.73987 0.00479129 1.56504 -3.74466 222.277 222.436 222.306 -0.158772 0.0490682 -0.0280105 -0.0241964 0.0490206 -0.0280818 -0.0238978 
752 -3.96825 0.038159 1.56123 -4.00641 222.281 222.428 222.311 -0.146919 0.0422809 -0.0336274 -0.0266072 0.0422386 -0.0337096 -0.0262998 
760 -4.2169 0.0660256 1.57158 -4.28293 222.285 222.423 222.313 -0.138225 0.0325867 -0.0398367 -0.0272773 0.0325519 -0.0399344 -0.0269546 
768 -4.47748 0.083292 1.58576 -4.56077 222.283 222.422 222.316 -0.139454 0.0290866 -0.0420563 -0.0257925 0.0290554 -0.0421609 -0.0254534 
776 -4.74098 0.0895648 1.57769 -4.83054 222.278 222.426 222.317 -0.147776 0.0273687 -0.0411935 -0.0268083 0.0273326 -0.0412995 -0.0264472 
784 -5.01727 0.0825211 1.57948 -5.0998 222.276 222.428 222.316 -0.152447 0.0261679 -0.0396435 -0.0267625 0.0261289 -0.0397485 -0.026376 
792 -5.31204 0.0745002 1.58712 -5.38654 222.278 222.433 222.308 -0.15568 0.0239558 -0.0385391 -0.0232174 0.0239125 -0.0386325 -0.0228057 
800 -5.60493 0.0776586 1.60771 -5.68259 222.281 222.442 222.296 -0.160327 0.0252108 -0.0392008 -0.0212432 0.0251635 -0.0392822 -0.0208153 
808 -5.90188 0.0982765 1.64621 -6.00015 222.284 222.448 222.289 -0.163963 0.0283226 -0.0401988 -0.0230738 0.0282665 -0.0402737 -0.0226244 
816 -6.21101 0.130509 1.67966 -6.34152 222.282 222.45 222.29 -0.168011 0.0313966 -0.0436518 -0.0250527 0.0313328 -0.043721 -0.0245907 
824 -6.54738 0.162265 1.68981 -6.70965 222.282 222.45 222.292 -0.168361 0.0325048 -0.0488616 -0.0253763 0.0324418 -0.0489304 -0.024907 
832 -6.89341 0.19688 1.6923 -7.09029 222.282 222.448 222.295 -0.166213 0.0320286 -0.0533287 -0.025601 0.0319747 -0.0534081 -0.0251118 
840 -7.25475 0.20986 1.66872 -7.46461 222.284 222.443 222.297 -0.159757 0.0341402 -0.0528936 -0.02332 0.0340987 -0.0529889 -0.0228062 
848 -7.64846 0.206837 1.62542 -7.85529 222.289 222.439 222.297 -0.149968 0.0345673 -0.0481576 -0.0223491 0.0345338 -0.0482794 -0.0218105 
856 -8.07643 0.183258 1.60444 -8.25969 222.291 222.438 222.294 -0.146995 0.034289 -0.0419831 -0.0254239 0.0342556 -0.0421225 -0.0248648 
864 -8.52507 0.153351 1.60263 -8.67843 222.288 222.443 222.29 -0.154618 0.0376109 -0.040556 -0.0280404 0.0375694 -0.0406941 -0.0274636 
872 -8.98355 0.1408 1.61204 -9.12435 222.28 222.447 222.293 -0.167371 0.0437524 -0.0420362 -0.0272175 0.0436957 -0.0421682 -0.0266171 
880 -9.44711 0.146666 1.61779 -9.59378 222.274 222.447 222.298 -0.172409 0.048746 -0.0413864 -0.0218718 0.0486736 -0.0415126 -0.0212403 
888 -9.9101 0.16204 1.62016 -10.0721 222.275 222.443 222.302 -0.168196 0.0480662 -0.0362251 -0.0173296 0.0479941 -0.0363492 -0.0166678 
896 -10.3758 0.201565 1.62616 -10.5774 222.28 222.44 222.306 -0.160068 0.0408429 -0.0330208 -0.0159246 0.0407735 -0.0331474 -0.0152409 
904 -10.8565 0.246746 1.62658 -11.1033 222.284 222.437 222.309 -0.152754 0.0316409 -0.0383568 -0.0169464 0.0315686 -0.0384852 -0.0162447 
912 -11.3718 0.276664 1.61978 -11.6485 222.287 222.435 222.307 -0.147368 0.0247303 -0.0453875 -0.0198943 0.0246601 -0.04551 -0.0191597 
920 -11.9362 0.289944 1.60556 -12.2262 222.288 222.438 222.302 -0.150246 0.0235437 -0.0511697 -0.0225401 0.0234756 -0.0512819 -0.0217633 
928 -12.5236 0.280361 1.59085 -12.804 222.285 222.448 222.294 -0.163302 0.0274768 -0.0516089 -0.0234555 0.0274194 -0.0517056 -0.0226321 
936 -13.1138 0.247879 1.57091 -13.3617 222.277 222.458 222.289 -0.180963 0.0267031 -0.0494413 -0.026566 0.0266606 -0.0495155 -0.0257025 
944 -13.7091 0.224168 1.56196 -13.9332 222.27 222.463 222.29 -0.192582 0.0236075 -0.0464526 -0.0277235 0.0235653 -0.0465085 -0.0268218 
952 -14.2925 0.227655 1.56111 -14.5201 222.268 222.461 222.295 -0.193629 0.0209199 -0.0428599 -0.0244919 0.0208645 -0.0429029 -0.023551 
960 -14.8776 0.251321 1.56337 -15.1289 222.268 222.456 222.301 -0.187559 0.0213548 -0.0430867 -0.0237859 0.0212823 -0.0431232 -0.0228084 
968 -15.4911 0.270763 1.56423 -15.7619 222.272 222.449 222.303 -0.177855 0.0249381 -0.0474206 -0.0250255 0.0248592 -0.0474686 -0.0240164 
976 -16.1388 0.274274 1.55973 -16.4131 222.279 222.441 222.303 -0.162207 0.0303096 -0.0520394 -0.0241865 0.0302378 -0.0521015 -0.0231421 
984 -16.8132 0.266381 1.55901 -17.0796 222.285 222.436 222.302 -0.150973 0.0341028 -0.0538221 -0.0252545 0.0340387 -0.0538975 -0.0241655 
992 -17.5017 0.260196 1.55165 -17.7619 222.287 222.438 222.298 -0.150431 0.0334471 -0.0542792 -0.0274753 0.033384 -0.0543637 -0.0263353 
1000 -18.1769 0.24356 1.52305 -18.4205 222.289 222.441 222.293 -0.151791 0.029444 -0.0518042 -0.0277542 0.0293803 -0.0518919 -0.0265693 
1008 -18.8325 0.213502 1.48655 -19.046 222.29 222.444 222.287 -0.154437 0.0263408 -0.0459145 -0.0264404 0.0262784 -0.0459986 -0.0252162 
1016 -19.4807 0.19993 1.45958 -19.6806 222.289 222.445 222.285 -0.155858 0.0283109 -0.0402588 -0.0224841 0.0282539 -0.0403343 -0.0212199 
1024 -20.1327 0.21868 1.44879 -20.3514 222.29 222.442 222.285 -0.152143 0.0305325 -0.0394657 -0.0218325 0.030489 -0.0395338 -0.0205311 
1032 -20.7904 0.245273 1.45668 -21.0357 222.292 222.44 222.284 -0.147576 0.0296654 -0.0421392 -0.020791 0.0296285 -0.0422004 -0.0194533 
1040 -21.4637 0.258455 1.46686 -21.7221 222.294 222.443 222.28 -0.149662 0.0219032 -0.0486987 -0.0173111 0.0218702 -0.0487501 -0.015926 
1048 -22.1374 0.254834 1.48211 -22.3922 222.295 222.449 222.274 -0.154052 0.0185542 -0.0526715 -0.0170997 0.0185292 -0.0527133 -0.0156629 
1056 -22.7968 0.236895 1.48895 -23.0337 222.301 222.453 222.263 -0.152025 0.0202137 -0.0483554 -0.0173289 0.02019 -0.0483956 -0.0158386 
1064 -23.4299 0.218787 1.50183 -23.6487 222.308 222.449 222.259 -0.141754 0.0246987 -0.0421424 -0.0181979 0.0246856 -0.0421878 -0.016665 
1072 -24.0373 0.210818 1.51855 -24.2481 222.316 222.44 222.26 -0.124019 0.0298939 -0.0391189 -0.0181937 0.0298938 -0.039171 -0.0166259 
1080 -24.6177 0.220185 1.53984 -24.8379 222.323 222.433 222.26 -0.110056 0.0350104 -0.0382886 -0.0187961 0.035017 -0.0383415 -0.0172012 
1088 -25.1653 0.239808 1.54952 -25.4051 222.327 222.431 222.261 -0.103974 0.0390263 -0.0402354 -0.0204778 0.0390313 -0.0402788 -0.0188707 
1096 -25.6937 0.251799 1.53866 -25.9455 222.325 222.429 222.266 -0.104638 0.0430624 -0.0461797 -0.0216366 0.0430564 -0.0462122 -0.0200101 
1104 -26.2072 0.25317 1.51215 -26.4603 222.32 222.428 222.274 -0.10871 0.0462216 -0.0501742 -0.0240247 0.0462071 -0.0502068 -0.0223728 
1112 -26.7261 0.248661 1.4923 -26.9748 222.314 222.43 222.28 -0.115782 0.046225 -0.0489313 -0.0246827 0.0462078 -0.0489685 -0.0230039 
1120 -27.225 0.243057 1.47497 -27.4681 222.309 222.436 222.282 -0.127188 0.0465676 -0.0447353 -0.0289004 0.0465541 -0.0447748 -0.0271885 
1128 -27.6971 0.242645 1.46996 -27.9397 222.303 222.443 222.281 -0.139182 0.0474145 -0.0376813 -0.033191 0.0474115 -0.0377264 -0.0314484 
1136 -28.1275 0.260139 1.48213 -28.3876 222.3 222.445 222.282 -0.145113 0.0440445 -0.0323961 -0.032603 0.0440488 -0.0324484 -0.0308399 
1144 -28.5076 0.285341 1.49331 -28.793 222.299 222.445 222.282 -0.146145 0.0389085 -0.028444 -0.0278023 0.0389116 -0.0284963 -0.0260148 
1152 -28.8222 0.306511 1.48795 -29.1287 222.302 222.446 222.28 -0.144813 0.0336716 -0.0305475 -0.0268192 0.0336648 -0.0305951 -0.0250102 
1160 -29.0663 0.337935 1.46589 -29.4042 222.303 222.449 222.278 -0.146273 0.0303363 -0.0362087 -0.0266709 0.0303241 -0.0362529 -0.0248439 
1168 -29.2582 0.354717 1.44273 -29.6129 222.3 222.452 222.278 -0.152299 0.0271289 -0.0412765 -0.0253513 0.0271093 -0.0413234 -0.0235165 
1176 -29.4064 0.357577 1.42954 -29.764 222.298 222.454 222.279 -0.155378 0.02432 -0.0441798 -0.0262756 0.024292 -0.0442389 -0.0244441 
1184 -29.5148 0.351357 1.43177 -29.8661 222.298 222.451 222.28 -0.153394 0.0208561 -0.044476 -0.0274464 0.0208254 -0.044549 -0.0256157 
1192 -29.5772 0.325859 1.45488 -29.9031 222.3 222.45 222.277 -0.150131 0.0214491 -0.0448181 -0.0267444 0.021418 -0.0448907 -0.0249074 
1200 -29.5727 0.299165 1.48852 -29.8719 222.303 222.448 222.274 -0.144936 0.019759 -0.0434355 -0.0263791 0.0197386 -0.043499 -0.0245343 
1208 -29.4951 0.282675 1.5136 -29.7778 222.306 222.445 222.272 -0.139118 0.0171118 -0.0446765 -0.0238348 0.0170962 -0.0447292 -0.0219884 
1216 -29.3411 0.257957 1.51412 -29.5991 222.306 222.442 222.274 -0.13645 0.0138705 -0.044648 -0.0162713 0.0138501 -0.0446924 -0.0144391 
1224 -29.0978 0.229344 1.51266 -29.3271 222.306 222.439 222.279 -0.133504 0.0140528 -0.041733 -0.0119359 0.0140229 -0.0417752 -0.0101234 
1232 -28.7692 0.226421 1.51053 -28.9956 222.306 222.439 222.282 -0.132406 0.0154493 -0.0381306 -0.0119563 0.0154153 -0.0381751 -0.0101611 
1240 -28.359 0.25406 1.52021 -28.6131 222.305 222.442 222.284 -0.137429 0.0151477 -0.0338235 -0.0154746 0.0151021 -0.0338778 -0.0136968 
1248 -27.8767 0.285043 1.53233 -28.1617 222.297 222.448 222.287 -0.150219 0.0125426 -0.0341102 -0.0211237 0.0124857 -0.0341738 -0.0193739 
1256 -27.3275 0.321914 1.53439 -27.6494 222.289 222.453 222.291 -0.163834 0.00906316 -0.0317483 -0.0267701 0.00900458 -0.0318256 -0.0250633 
1264 -26.7026 0.363956 1.54322 -27.0666 222.288 222.457 222.289 -0.16892 0.00914273 -0.0311669 -0.026631 0.00908553 -0.0312517 -0.0249715 
1272 -25.9869 0.392117 1.55848 -26.379 222.293 222.456 222.286 -0.162232 0.0134561 -0.0367069 -0.0229224 0.0133976 -0.0367872 -0.0213063 
1280 -25.1746 0.407405 1.57523 -25.582 222.298 222.453 222.281 -0.15453 0.0222885 -0.0481354 -0.0158062 0.022223 -0.0482073 -0.0142222 
1288 -24.2717 0.409819 1.58776 -24.6815 222.296 222.449 222.283 -0.152787 0.0296534 -0.0549531 -0.007907 0.0295926 -0.055028 -0.00635829 
1296 -23.3038 0.418549 1.59167 -23.7224 222.29 222.446 222.288 -0.155328 0.0300779 -0.0570133 -0.00325143 0.0300335 -0.0570947 -0.00175407 
1304 -22.2944 0.427249 1.59083 -22.7217 222.288 222.442 222.293 -0.153855 0.0265511 -0.0542889 -0.00432928 0.026515 -0.0543774 -0.0028901 
1312 -21.219 0.425492 1.59268 -21.6445 222.287 222.439 222.299 -0.152026 0.0221808 -0.0502667 -0.00735024 0.0221495 -0.0503623 -0.00597677 
1320 -20.0746 0.405619 1.58134 -20.4802 222.285 222.439 222.304 -0.153483 0.0156951 -0.0488648 -0.00974483 0.0156646 -0.0489604 -0.00843374 
1328 -18.8485 0.397709 1.55916 -19.2462 222.284 222.446 222.303 -0.161998 0.0115109 -0.0515256 -0.0135331 0.011488 -0.0516226 -0.0122928 
1336 -17.5344 0.402276 1.52952 -17.9367 222.282 222.454 222.299 -0.171604 0.0100182 -0.054261 -0.0144562 0.0100005 -0.0543555 -0.0132947 
1344 -16.1427 0.411714 1.51851 -16.5544 222.281 222.453 222.301 -0.172479 0.00686413 -0.0573842 -0.0160912 0.00684603 -0.0574779 -0.015014 
1352 -14.6932 0.42902 1.5173 -15.1222 222.28 222.445 222.308 -0.164568 0.00555148 -0.0588469 -0.0134742 0.00552261 -0.0589314 -0.0124889 
1360 -13.2043 0.428655 1.51185 -13.6329 222.278 222.438 222.314 -0.159654 0.00704331 -0.0578085 -0.0113093 0.00700626 -0.0578953 -0.0104228 
1368 -11.6865 0.389524 1.50363 -12.0761 222.275 222.438 222.316 -0.16246 0.0112862 -0.0556369 -0.00907531 0.0112435 -0.0557319 -0.00829287 
1376 -10.1658 0.34465 1.50919 -10.5104 222.272 222.441 222.316 -0.168806 0.0146404 -0.0514824 -0.00881042 0.0145875 -0.0515806 -0.00812127 
1384 -8.63106 0.31158 1.51495 -8.94264 222.269 222.446 222.315 -0.177337 0.0171345 -0.0459466 -0.00900627 0.0170753 -0.0460364 -0.00839989 
1392 -7.07276 0.280012 1.5082 -7.35278 222.266 222.453 222.313 -0.187483 0.016274 -0.0389461 -0.0108439 0.0162075 -0.0390257 -0.0103114 
1400 -5.50282 0.2513 1.49319 -5.75412 222.265 222.457 222.311 -0.19186 0.0140952 -0.0309102 -0.0136309 0.0140264 -0.0309773 -0.0131801 
1408 -3.92177 0.230438 1.49613 -4.15221 222.268 222.46 222.308 -0.192067 0.00987425 -0.0236312 -0.016916 0.00980709 -0.023691 -0.0165549 
1416 -2.34996 0.219914 1.53326 -2.56987 222.269 222.463 222.307 -0.193408 0.00653983 -0.0196147 -0.0185558 0.00647089 -0.0196832 -0.0182895 
1424 -0.772735 0.228953 1.57141 -1.00169 222.268 222.464 222.309 -0.196168 0.00869313 -0.0212786 -0.0215243 0.00861898 -0.0213695 -0.0213606 
1432 0.784193 0.264905 1.60237 0.519288 222.266 222.459 222.315 -0.192747 0.0114708 -0.0281991 -0.024138 0.0113965 -0.0283045 -0.0240818 
1440 2.30729 0.309361 1.61991 1.99793 222.265 222.453 222.322 -0.187478 0.0150499 -0.036216 -0.0213358 0.0149711 -0.03633 -0.0213806 
1448 3.79531 0.336673 1.61127 3.45863 222.264 222.453 222.323 -0.188556 0.0178477 -0.0407022 -0.0141118 0.0177538 -0.0408201 -0.014247 
1456 5.24803 0.332401 1.57472 4.91562 222.265 222.453 222.322 -0.187849 0.0184885 -0.0446457 -0.0074124 0.0183833 -0.0447629 -0.0076293 
1464 6.65097 0.315681 1.53234 6.33529 222.268 222.449 222.322 -0.181343 0.0174422 -0.0471314 -0.00493592 0.017346 -0.0472518 -0.0052228 
1472 8.01269 0.304027 1.50772 7.70867 222.271 222.446 222.321 -0.175471 0.0197346 -0.0498525 -0.00337285 0.0196573 -0.0499765 -0.00373432 
1480 9.32552 0.309207 1.50365 9.01632 222.272 222.447 222.317 -0.1745 0.023006 -0.0501337 -0.00496298 0.0229509 -0.0502576 -0.00540691 
1488 10.6004 0.322441 1.50893 10.278 222.272 222.446 222.317 -0.174104 0.0254677 -0.0535044 -0.010007 0.0254321 -0.053626 -0.0105373 
1496 11.8403 0.334277 1.52137 11.506 222.27 222.446 222.318 -0.176071 0.0268503 -0.061739 -0.0147975 0.0268238 -0.0618533 -0.0154091 
1504 13.0421 0.334369 1.5307 12.7077 222.266 222.449 222.316 -0.183445 0.0250865 -0.0687814 -0.0176294 0.0250652 -0.0688913 -0.0183175 
1512 14.1869 0.319209 1.53571 13.8677 222.26 222.453 222.315 -0.193526 0.0189417 -0.069347 -0.0206808 0.0189218 -0.0694619 -0.0214381 
1520 15.2889 0.286434 1.53416 15.0024 222.255 222.456 222.316 -0.200204 0.0134364 -0.0635609 -0.0226533 0.0134186 -0.063683 -0.0234792 
1528 16.3465 0.245982 1.54129 16.1005 222.256 222.457 222.315 -0.200286 0.00873161 -0.0562855 -0.0182324 0.00871772 -0.0564102 -0.0191276 
1536 17.3426 0.232644 1.55359 17.1099 222.263 222.459 222.308 -0.19509 0.00511932 -0.05124 -0.0134502 0.0051082 -0.051368 -0.0144131 
1544 18.2599 0.241812 1.55719 18.018 222.271 222.464 222.299 -0.19351 0.00303839 -0.0497657 -0.00864795 0.00303291 -0.0498909 -0.00967581 
1552 19.1133 0.260084 1.56052 18.8532 222.276 222.469 222.293 -0.193095 0.00292149 -0.0487572 -0.00622855 0.0029279 -0.0488671 -0.00730884 
1560 19.9097 0.278806 1.57693 19.6309 222.277 222.47 222.294 -0.193252 0.00521074 -0.0512261 -0.00657787 0.00522175 -0.0513185 -0.0076943 
1568 20.6575 0.283004 1.59611 20.3745 222.277 222.469 222.296 -0.191633 0.00889249 -0.0525494 -0.00668464 0.00890219 -0.0526348 -0.00783042 
1576 21.342 0.271076 1.62082 21.0709 222.276 222.466 222.3 -0.190619 0.0133885 -0.0520811 -0.00762159 0.0133902 -0.0521686 -0.00879843 
1584 21.9622 0.239727 1.64752 21.7225 222.275 222.461 222.305 -0.185426 0.0140522 -0.048188 -0.0120562 0.0140411 -0.0482784 -0.0132707 
1592 22.4804 0.210144 1.67428 22.2703 222.28 222.452 222.309 -0.172089 0.00841752 -0.0443323 -0.0167341 0.00839809 -0.0444233 -0.017985 
1600 22.8951 0.199852 1.67065 22.6953 222.287 222.445 222.306 -0.157279 0.00122144 -0.0431276 -0.0156196 0.00119722 -0.0432237 -0.0169032 
1608 23.2047 0.189337 1.64382 23.0154 222.291 222.44 222.303 -0.149599 -0.00216101 -0.0448632 -0.00985005 -0.00218643 -0.044965 -0.0111561 
1616 23.4437 0.173231 1.60751 23.2705 222.288 222.44 222.302 -0.15136 -0.00402685 -0.0492572 -0.00515995 -0.00404835 -0.0493655 -0.00647399 
1624 23.6234 0.173211 1.56766 23.4501 222.284 222.442 222.303 -0.157227 -0.00258733 -0.0498238 -0.00581665 -0.00261049 -0.0499373 -0.00713256 
1632 23.7337 0.190497 1.54297 23.5432 222.283 222.444 222.305 -0.161367 0.00173015 -0.0508652 -0.012979 0.0017009 -0.0509769 -0.0142975 
1640 23.7767 0.227573 1.54739 23.5492 222.285 222.446 222.302 -0.161592 0.00689788 -0.0509819 -0.0227261 0.006858 -0.0510854 -0.0240556 
1648 23.7281 0.253507 1.56416 23.4746 222.289 222.451 222.294 -0.161586 0.00838808 -0.0484624 -0.0273248 0.00835147 -0.0485508 -0.0286607 
1656 23.5779 0.267463 1.57984 23.3104 222.291 222.456 222.288 -0.165563 0.00825934 -0.0468321 -0.0212256 0.00822925 -0.0469076 -0.0225642 
1664 23.3453 0.280328 1.5639 23.065 222.29 222.457 222.29 -0.167638 0.00885917 -0.0461681 -0.01111 0.00883218 -0.0462369 -0.0124408 
1672 23.0574 0.29836 1.51514 22.7591 222.287 222.456 222.296 -0.168625 0.0114449 -0.04933 -0.0064948 0.0114212 -0.049393 -0.00780803 
1680 22.7356 0.301455 1.45464 22.4342 222.287 222.455 222.301 -0.167432 0.0126079 -0.0512299 -0.00801488 0.0125909 -0.0512861 -0.00929722 
1688 22.3897 0.319436 1.41669 22.0703 222.29 222.451 222.303 -0.161049 0.0128373 -0.0519112 -0.0127282 0.0128283 -0.0519674 -0.0139828 
1696 22.0128 0.34514 1.40475 21.6677 222.293 222.448 222.303 -0.154063 0.0101914 -0.0537521 -0.0152026 0.0101869 -0.0538168 -0.0164374 
1704 21.5986 0.379684 1.40959 21.2189 222.294 222.446 222.304 -0.152089 0.00958756 -0.0569714 -0.0160714 0.00958341 -0.0570451 -0.0172855 
1712 21.108 0.406386 1.40723 20.7016 222.293 222.445 222.307 -0.152509 0.0111148 -0.0572052 -0.0138071 0.0111128 -0.057279 -0.0149857 
1720 20.5609 0.427811 1.41676 20.1331 222.294 222.44 222.31 -0.146771 0.0102104 -0.0530075 -0.00946419 0.010207 -0.0530731 -0.0105978 
1728 20.0035 0.441779 1.41926 19.5618 222.294 222.437 222.311 -0.142403 0.0056394 -0.0480429 -0.0079578 0.00563421 -0.0480989 -0.00905106 
1736 19.4351 0.448082 1.41681 18.987 222.293 222.438 222.311 -0.144902 0.00140622 -0.0478308 -0.0112596 0.00139198 -0.0478876 -0.0123168 
1744 18.8724 0.448702 1.40106 18.4237 222.291 222.441 222.31 -0.149905 0.000194588 -0.0495523 -0.0157155 0.000167091 -0.0496094 -0.016746 
1752 18.3183 0.461353 1.38329 17.857 222.295 222.442 222.308 -0.147018 0.0023954 -0.0487139 -0.0151989 0.00236471 -0.0487729 -0.0161962 
1760 17.7647 0.478158 1.386 17.2866 222.3 222.437 222.307 -0.137401 0.00418191 -0.048698 -0.0116385 0.00415855 -0.0487553 -0.0125995 
1768 17.1992 0.485351 1.39477 16.7138 222.303 222.431 222.31 -0.127447 0.00491832 -0.0489679 -0.00940681 0.00490505 -0.049017 -0.0103274 
1776 16.6142 0.46533 1.39574 16.1489 222.301 222.424 222.316 -0.12248 0.00505366 -0.0470385 -0.00613418 0.00504306 -0.0470815 -0.00701913 
1784 16.0013 0.453956 1.39196 15.5474 222.298 222.421 222.321 -0.122541 0.00319984 -0.0487133 -0.00288801 0.00319494 -0.0487483 -0.00373409 
1792 15.3704 0.468284 1.38309 14.9021 222.297 222.426 222.318 -0.128979 0.00149414 -0.054219 -0.00190152 0.00150111 -0.0542392 -0.00270583 
1800 14.75 0.505373 1.36116 14.2446 222.297 222.435 222.312 -0.137787 0.00403444 -0.061153 -0.00317521 0.00405225 -0.0611525 -0.00395515 
1808 14.1558 0.54971 1.35715 13.6061 222.297 222.44 222.308 -0.142842 0.0082757 -0.0669155 -0.00734128 0.00829491 -0.0669017 -0.00810064 
1816 13.5866 0.580803 1.39438 13.0058 222.297 222.444 222.308 -0.146326 0.0136749 -0.0685864 -0.0128009 0.0136918 -0.0685728 -0.0135304 
1824 13.0437 0.586252 1.45813 12.4574 222.294 222.448 222.309 -0.154472 0.0170618 -0.0688843 -0.0166959 0.0170765 -0.0688723 -0.0173932 
1832 12.5092 0.574016 1.50701 11.9352 222.29 222.456 222.306 -0.16621 0.0189511 -0.0675402 -0.0168818 0.0189638 -0.0675268 -0.0175504 
1840 11.9843 0.55974 1.51435 11.4245 222.291 222.458 222.302 -0.167362 0.0160411 -0.0629145 -0.0106125 0.0160446 -0.0629032 -0.0112534 
1848 11.4625 0.551403 1.48891 10.9111 222.297 222.452 222.302 -0.154975 0.0141678 -0.0566182 -0.00364103 0.0141709 -0.0566098 -0.00425591 
1856 10.9458 0.534434 1.44474 10.4114 222.304 222.444 222.305 -0.139748 0.0157329 -0.054133 0.00043259 0.0157468 -0.0541296 -0.000155619 
1864 10.4459 0.526922 1.39016 9.91896 222.309 222.437 222.309 -0.128611 0.017299 -0.052744 0.00120048 0.017327 -0.0527542 0.000643336 
1872 9.9907 0.534545 1.3566 9.45616 222.308 222.432 222.314 -0.123648 0.0160808 -0.0503309 0.00104826 0.016127 -0.0503577 0.00052226 
1880 9.57675 0.540103 1.34642 9.03664 222.306 222.429 222.317 -0.123508 0.0125231 -0.0499048 -0.00294728 0.0125779 -0.0499431 -0.00343929 
1888 9.19546 0.545298 1.3473 8.65017 222.304 222.429 222.319 -0.124654 0.00925002 -0.0513687 -0.00996134 0.00929816 -0.0514107 -0.0104181 
1896 8.8248 0.54806 1.36105 8.27674 222.305 222.429 222.319 -0.12406 0.0104608 -0.0560402 -0.0151709 0.0104945 -0.056081 -0.0155964 
1904 8.46295 0.532158 1.37412 7.93079 222.31 222.428 222.317 -0.118029 0.0138454 -0.059347 -0.0163876 0.0138674 -0.0593929 -0.0167877 
1912 8.10204 0.503765 1.39713 7.59827 222.317 222.425 222.312 -0.108973 0.015966 -0.059632 -0.0174254 0.0159829 -0.0596786 -0.0178063 
1920 7.75486 0.469381 1.43226 7.28548 222.319 222.428 222.307 -0.109108 0.0184339 -0.0587943 -0.0175751 0.0184515 -0.0588345 -0.0179345 
1928 7.42193 0.452554 1.49484 6.96938 222.316 222.43 222.305 -0.114528 0.0221825 -0.0553846 -0.0137319 0.0221923 -0.0554211 -0.0140817 
1936 7.13975 0.476054 1.56739 6.6637 222.313 222.43 222.303 -0.116963 0.0222296 -0.0500216 -0.00757711 0.0222252 -0.0500545 -0.007922 
1944 6.89908 0.509444 1.61965 6.38963 222.31 222.428 222.303 -0.117985 0.018058 -0.0475282 -0.0061226 0.0180491 -0.0475508 -0.00646345 
1952 6.68023 0.540622 1.63156 6.13961 222.307 222.427 222.304 -0.120505 0.0103636 -0.0502335 -0.010457 0.0103605 -0.0502412 -0.010792 
1960 6.48557 0.553621 1.62304 5.93195 222.307 222.428 222.302 -0.121369 0.00567156 -0.0529514 -0.0125471 0.00567052 -0.0529523 -0.0128727 
1968 6.31889 0.543631 1.59856 5.77526 222.307 222.431 222.3 -0.124226 0.00495762 -0.0568383 -0.0103172 0.00495056 -0.0568413 -0.0106362 
1976 6.16106 0.519004 1.56168 5.64206 222.302 222.434 222.303 -0.131842 0.0100164 -0.0555705 -0.00859046 0.0100162 -0.0555854 -0.00890275 
1984 6.00942 0.496368 1.54917 5.51305 222.3 222.436 222.306 -0.135392 0.0157452 -0.0505518 -0.01022 0.0157533 -0.0505759 -0.0105212 
1992 5.86397 0.487666 1.55968 5.37631 222.301 222.435 222.308 -0.134069 0.0165056 -0.0485674 -0.0130204 0.0165212 -0.0485996 -0.0133085 
2000 5.73043 0.499247 1.56616 5.23118 222.298 222.437 222.31 -0.138367 0.0145677 -0.0486715 -0.0139046 0.0145864 -0.0487065 -0.0141744 
2008 5.61541 0.529935 1.57267 5.08548 222.297 222.44 222.31 -0.143352 0.0121049 -0.052362 -0.0167279 0.0121286 -0.0523955 -0.0169793 
2016 5.52096 0.580556 1.58047 4.9404 222.301 222.439 222.307 -0.138268 0.00761459 -0.0578729 -0.0191985 0.00763877 -0.0579056 -0.0194319 
2024 5.44146 0.624016 1.59393 4.81745 222.306 222.434 222.305 -0.127968 0.00637464 -0.0566408 -0.0179841 0.0063909 -0.0566761 -0.0182082 
2032 5.36864 0.650993 1.59074 4.71765 222.309 222.431 222.301 -0.12208 0.00693674 -0.0484129 -0.0159342 0.00694555 -0.0484532 -0.0161563 
2040 5.27771 0.668463 1.57965 4.60925 222.31 222.431 222.299 -0.121266 0.00461494 -0.0417579 -0.0161065 0.00462877 -0.0418058 -0.0163278 
2048 5.18348 0.676622 1.57066 4.50686 222.308 222.433 222.3 -0.125211 -0.00301777 -0.0404542 -0.018107 -0.00300359 -0.0404974 -0.0183279 
2056 5.09864 0.680167 1.57138 4.41847 222.303 222.436 222.302 -0.133009 -0.00779135 -0.0418883 -0.0206202 -0.00777934 -0.0419211 -0.0208409 
2064 5.01817 0.662366 1.58142 4.35581 222.297 222.439 222.303 -0.141804 -0.00863387 -0.0463335 -0.0205757 -0.00861788 -0.0463522 -0.0207937 
2072 4.93179 0.641844 1.59155 4.28995 222.291 222.441 222.304 -0.150481 -0.0033994 -0.0522625 -0.0190898 -0.00338147 -0.0522769 -0.0193039 
2080 4.8541 0.626428 1.60257 4.22767 222.285 222.444 222.305 -0.158927 0.000853032 -0.0571926 -0.0161661 0.000881505 -0.0572071 -0.0163792 
2088 4.8043 0.610601 1.61525 4.1937 222.282 222.447 222.304 -0.164802 0.00247976 -0.0567389 -0.0118342 0.00250613 -0.0567552 -0.0120542 
2096 4.77096 0.596403 1.62499 4.17455 222.28 222.447 222.306 -0.166893 0.00232974 -0.0545195 -0.00866571 0.00233922 -0.0545453 -0.00887703 
2104 4.73978 0.591295 1.62794 4.14848 222.276 222.447 222.311 -0.170959 -0.000873571 -0.0523792 -0.00774542 -0.000878629 -0.0524133 -0.00793247 
2112 4.70756 0.594514 1.59129 4.11305 222.275 222.447 222.314 -0.17242 -0.00174373 -0.0531765 -0.0111442 -0.00174848 -0.0532051 -0.0113096 
2120 4.67221 0.603488 1.54412 4.06873 222.279 222.444 222.313 -0.165129 0.000728752 -0.0585733 -0.0111164 0.00073129 -0.0585863 -0.0112692 
2128 4.64774 0.632338 1.48844 4.0154 222.287 222.442 222.308 -0.154587 0.00256666 -0.0638868 -0.00957635 0.00257817 -0.0638921 -0.00972027 
2136 4.64036 0.666785 1.44224 3.97357 222.297 222.44 222.302 -0.143771 0.00271712 -0.0697726 -0.00664612 0.00273615 -0.0697805 -0.006788 
2144 4.65345 0.692301 1.42809 3.96115 222.306 222.437 222.297 -0.130967 0.00434625 -0.0752563 -0.00536551 0.00437545 -0.0752736 -0.00551648 
2152 4.6839 0.70907 1.46106 3.97483 222.314 222.428 222.297 -0.113664 0.00904641 -0.07807 -0.00623569 0.00907933 -0.078086 -0.00639856 
2160 4.70161 0.700088 1.50388 4.00152 222.32 222.417 222.303 -0.0968872 0.0134085 -0.0810851 -0.00903482 0.0134339 -0.0810937 -0.0091946 
2168 4.70243 0.686526 1.54694 4.0159 222.319 222.41 222.31 -0.0907957 0.0163301 -0.080269 -0.013604 0.0163415 -0.0802704 -0.013749 
2176 4.66733 0.662383 1.57039 4.00495 222.315 222.407 222.317 -0.0917701 0.0182448 -0.0785956 -0.0140429 0.0182395 -0.078591 -0.0141779 
2184 4.59899 0.640651 1.56332 3.95834 222.311 222.408 222.319 -0.0971176 0.0203167 -0.0789409 -0.0127183 0.0203046 -0.0789423 -0.0128555 
2192 4.53305 0.637361 1.52816 3.89569 222.306 222.414 222.315 -0.107481 0.0179795 -0.0777377 -0.0158695 0.0179715 -0.0777471 -0.0160149 
2200 4.49229 0.664073 1.48513 3.82822 222.302 222.422 222.31 -0.119937 0.0148041 -0.0719708 -0.018383 0.0148037 -0.0719935 -0.0185376 
2208 4.46604 0.69675 1.4546 3.76929 222.301 222.426 222.31 -0.124831 0.0113646 -0.0647753 -0.0203261 0.0113697 -0.064805 -0.0204839 
2216 4.45358 0.726059 1.43241 3.72752 222.306 222.423 222.312 -0.117597 0.0081769 -0.0592801 -0.0216711 0.00818266 -0.0593056 -0.0218265 
2224 4.43715 0.744663 1.43258 3.69249 222.311 222.423 222.31 -0.112236 0.00926447 -0.0571317 -0.0222972 0.00926345 -0.0571387 -0.0224467 
2232 4.43023 0.758155 1.43745 3.67208 222.311 222.429 222.306 -0.117157 0.0127348 -0.0608562 -0.0223601 0.0127301 -0.0608563 -0.0225092 
2240 4.41514 0.730407 1.43763 3.68473 222.31 222.434 222.305 -0.124744 0.0143953 -0.0677598 -0.0210018 0.0143844 -0.0677763 -0.0211573 
2248 4.38778 0.680251 1.43614 3.70753 222.309 222.438 222.303 -0.128663 0.0148384 -0.0739165 -0.0209912 0.0148256 -0.073949 -0.0211483 
2256 4.37026 0.634742 1.44531 3.73552 222.312 222.439 222.3 -0.127699 0.0146525 -0.0749039 -0.0239244 0.0146391 -0.0749371 -0.0240844 
2264 4.34899 0.616921 1.44114 3.73207 222.312 222.44 222.297 -0.128172 0.0153466 -0.0744599 -0.0250858 0.0153265 -0.0744808 -0.0252473 
2272 4.31367 0.614102 1.43129 3.69957 222.309 222.435 222.3 -0.12677 0.0133243 -0.0690018 -0.0264734 0.0132967 -0.0690053 -0.0266283 
2280 4.24861 0.608527 1.42086 3.64008 222.304 222.43 222.306 -0.125838 0.0103768 -0.0590865 -0.0230147 0.0103496 -0.0590827 -0.0231577 
2288 4.17709 0.59074 1.41618 3.58635 222.301 222.428 222.308 -0.127221 0.0111956 -0.051319 -0.0196495 0.0111707 -0.0513112 -0.0197868 
2296 4.12764 0.556803 1.40353 3.57084 222.299 222.432 222.305 -0.133426 0.0153826 -0.049781 -0.0169639 0.0153574 -0.0497807 -0.0171078 
2304 4.11034 0.543237 1.41175 3.5671 222.296 222.437 222.303 -0.140252 0.0168439 -0.0543947 -0.0149689 0.0168128 -0.0544055 -0.0151191 
2312 4.10287 0.554872 1.42416 3.548 222.299 222.437 222.302 -0.138569 0.0118509 -0.0614606 -0.01018 0.0118179 -0.0614778 -0.0103294 
2320 4.07406 0.598859 1.42671 3.4752 222.302 222.434 222.303 -0.132083 0.00713191 -0.0677761 -0.00639847 0.00710353 -0.0677955 -0.0065472 
2328 4.02977 0.651617 1.43008 3.37816 222.303 222.431 222.307 -0.127275 0.00147546 -0.0707876 -0.00726119 0.00145517 -0.0708004 -0.0074124 
2336 3.99142 0.665111 1.43909 3.32631 222.3 222.43 222.313 -0.129423 -0.000787394 -0.071774 -0.007691 -0.000806031 -0.0717806 -0.00784432 
2344 3.95655 0.648652 1.45706 3.3079 222.296 222.432 222.317 -0.136127 -0.000318799 -0.0757059 -0.00580694 -0.000339989 -0.0757097 -0.00595882 
2352 3.92397 0.617588 1.48342 3.30639 222.295 222.435 222.317 -0.13997 0.000648213 -0.0794358 -0.00334302 0.000631215 -0.0794458 -0.00349965 
2360 3.8912 0.59355 1.50335 3.29765 222.299 222.435 222.314 -0.136465 0.00270188 -0.0803668 -0.00149146 0.00269533 -0.0803855 -0.00165315 
2368 3.87055 0.603414 1.50595 3.26714 222.304 222.435 222.309 -0.130982 0.00682198 -0.0756796 0.0012059 0.00682526 -0.0757067 0.00104122 
2376 3.8578 0.640147 1.50688 3.21765 222.308 222.436 222.303 -0.12738 0.00867545 -0.0676794 -0.00192746 0.00868342 -0.0677194 -0.00209439 
2384 3.85051 0.668508 1.50905 3.182 222.308 222.44 222.296 -0.131479 0.00774719 -0.059498 -0.00918688 0.00775878 -0.0595508 -0.00934538 
2392 3.84562 0.665336 1.50777 3.18029 222.3 222.449 222.293 -0.148819 0.00749308 -0.0574343 -0.0140129 0.00750424 -0.0574884 -0.0141644 
2400 3.84613 0.63098 1.51237 3.21515 222.288 222.456 222.296 -0.168276 0.00677568 -0.058034 -0.0188293 0.00678034 -0.0580821 -0.0189828 
2408 3.83996 0.588454 1.50745 3.25151 222.281 222.459 222.302 -0.178368 0.0106186 -0.0573203 -0.020989 0.0106183 -0.0573673 -0.021157 
2416 3.81146 0.571753 1.50216 3.23971 222.282 222.457 222.306 -0.175338 0.0155738 -0.0558444 -0.0224845 0.0155706 -0.0558989 -0.022654 
2424 3.7771 0.582403 1.5228 3.1947 222.288 222.455 222.304 -0.167031 0.0207522 -0.0560268 -0.0235803 0.0207425 -0.056089 -0.0237371 
2432 3.74723 0.601001 1.55066 3.14622 222.297 222.457 222.297 -0.159909 0.0243406 -0.0578381 -0.0264993 0.0243322 -0.05791 -0.0266417 
2440 3.72903 0.616266 1.57005 3.11277 222.306 222.456 222.292 -0.150465 0.0208864 -0.0615595 -0.0290544 0.0208833 -0.061627 -0.0291873 
2448 3.69687 0.619065 1.5793 3.07781 222.312 222.454 222.29 -0.142193 0.0127815 -0.0636064 -0.0280506 0.0127887 -0.0636582 -0.0281787 
2456 3.65678 0.608095 1.58014 3.04868 222.315 222.451 222.289 -0.136797 0.00432007 -0.0639563 -0.0259537 0.00433161 -0.0639906 -0.0260838 
2464 3.61914 0.589308 1.57007 3.02983 222.314 222.449 222.291 -0.135516 -0.000705314 -0.0621881 -0.0242774 -0.000697105 -0.062206 -0.0244158 
2472 3.59599 0.571186 1.55279 3.0248 222.31 222.449 222.293 -0.138529 -0.00391763 -0.0597643 -0.0212973 -0.00392267 -0.0597782 -0.0214383 
2480 3.58408 0.563893 1.55206 3.02019 222.306 222.45 222.294 -0.144197 -0.00199331 -0.0596979 -0.0162581 -0.00201026 -0.0597224 -0.0163902 
2488 3.55819 0.577628 1.57102 2.98056 222.304 222.451 222.296 -0.147228 0.0045524 -0.0610407 -0.0142118 0.00453651 -0.0610813 -0.014339 
2496 3.50335 0.595995 1.59772 2.90736 222.303 222.449 222.301 -0.1463 0.00885773 -0.066583 -0.0144633 0.00884629 -0.0666355 -0.0145959 
2504 3.44924 0.618261 1.63141 2.83098 222.303 222.447 222.304 -0.143209 0.0106301 -0.0721658 -0.0143921 0.0106269 -0.0722285 -0.0145289 
2512 3.41466 0.647987 1.6435 2.76667 222.304 222.445 222.304 -0.140538 0.00813466 -0.0693326 -0.0129493 0.00813968 -0.0694003 -0.0130853 
2520 3.39293 0.671119 1.63144 2.72181 222.307 222.443 222.303 -0.136503 0.000716118 -0.0630095 -0.0102976 0.000724469 -0.0630749 -0.0104346 
2528 3.39182 0.66972 1.62303 2.7221 222.31 222.44 222.302 -0.130074 -0.00306253 -0.0564627 -0.0104761 -0.00304676 -0.0565228 -0.0106154 
2536 3.39246 0.641732 1.61677 2.75073 222.31 222.434 222.307 -0.124298 -0.00337688 -0.0528006 -0.0158474 -0.00335508 -0.0528558 -0.0159939 
2544 3.36813 0.59636 1.61021 2.77177 222.31 222.428 222.311 -0.117689 -0.003736 -0.0517587 -0.023417 -0.00370951 -0.0518082 -0.0235706 
2552 3.33181 0.558967 1.59519 2.77284 222.312 222.424 222.312 -0.111741 -0.00372631 -0.0544168 -0.0268191 -0.00369631 -0.0544587 -0.0269727 
2560 3.2998 0.552375 1.58073 2.74743 222.309 222.428 222.311 -0.118616 -0.00337717 -0.0579419 -0.0219092 -0.00334309 -0.0579766 -0.0220545 
2568 3.26912 0.585778 1.56937 2.68335 222.302 222.436 222.309 -0.134117 0.00368943 -0.0626303 -0.0109164 0.00372306 -0.0626621 -0.0110536 
2576 3.21869 0.636382 1.55117 2.58231 222.3 222.442 222.307 -0.141911 0.0115599 -0.0635771 0.000587716 0.011588 -0.063612 0.000451872 
2584 3.16801 0.676219 1.5125 2.49179 222.301 222.442 222.309 -0.141745 0.0130687 -0.062158 0.00607589 0.0130896 -0.0621955 0.0059421 
2592 3.13486 0.68134 1.46621 2.45352 222.296 222.443 222.313 -0.147091 0.011124 -0.0584883 0.00422435 0.0111384 -0.0585193 0.00409772 
2600 3.12993 0.657448 1.44345 2.47248 222.291 222.445 222.315 -0.15403 0.00712289 -0.0546175 -0.000225335 0.00712394 -0.0546329 -0.000347478 
2608 3.13376 0.605127 1.44418 2.52863 222.287 222.444 222.317 -0.157674 0.00635709 -0.0522528 -0.00729765 0.00634663 -0.0522622 -0.00741306 
2616 3.13718 0.567285 1.46768 2.5699 222.284 222.445 222.318 -0.160352 0.00498005 -0.0519491 -0.0126575 0.00496702 -0.0519691 -0.0127655 
2624 3.1405 0.564459 1.50875 2.57604 222.284 222.445 222.316 -0.161655 0.00246273 -0.0532909 -0.0164084 0.00245436 -0.0533221 -0.0165094 
2632 3.13613 0.600192 1.54095 2.53594 222.286 222.444 222.31 -0.157475 -0.000197862 -0.0529363 -0.0211939 -0.0002074 -0.0529792 -0.0212921 
2640 3.10117 0.634249 1.5418 2.46692 222.29 222.44 222.305 -0.149964 -0.00224388 -0.0511962 -0.0245926 -0.00226215 -0.0512434 -0.0247025 
2648 3.05472 0.64297 1.51583 2.41175 222.293 222.436 222.302 -0.143321 -0.00199171 -0.0482554 -0.0256616 -0.00201568 -0.0482966 -0.0257878 
2656 2.99866 0.639371 1.47717 2.35928 222.297 222.433 222.3 -0.135543 0.000108996 -0.0474444 -0.0293293 8.46277e-05 -0.0474771 -0.0294587 
2664 2.96051 0.643841 1.45195 2.31667 222.302 222.431 222.3 -0.128409 0.00273186 -0.0508418 -0.0293026 0.00271381 -0.0508739 -0.029423 
2672 2.92903 0.669856 1.45086 2.25918 222.306 222.431 222.3 -0.12579 0.00708238 -0.054109 -0.023543 0.00707087 -0.0541447 -0.0236426 
2680 2.90432 0.709856 1.46667 2.19446 222.307 222.43 222.303 -0.123397 0.00832116 -0.0534828 -0.0153358 0.00831772 -0.0535177 -0.0154106 
2688 2.88236 0.733018 1.47961 2.14934 222.307 222.426 222.309 -0.118862 0.00648456 -0.0514293 -0.00739379 0.00648465 -0.051468 -0.00746397 
2696 2.86236 0.732618 1.48244 2.12974 222.304 222.426 222.312 -0.122151 0.00723529 -0.0472781 -0.00374588 0.00723232 -0.0473068 -0.00382974 
2704 2.86309 0.717805 1.4783 2.14529 222.3 222.43 222.31 -0.129297 0.00906729 -0.0440337 -0.00721818 0.0090614 -0.0440463 -0.00732032 
2712 2.86098 0.699107 1.47333 2.16187 222.298 222.433 222.307 -0.135423 0.00860518 -0.0444924 -0.0161373 0.00859212 -0.0444948 -0.0162439 
2720 2.84256 0.676679 1.48829 2.16588 222.296 222.434 222.306 -0.137729 0.00653275 -0.0454524 -0.0273192 0.00651339 -0.045452 -0.0274187 
2728 2.81228 0.667744 1.51132 2.14454 222.296 222.435 222.305 -0.13976 0.00264676 -0.0440589 -0.0376373 0.00262 -0.0440637 -0.0377335 
2736 2.7961 0.666429 1.52033 2.12967 222.296 222.436 222.303 -0.14006 0.000663415 -0.0397106 -0.0439697 0.000636885 -0.0397279 -0.0440648 
2744 2.78667 0.68266 1.52095 2.10401 222.301 222.431 222.298 -0.129966 8.5565e-05 -0.0372469 -0.0427156 6.60399e-05 -0.0372729 -0.042813 
2752 2.76568 0.696978 1.51696 2.0687 222.31 222.421 222.297 -0.111131 -0.00202193 -0.0363621 -0.040659 -0.0020293 -0.0363885 -0.0407642 
2760 2.74031 0.717937 1.51287 2.02237 222.316 222.411 222.302 -0.0947977 -0.00539051 -0.038692 -0.036379 -0.00539035 -0.0387215 -0.0364937 
2768 2.71447 0.72455 1.51294 1.98992 222.318 222.405 222.307 -0.0870956 -0.00745097 -0.0402791 -0.0299408 -0.00744088 -0.0403166 -0.0300541 
2776 2.69607 0.735041 1.51951 1.96103 222.315 222.405 222.31 -0.0907027 -0.00861874 -0.03962 -0.0201235 -0.00860335 -0.0396703 -0.0202288 
2784 2.68234 0.736913 1.5305 1.94543 222.309 222.41 222.309 -0.101113 -0.00566238 -0.0355835 -0.0147314 -0.00564462 -0.0356437 -0.0148251 
2792 2.66554 0.736483 1.53091 1.92905 222.304 222.414 222.311 -0.110412 0.00187892 -0.0365307 -0.0170666 0.00189661 -0.0365963 -0.0171571 
2800 2.65931 0.727307 1.51208 1.932 222.298 222.415 222.316 -0.116879 0.00486067 -0.0428882 -0.0241243 0.00488195 -0.0429534 -0.0242196 
2808 2.66927 0.70494 1.49224 1.96433 222.298 222.416 222.319 -0.11809 0.0051257 -0.051609 -0.03079 0.00515811 -0.0516746 -0.0308882 
2816 2.67105 0.679762 1.48849 1.99129 222.299 222.422 222.315 -0.122963 0.00991171 -0.0586552 -0.0321314 0.00994166 -0.0587184 -0.0322241 
2824 2.66911 0.655993 1.48169 2.01312 222.297 222.431 222.31 -0.133573 0.0203725 -0.0598837 -0.031241 0.0203977 -0.0599446 -0.0313237 
2832 2.66386 0.643651 1.46378 2.02021 222.294 222.438 222.307 -0.143741 0.0261858 -0.0538538 -0.0320273 0.026198 -0.0539147 -0.0321032 
2840 2.63795 0.642065 1.45856 1.99588 222.291 222.442 222.307 -0.150934 0.0266718 -0.0459207 -0.0335083 0.0266761 -0.0459836 -0.0335726 
2848 2.59644 0.648065 1.48454 1.94838 222.294 222.442 222.305 -0.147977 0.0243935 -0.0416442 -0.0329984 0.0243938 -0.0417081 -0.0330513 
2856 2.56726 0.654169 1.53136 1.91309 222.298 222.439 222.303 -0.141527 0.0224703 -0.0393917 -0.0326619 0.022472 -0.0394567 -0.0327152 
2864 2.54739 0.656291 1.56623 1.8911 222.3 222.437 222.301 -0.137191 0.0223387 -0.0404135 -0.0336916 0.0223403 -0.0404791 -0.0337528 
2872 2.51751 0.640456 1.58701 1.87705 222.3 222.435 222.303 -0.134829 0.0232626 -0.037541 -0.0337942 0.0232569 -0.0376001 -0.0338557 
2880 2.48835 0.602003 1.60594 1.88634 222.3 222.431 222.309 -0.131716 0.0257445 -0.0335357 -0.0275433 0.0257286 -0.0335888 -0.0275967 
2888 2.48117 0.573045 1.6136 1.90813 222.295 222.43 222.317 -0.134969 0.0273226 -0.0292921 -0.0213088 0.0272974 -0.0293289 -0.0213548 
2896 2.48074 0.560168 1.61551 1.92057 222.286 222.436 222.32 -0.150699 0.0267131 -0.0290417 -0.018145 0.0266836 -0.0290591 -0.0181885 
2904 2.47427 0.551091 1.61193 1.92317 222.279 222.446 222.318 -0.166951 0.0235998 -0.0334401 -0.0174084 0.0235752 -0.0334454 -0.0174587 
2912 2.45978 0.54234 1.60405 1.91744 222.28 222.45 222.312 -0.169974 0.0219543 -0.0405609 -0.0165845 0.0219338 -0.0405652 -0.0166363 
2920 2.43256 0.535702 1.59325 1.89686 222.287 222.45 222.303 -0.162271 0.0175063 -0.0435608 -0.0174221 0.0174974 -0.0435702 -0.0174685 
2928 2.39835 0.540354 1.57812 1.858 222.296 222.444 222.298 -0.147707 0.013956 -0.0423435 -0.0209114 0.0139562 -0.0423502 -0.0209512 
2936 2.35849 0.551377 1.56079 1.80711 222.302 222.436 222.298 -0.134763 0.0171414 -0.0419334 -0.0266598 0.0171464 -0.0419206 -0.0267006 
2944 2.33573 0.561626 1.55138 1.7741 222.301 222.429 222.306 -0.127664 0.0220763 -0.043718 -0.0284443 0.0220774 -0.0436851 -0.0284985 
2952 2.35175 0.564792 1.55327 1.78696 222.296 222.423 222.319 -0.126778 0.0248866 -0.04299 -0.0270705 0.0248746 -0.0429508 -0.0271421 
2960 2.38045 0.557741 1.5848 1.82271 222.291 222.421 222.326 -0.130079 0.02591 -0.040438 -0.0223283 0.0258879 -0.0403949 -0.0224131 
2968 2.40049 0.541942 1.63411 1.85855 222.293 222.419 222.327 -0.125906 0.0238695 -0.036322 -0.0179318 0.0238398 -0.0362762 -0.0180196 
2976 2.38743 0.527401 1.6882 1.86003 222.3 222.416 222.324 -0.115706 0.0201442 -0.0315466 -0.0146361 0.0201063 -0.0315021 -0.0147154 
2984 2.34252 0.515992 1.71743 1.82653 222.305 222.41 222.326 -0.105153 0.0176236 -0.0295779 -0.0154741 0.0175785 -0.0295354 -0.0155403 
2992 2.28837 0.529843 1.69948 1.75853 222.302 222.411 222.327 -0.108552 0.0186672 -0.0354102 -0.0184286 0.0186259 -0.0353649 -0.0184864 
3000 2.25643 0.551939 1.65151 1.70449 222.295 222.416 222.328 -0.121786 0.0225381 -0.0437278 -0.0211136 0.022506 -0.0436759 -0.0211718 
3008 2.26124 0.559874 1.60563 1.70137 222.287 222.421 222.329 -0.13367 0.0266323 -0.0481472 -0.0214703 0.0266045 -0.0481012 -0.021531 
3016 2.27331 0.561807 1.58251 1.7115 222.283 222.419 222.332 -0.13652 0.027598 -0.0452097 -0.019494 0.0275653 -0.0451766 -0.0195578 
3024 2.26285 0.569019 1.58906 1.69383 222.281 222.417 222.335 -0.135631 0.0264362 -0.0405614 -0.0182353 0.0263986 -0.0405439 -0.0183021 
3032 2.23193 0.594261 1.62787 1.63767 222.281 222.419 222.333 -0.13762 0.0240895 -0.0401603 -0.0209871 0.0240561 -0.0401569 -0.0210464 
3040 2.17933 0.625017 1.67379 1.55431 222.281 222.425 222.329 -0.143951 0.021576 -0.0401684 -0.0260171 0.0215461 -0.0401674 -0.0260618 
3048 2.12928 0.65402 1.70319 1.47526 222.284 222.43 222.326 -0.146141 0.0197821 -0.0392213 -0.0265348 0.0197541 -0.0392134 -0.0265688 
3056 2.09577 0.67582 1.69883 1.41995 222.287 222.431 222.325 -0.143686 0.01864 -0.037758 -0.0236518 0.0186254 -0.0377435 -0.0236839 
3064 2.07619 0.678082 1.68013 1.3981 222.29 222.431 222.323 -0.141235 0.0180836 -0.0377329 -0.0220485 0.0180945 -0.0377193 -0.0220805 
3072 2.05504 0.658082 1.65085 1.39696 222.293 222.431 222.318 -0.13884 0.0127723 -0.043378 -0.0208074 0.0127975 -0.0433729 -0.0208405 
3080 2.03991 0.643946 1.64081 1.39596 222.295 222.431 222.313 -0.135691 0.00779701 -0.0496718 -0.0224814 0.00783206 -0.0496734 -0.0225157 
3088 2.0366 0.629597 1.64457 1.407 222.293 222.432 222.312 -0.138914 0.00692586 -0.0502169 -0.0223093 0.00696064 -0.0502263 -0.022337 
3096 2.01438 0.61553 1.65393 1.39885 222.286 222.441 222.313 -0.154764 0.00726286 -0.0434143 -0.0186618 0.00728799 -0.043433 -0.0186735 
3104 1.98444 0.612153 1.66272 1.37229 222.277 222.449 222.317 -0.172049 0.00492168 -0.0357784 -0.0145558 0.00493083 -0.0358017 -0.0145462 
3112 1.95466 0.62105 1.64699 1.33361 222.273 222.451 222.319 -0.17828 0.0062452 -0.0334302 -0.0135932 0.0062439 -0.0334413 -0.0135769 
3120 1.93589 0.638196 1.62303 1.29769 222.275 222.45 222.317 -0.175509 0.00937334 -0.0329842 -0.0160733 0.00937157 -0.032988 -0.0160671 
3128 1.92843 0.679865 1.58187 1.24857 222.282 222.447 222.314 -0.164765 0.0115015 -0.0370992 -0.0181847 0.0115093 -0.0371065 -0.0181818 
3136 1.91368 0.714988 1.53769 1.19869 222.29 222.439 222.313 -0.148373 0.0110502 -0.0401397 -0.0215707 0.0110702 -0.0401551 -0.0215707 
3144 1.90858 0.715822 1.49954 1.19276 222.297 222.431 222.312 -0.133408 0.0102741 -0.0413231 -0.0233739 0.0102891 -0.0413371 -0.0233766 
3152 1.91053 0.698537 1.48297 1.21199 222.301 222.432 222.308 -0.130591 0.010316 -0.0429917 -0.0209116 0.0103114 -0.0429992 -0.0209113 
3160 1.91052 0.666339 1.49424 1.24418 222.3 222.438 222.304 -0.137595 0.0114384 -0.0442362 -0.0179071 0.0114199 -0.044236 -0.0179118 
3168 1.90068 0.634171 1.52282 1.26651 222.292 222.447 222.305 -0.154264 0.0112908 -0.0425005 -0.0163221 0.0112688 -0.0424947 -0.0163331 
3176 1.89055 0.607895 1.55797 1.28266 222.284 222.455 222.306 -0.170861 0.008418 -0.0390159 -0.0156999 0.0084057 -0.0390168 -0.0157162 
3184 1.8551 0.587499 1.5799 1.2676 222.28 222.459 222.307 -0.178656 0.00325327 -0.0373745 -0.0186382 0.0032633 -0.037401 -0.018658 
3192 1.80728 0.568869 1.59037 1.23841 222.281 222.461 222.304 -0.179369 0.00189236 -0.0373456 -0.0210493 0.00192102 -0.0373938 -0.0210765 
3200 1.77613 0.55461 1.58864 1.22152 222.285 222.461 222.299 -0.175815 0.00659425 -0.0345151 -0.0260036 0.00662852 -0.0345667 -0.0260365 
3208 1.76165 0.559843 1.56547 1.20181 222.288 222.46 222.297 -0.172002 0.0106862 -0.0354135 -0.0283543 0.0107202 -0.0354518 -0.0283916 
3216 1.75649 0.577815 1.54307 1.17868 222.287 222.457 222.3 -0.16984 0.0081461 -0.0415722 -0.024991 0.00817878 -0.041599 -0.025034 
3224 1.76285 0.601494 1.54116 1.16136 222.284 222.457 222.302 -0.173123 0.00125553 -0.048198 -0.0212227 0.00128416 -0.0482259 -0.0212729 
3232 1.76897 0.623548 1.56325 1.14542 222.278 222.462 222.303 -0.184085 -0.00711187 -0.0495471 -0.0193323 -0.00708892 -0.0495853 -0.0193835 
3240 1.76412 0.638592 1.58025 1.12552 222.274 222.466 222.304 -0.191972 -0.00985448 -0.0474548 -0.0155704 -0.00983475 -0.0475097 -0.0156162 
3248 1.74951 0.6494 1.57914 1.10011 222.274 222.463 222.307 -0.188669 -0.00653373 -0.045484 -0.0100459 -0.00651044 -0.0455454 -0.0100785 
3256 1.74478 0.655652 1.56545 1.08913 222.28 222.457 222.308 -0.176703 -0.00447857 -0.0449803 -0.00715526 -0.00445231 -0.0450363 -0.00716273 
3264 1.76677 0.65596 1.55643 1.11081 222.288 222.453 222.303 -0.164979 -0.00210873 -0.0456622 -0.0092017 -0.00207915 -0.0457058 -0.00919431 
3272 1.77996 0.630809 1.55991 1.14915 222.297 222.45 222.298 -0.15323 0.00412894 -0.0487413 -0.0128147 0.00415582 -0.0487776 -0.0128136 
3280 1.78203 0.604745 1.57968 1.17729 222.299 222.446 222.3 -0.147198 0.0105064 -0.0536483 -0.0165487 0.0105255 -0.0536785 -0.0165474 
3288 1.76697 0.588798 1.6017 1.17818 222.297 222.443 222.304 -0.146102 0.0110987 -0.0585897 -0.0205983 0.0111046 -0.0586297 -0.0205925 
3296 1.71376 0.567293 1.61729 1.14647 222.296 222.44 222.308 -0.144915 0.00831699 -0.0594066 -0.0214853 0.00831163 -0.0594564 -0.0214692 
3304 1.66546 0.55344 1.62118 1.11202 222.291 222.436 222.314 -0.145077 0.00631898 -0.0564894 -0.0173286 0.00630186 -0.0565427 -0.0173016 
3312 1.64108 0.552876 1.60419 1.08821 222.285 222.435 222.321 -0.150048 0.00926372 -0.0526554 -0.00951356 0.00923245 -0.0527042 -0.00947879 
3320 1.63943 0.570936 1.5783 1.0685 222.282 222.436 222.324 -0.153813 0.00915629 -0.0481866 -0.0026466 0.0091233 -0.0482325 -0.00261482 
3328 1.65437 0.585389 1.54638 1.06898 222.285 222.433 222.324 -0.147971 0.00853929 -0.0461201 -2.11584e-05 0.00850935 -0.0461579 -7.41282e-06 
3336 1.67663 0.584352 1.51956 1.09228 222.291 222.428 222.322 -0.136585 0.00916273 -0.0449139 -0.000259911 0.00914462 -0.0449417 -0.000260827 
3344 1.69654 0.569904 1.49561 1.12663 222.295 222.427 222.319 -0.13262 0.0104983 -0.044828 0.00110249 0.0105025 -0.0448487 0.00108653 
3352 1.69807 0.546757 1.47534 1.15131 222.296 222.431 222.315 -0.13557 0.0118726 -0.0461943 0.00439321 0.0118888 -0.0462133 0.00437047 
3360 1.69168 0.522652 1.45913 1.16903 222.299 222.433 222.31 -0.133509 0.0138664 -0.0479746 0.00625952 0.0138817 -0.0479972 0.00623119 
3368 1.69184 0.503629 1.46049 1.18821 222.302 222.431 222.309 -0.12841 0.0167408 -0.0459513 0.00442279 0.0167583 -0.0459836 0.00438778 
3376 1.68787 0.492494 1.4697 1.19537 222.302 222.429 222.31 -0.126942 0.0227683 -0.0387491 -0.0033454 0.0227992 -0.0387931 -0.00338969 
3384 1.67275 0.489271 1.48228 1.18348 222.304 222.427 222.31 -0.123062 0.029123 -0.0336302 -0.0098135 0.0291681 -0.0336736 -0.00986412 
3392 1.6514 0.487804 1.47237 1.1636 222.313 222.422 222.309 -0.108827 0.0320792 -0.0322687 -0.00928232 0.0321275 -0.0322965 -0.00933333 
3400 1.65187 0.500469 1.44819 1.1514 222.32 222.413 222.312 -0.0924059 0.0306607 -0.0306142 -0.00814902 0.0307129 -0.0306367 -0.00819573 
3408 1.6472 0.521744 1.42543 1.12546 222.32 222.407 222.318 -0.0874186 0.0277699 -0.0326708 -0.00886394 0.0278137 -0.0326941 -0.0088883 
3416 1.64874 0.543413 1.41035 1.10533 222.312 222.407 222.325 -0.095086 0.0254495 -0.038858 -0.0108215 0.0254795 -0.0388819 -0.0108346 
3424 1.658 0.56136 1.39713 1.09663 222.305 222.408 222.329 -0.103547 0.0234806 -0.045722 -0.0137579 0.0235001 -0.0457369 -0.0137797 
3432 1.65486 0.576274 1.40472 1.07858 222.301 222.41 222.33 -0.10907 0.0228846 -0.0487256 -0.0145908 0.0229042 -0.0487232 -0.0146293 
3440 1.62708 0.572504 1.42286 1.05458 222.301 222.413 222.327 -0.112031 0.0183038 -0.0508869 -0.0146758 0.0183266 -0.0508771 -0.0147194 
3448 1.5947 0.555346 1.44825 1.03935 222.301 222.415 222.324 -0.114562 0.012241 -0.0522099 -0.0153242 0.012257 -0.0522009 -0.0153681 
3456 1.57819 0.535729 1.47553 1.04246 222.302 222.417 222.323 -0.115521 0.012464 -0.0546878 -0.0182428 0.0124678 -0.0546847 -0.0182892 
3464 1.57507 0.514134 1.50274 1.06094 222.307 222.42 222.318 -0.11246 0.0133514 -0.0547432 -0.0231878 0.0133494 -0.0547382 -0.0232362 
3472 1.58359 0.484397 1.52507 1.09919 222.311 222.425 222.31 -0.11447 0.0140685 -0.0526004 -0.0294366 0.0140577 -0.0525895 -0.0294807 
3480 1.60051 0.478109 1.54236 1.1224 222.31 222.431 222.306 -0.121609 0.0137547 -0.0523398 -0.0330798 0.0137316 -0.0523263 -0.0331201 
3488 1.60747 0.479001 1.54755 1.12847 222.308 222.435 222.302 -0.126936 0.0145452 -0.0470119 -0.0341753 0.0145155 -0.047015 -0.0342123 
3496 1.59423 0.485391 1.53916 1.10884 222.308 222.437 222.298 -0.128816 0.0177931 -0.0407083 -0.0325834 0.0177593 -0.0407294 -0.0326175 
3504 1.56341 0.490361 1.51622 1.07305 222.307 222.436 222.299 -0.129093 0.023349 -0.0372328 -0.0295105 0.0233155 -0.0372658 -0.0295401 
3512 1.50983 0.51551 1.4831 0.99432 222.302 222.435 222.306 -0.133834 0.0261435 -0.0370115 -0.024605 0.0261197 -0.0370576 -0.0246242 
3520 1.42716 0.56183 1.46784 0.865324 222.292 222.435 222.317 -0.142567 0.0243035 -0.0393341 -0.0211681 0.0242883 -0.039398 -0.0211742 
3528 1.34543 0.620606 1.48277 0.724828 222.285 222.434 222.325 -0.148415 0.0187198 -0.0410196 -0.0198316 0.0187124 -0.0410957 -0.0198303 
3536 1.29741 0.665481 1.52074 0.631925 222.279 222.431 222.332 -0.151694 0.0126269 -0.0426394 -0.0241316 0.0126319 -0.0427135 -0.0241393 
3544 1.28724 0.66763 1.56284 0.619615 222.279 222.427 222.335 -0.148023 0.0101642 -0.0426358 -0.0260901 0.010182 -0.0427026 -0.0261137 
3552 1.2963 0.631578 1.60559 0.664719 222.285 222.425 222.33 -0.140172 0.0132664 -0.0421619 -0.0240379 0.013292 -0.0422197 -0.0240646 
3560 1.32648 0.610299 1.6339 0.716183 222.293 222.424 222.321 -0.131297 0.0141228 -0.0401776 -0.0202828 0.0141445 -0.0402308 -0.0203114 
3568 1.3657 0.609549 1.64467 0.756147 222.299 222.425 222.313 -0.125315 0.0141724 -0.0381677 -0.0187173 0.0141855 -0.0382172 -0.0187591 
3576 1.3951 0.615893 1.62879 0.77921 222.303 222.427 222.306 -0.123323 0.0164826 -0.0371136 -0.0182807 0.0164912 -0.0371601 -0.0183313 
3584 1.41243 0.617599 1.60391 0.794835 222.306 222.433 222.299 -0.126971 0.0207047 -0.0350834 -0.018366 0.0207039 -0.0351207 -0.0184185 
3592 1.41644 0.621975 1.59127 0.79446 222.303 222.441 222.294 -0.137868 0.0244224 -0.0302483 -0.017546 0.0244221 -0.0302689 -0.0176034 
3600 1.40193 0.624102 1.58158 0.777831 222.298 222.447 222.294 -0.149155 0.0240448 -0.0278535 -0.0210003 0.0240523 -0.0278562 -0.021057 
3608 1.38258 0.637728 1.56444 0.744854 222.293 222.451 222.295 -0.157119 0.0180854 -0.0304052 -0.0261817 0.0180923 -0.0303976 -0.0262243 
3616 1.37519 0.658528 1.5485 0.716662 222.294 222.452 222.294 -0.158037 0.015442 -0.0351904 -0.0262666 0.0154446 -0.0351806 -0.0262877 
3624 1.36731 0.666437 1.54459 0.700875 222.302 222.447 222.291 -0.144923 0.0174021 -0.0388928 -0.025416 0.0174014 -0.0388786 -0.025421 
3632 1.34329 0.668285 1.54228 0.675005 222.313 222.438 222.288 -0.124081 0.0183223 -0.0416569 -0.0241045 0.0183235 -0.0416376 -0.0241057 
3640 1.30854 0.671455 1.5162 0.637081 222.32 222.432 222.287 -0.112122 0.0190971 -0.0434042 -0.023535 0.0191019 -0.0433814 -0.0235376 
3648 1.25912 0.675887 1.47572 0.583229 222.319 222.431 222.291 -0.112094 0.0179825 -0.0410746 -0.0268274 0.017983 -0.0410469 -0.0268305 
3656 1.23046 0.66741 1.45831 0.563052 222.319 222.424 222.298 -0.105273 0.0181143 -0.0390666 -0.0298941 0.0181085 -0.0390375 -0.0299024 
3664 1.2315 0.668381 1.46902 0.56312 222.323 222.416 222.301 -0.0925825 0.021225 -0.0394234 -0.0271262 0.0212227 -0.0393985 -0.0271375 
3672 1.25204 0.655031 1.49061 0.597007 222.326 222.413 222.3 -0.0872535 0.02365 -0.039209 -0.0241249 0.0236524 -0.039193 -0.0241364 
3680 1.28339 0.628979 1.51431 0.654413 222.325 222.414 222.3 -0.0884884 0.021117 -0.0411506 -0.0250794 0.0211275 -0.0411418 -0.025087 
3688 1.31215 0.612452 1.5209 0.699699 222.321 222.415 222.302 -0.0937015 0.0184057 -0.0456661 -0.0232685 0.018431 -0.0456682 -0.023273 
3696 1.33956 0.625515 1.51813 0.714043 222.315 222.416 222.309 -0.101388 0.0181931 -0.0470672 -0.0203809 0.0182249 -0.0470769 -0.0203811 
3704 1.35519 0.672404 1.49998 0.682789 222.312 222.417 222.311 -0.105796 0.017372 -0.0419143 -0.0187183 0.0173995 -0.0419274 -0.0187205 
3712 1.34089 0.707127 1.49683 0.633766 222.312 222.418 222.309 -0.106232 0.0157147 -0.0376909 -0.0191863 0.0157309 -0.0377016 -0.019197 
3720 1.30691 0.715782 1.50542 0.591133 222.312 222.42 222.307 -0.107598 0.015309 -0.0359373 -0.019794 0.0153116 -0.0359447 -0.0198121 
3728 1.28985 0.719232 1.51068 0.570622 222.306 222.423 222.308 -0.117888 0.0158624 -0.036177 -0.0201508 0.0158694 -0.0361789 -0.0201655 
3736 1.3034 0.703937 1.50682 0.599464 222.299 222.429 222.31 -0.12959 0.017863 -0.0403333 -0.0194921 0.0178885 -0.0403366 -0.019499 
3744 1.33475 0.667636 1.48848 0.667116 222.297 222.432 222.307 -0.134783 0.01792 -0.0457637 -0.0171183 0.0179589 -0.0457753 -0.0171232 
3752 1.37047 0.628651 1.46897 0.741817 222.294 222.433 222.306 -0.138883 0.0153934 -0.0502139 -0.0112485 0.0154409 -0.05023 -0.0112535 
3760 1.39779 0.586061 1.46117 0.811728 222.29 222.433 222.309 -0.143486 0.016639 -0.0527806 -0.00758046 0.0166881 -0.0528001 -0.0075877 
3768 1.41859 0.562463 1.46691 0.856122 222.289 222.43 222.312 -0.141153 0.0195914 -0.0526162 -0.00679158 0.0196286 -0.0526381 -0.00680173 
3776 1.40415 0.556861 1.47016 0.847292 222.294 222.427 222.31 -0.133438 0.0192832 -0.0520007 -0.0115233 0.0193099 -0.0520234 -0.0115376 
3784 1.36021 0.563489 1.45577 0.796716 222.299 222.426 222.307 -0.127526 0.021576 -0.0528913 -0.0173224 0.0215988 -0.0529153 -0.0173442 
3792 1.29247 0.563097 1.42058 0.729376 222.3 222.426 222.306 -0.125653 0.0251069 -0.0537419 -0.0196289 0.0251222 -0.0537695 -0.0196493 
3800 1.2264 0.567809 1.39239 0.658591 222.301 222.424 222.304 -0.123049 0.0292633 -0.0567026 -0.0220625 0.0292642 -0.0567375 -0.0220718 
3808 1.17759 0.576087 1.37362 0.601502 222.301 222.423 222.303 -0.122105 0.0317451 -0.0592252 -0.0227336 0.0317467 -0.0592695 -0.0227238 
3816 1.16202 0.608618 1.35727 0.553398 222.296 222.426 222.305 -0.1302 0.0307099 -0.0608236 -0.0223927 0.0307189 -0.0608737 -0.0223697 
3824 1.17077 0.634757 1.34572 0.536014 222.29 222.428 222.31 -0.137978 0.030532 -0.0604423 -0.020112 0.030539 -0.0605007 -0.020086 
3832 1.18997 0.657955 1.35777 0.532013 222.287 222.425 222.318 -0.13758 0.0287276 -0.0602156 -0.0179271 0.028725 -0.0602744 -0.0179116 
3840 1.22865 0.672613 1.38368 0.556041 222.286 222.419 222.324 -0.133379 0.0246492 -0.060312 -0.014359 0.0246384 -0.0603626 -0.0143615 
3848 1.27345 0.675563 1.4049 0.597887 222.288 222.416 222.325 -0.127841 0.021671 -0.0616323 -0.0113345 0.0216606 -0.0616777 -0.0113506 
3856 1.28973 0.677418 1.41026 0.612313 222.294 222.416 222.32 -0.121757 0.0212925 -0.0610783 -0.00849394 0.02129 -0.0611294 -0.0085123 
3864 1.26288 0.68025 1.39425 0.582632 222.298 222.419 222.313 -0.120967 0.0200747 -0.0595984 -0.0104642 0.0200765 -0.0596465 -0.010473 
3872 1.20634 0.680583 1.376 0.525757 222.301 222.424 222.308 -0.122544 0.0235572 -0.057837 -0.0148035 0.023563 -0.0578656 -0.0148059 
3880 1.15272 0.663049 1.37621 0.489672 222.304 222.425 222.306 -0.120734 0.0247335 -0.0568564 -0.0166012 0.0247366 -0.0568678 -0.0166042 
3888 1.11381 0.63615 1.4112 0.477656 222.306 222.425 222.305 -0.119601 0.0211477 -0.05652 -0.0160609 0.0211457 -0.0565208 -0.0160609 
3896 1.10529 0.614156 1.46159 0.491133 222.307 222.422 222.305 -0.114697 0.0180236 -0.0534086 -0.0154332 0.0180173 -0.0534003 -0.0154368 
3904 1.11191 0.614684 1.49647 0.497223 222.31 222.413 222.312 -0.102669 0.0170526 -0.0487858 -0.0158922 0.0170528 -0.0487812 -0.0158981 
3912 1.13159 0.632394 1.51739 0.499194 222.313 222.405 222.316 -0.0913316 0.0167213 -0.0458872 -0.015862 0.0167285 -0.0458957 -0.015869 
3920 1.14242 0.639517 1.53424 0.502899 222.316 222.402 222.317 -0.0858407 0.0154828 -0.0482227 -0.0157635 0.0154832 -0.0482474 -0.0157724 
3928 1.13289 0.643023 1.54295 0.489864 222.314 222.403 222.316 -0.0892774 0.0164409 -0.0525922 -0.0164073 0.0164306 -0.0526187 -0.0164255 
3936 1.10993 0.659214 1.55183 0.450715 222.311 222.405 222.314 -0.0934157 0.0190631 -0.056375 -0.0200403 0.0190461 -0.0563982 -0.0200648 
3944 1.10119 0.692179 1.56357 0.409014 222.311 222.402 222.315 -0.0916417 0.0189767 -0.0546999 -0.0216726 0.0189578 -0.0547128 -0.0216932 
3952 1.10155 0.71853 1.56798 0.383023 222.311 222.402 222.315 -0.0909555 0.0186162 -0.05236 -0.023165 0.0185953 -0.0523687 -0.0231847 
3960 1.10817 0.736152 1.56428 0.372019 222.311 222.404 222.314 -0.0931533 0.0186497 -0.0526149 -0.0265834 0.0186275 -0.0526254 -0.0266097 
3968 1.09068 0.732432 1.55854 0.35825 222.31 222.405 222.317 -0.0952495 0.0173 -0.0519405 -0.0260453 0.017282 -0.051958 -0.0260758 
3976 1.07966 0.702466 1.54466 0.377191 222.308 222.407 222.32 -0.0992149 0.015014 -0.0502803 -0.022025 0.0150039 -0.0503094 -0.0220557 
3984 1.07167 0.67731 1.53215 0.394359 222.307 222.41 222.32 -0.103535 0.0173624 -0.0491233 -0.01821 0.0173639 -0.0491616 -0.0182435 
3992 1.06899 0.668812 1.52178 0.400181 222.31 222.415 222.315 -0.105199 0.0199878 -0.0478701 -0.0164143 0.0199947 -0.0479083 -0.0164314 
