0.4 0.57225 0.337997 0.662003 0.0564342 0.338288 0.661712 0.147574 0.337733 0.662267 0.0424952 0.33758 0.66242 0.246504 0.3379 0.6621 0.294961 0.338109 0.661891 0.325747 0.338052 0.661948 
12.4 0.575164 0.336349 0.663651 0.0567869 0.336333 0.663667 0.148478 0.335898 0.664102 0.0427921 0.335772 0.664228 0.248057 0.335952 0.664048 0.296212 0.336688 0.663312 0.327107 0.336635 0.663365 
24.4 0.579947 0.333478 0.666522 0.0569856 0.334886 0.665114 0.149771 0.333338 0.666662 0.042932 0.334309 0.665691 0.249688 0.333862 0.666138 0.299047 0.333283 0.666717 0.330259 0.333226 0.666774 
36.4 0.572114 0.33799 0.66201 0.0564801 0.338097 0.661903 0.147717 0.338027 0.661973 0.0425075 0.338031 0.661969 0.246704 0.338025 0.661975 0.294667 0.338013 0.661987 0.325409 0.337962 0.662037 
48.4 0.577509 0.335016 0.664984 0.0569639 0.33611 0.66389 0.149086 0.335055 0.664945 0.0429418 0.335128 0.664872 0.248992 0.335307 0.664693 0.297485 0.334871 0.665129 0.328517 0.334829 0.665171 
60.4 0.576022 0.335815 0.664185 0.0567587 0.337257 0.662743 0.148764 0.335726 0.664274 0.0427138 0.336199 0.663801 0.248236 0.336131 0.663869 0.296795 0.335661 0.664339 0.327786 0.335599 0.664401 
72.4 0.575527 0.336071 0.663929 0.0568055 0.336441 0.663559 0.148543 0.335999 0.664001 0.042769 0.335005 0.664995 0.248118 0.335958 0.664042 0.296459 0.33618 0.66382 0.327409 0.336185 0.663815 
84.4 0.576187 0.335747 0.664253 0.0567629 0.336901 0.663099 0.148643 0.335518 0.664482 0.0427481 0.335268 0.664732 0.248154 0.335805 0.664195 0.297043 0.335629 0.664371 0.328033 0.335716 0.664284 
96.4 0.576507 0.335521 0.664479 0.056871 0.336976 0.663024 0.148782 0.33525 0.66475 0.0427704 0.334564 0.665436 0.248423 0.335525 0.664475 0.297074 0.335513 0.664487 0.328084 0.335567 0.664433 
108.4 0.575916 0.335927 0.664073 0.0568139 0.337079 0.662921 0.148598 0.335749 0.664251 0.0427519 0.335922 0.664078 0.248164 0.336063 0.663937 0.296755 0.335791 0.664209 0.327753 0.335834 0.664166 
120.4 0.575392 0.336187 0.663813 0.0568331 0.336424 0.663576 0.148574 0.335946 0.664054 0.0428822 0.335176 0.664824 0.248289 0.335915 0.664085 0.29618 0.336381 0.663619 0.327103 0.336404 0.663596 
132.4 0.577075 0.335267 0.664733 0.0568245 0.336571 0.663429 0.148978 0.335116 0.664884 0.0427024 0.336051 0.663949 0.248505 0.335591 0.664408 0.297557 0.33502 0.66498 0.328569 0.335038 0.664962 
144.4 0.575566 0.336247 0.663753 0.0569073 0.33671 0.66329 0.148399 0.336329 0.663671 0.0428282 0.335057 0.664943 0.248134 0.336166 0.663834 0.296542 0.336283 0.663717 0.327432 0.336317 0.663683 
156.4 0.576262 0.335994 0.664006 0.0568873 0.336755 0.663245 0.148722 0.33585 0.66415 0.0428663 0.335339 0.664661 0.248475 0.33596 0.66404 0.2969 0.335943 0.664057 0.327787 0.336035 0.663965 
168.4 0.576568 0.335908 0.664092 0.0567705 0.337999 0.662001 0.148841 0.335752 0.664248 0.04274 0.336478 0.663522 0.248351 0.336406 0.663594 0.297213 0.335561 0.664439 0.328216 0.33561 0.66439 
180.4 0.575576 0.336488 0.663512 0.0569597 0.336843 0.663157 0.14849 0.336388 0.663612 0.0428512 0.336061 0.663939 0.248301 0.336414 0.663586 0.296311 0.336512 0.663488 0.327275 0.336585 0.663415 
192.4 0.576847 0.335593 0.664407 0.0567687 0.337558 0.662442 0.14879 0.335417 0.664583 0.0427663 0.336356 0.663644 0.248325 0.336007 0.663993 0.297468 0.3352 0.6648 0.328522 0.335311 0.664689 
204.4 0.575697 0.336248 0.663752 0.0568495 0.337479 0.66252 0.148464 0.336031 0.663969 0.0427662 0.335582 0.664418 0.24808 0.336234 0.663766 0.296597 0.336279 0.663721 0.327618 0.336299 0.663701 
216.4 0.575919 0.336209 0.663791 0.0567878 0.337116 0.662883 0.148598 0.335894 0.664106 0.0427778 0.336033 0.663967 0.248164 0.336175 0.663825 0.296758 0.336278 0.663722 0.327755 0.336296 0.663704 
228.4 0.576763 0.335638 0.664362 0.0568381 0.336362 0.663638 0.148807 0.335544 0.664455 0.0428347 0.336141 0.663859 0.24848 0.33581 0.66419 0.297276 0.335495 0.664505 0.328283 0.335522 0.664478 
240.4 0.575609 0.336331 0.663669 0.0567317 0.336568 0.663432 0.148517 0.336379 0.663621 0.042836 0.336259 0.663741 0.248085 0.336397 0.663603 0.296597 0.336271 0.663729 0.327524 0.336258 0.663742 
252.4 0.575961 0.336176 0.663824 0.0567483 0.336478 0.663522 0.148676 0.336349 0.663651 0.0427802 0.336655 0.663345 0.248204 0.336449 0.663551 0.296792 0.336039 0.663961 0.327757 0.335967 0.664033 
264.4 0.576273 0.335917 0.664083 0.0567849 0.336265 0.663735 0.148783 0.33607 0.66393 0.0428232 0.336685 0.663315 0.248391 0.336229 0.663771 0.29686 0.335752 0.664248 0.327882 0.335662 0.664338 
276.4 0.576013 0.336162 0.663838 0.0568277 0.336738 0.663262 0.148611 0.335988 0.664012 0.0427902 0.337122 0.662878 0.248228 0.336405 0.663595 0.296811 0.336001 0.663999 0.327785 0.335959 0.664041 
288.4 0.576086 0.336246 0.663754 0.0568217 0.337262 0.662738 0.148576 0.335852 0.664148 0.0428777 0.336111 0.663889 0.248276 0.336212 0.663788 0.296829 0.336312 0.663688 0.32781 0.336264 0.663736 
300.4 0.576239 0.336037 0.663963 0.05682 0.337375 0.662625 0.14865 0.335589 0.664411 0.0427818 0.335793 0.664207 0.248252 0.336015 0.663985 0.296998 0.336082 0.663918 0.327987 0.336058 0.663942 
312.4 0.576084 0.335806 0.664194 0.0568577 0.336965 0.663035 0.148596 0.335696 0.664304 0.0427356 0.335783 0.664217 0.24819 0.335926 0.664074 0.296892 0.33574 0.66426 0.327894 0.335743 0.664257 
324.4 0.575725 0.335888 0.664112 0.056805 0.336844 0.663156 0.148573 0.335784 0.664216 0.0427888 0.335429 0.664571 0.248167 0.335937 0.664063 0.296557 0.335931 0.664069 0.327558 0.335896 0.664104 
336.4 0.576256 0.335662 0.664338 0.0567904 0.336527 0.663473 0.148764 0.335516 0.664484 0.0427441 0.336131 0.663869 0.248299 0.335856 0.664144 0.296938 0.335563 0.664437 0.327958 0.335571 0.664429 
348.4 0.576134 0.335832 0.664168 0.0568113 0.336427 0.663573 0.148647 0.335863 0.664137 0.0428166 0.33671 0.66329 0.248275 0.336132 0.663868 0.296841 0.335601 0.664399 0.327859 0.335594 0.664406 
360.4 0.575815 0.336044 0.663956 0.0568584 0.336514 0.663486 0.1486 0.335938 0.664062 0.0428153 0.336375 0.663625 0.248273 0.336177 0.663823 0.296578 0.335972 0.664028 0.327541 0.335936 0.664064 
372.4 0.576011 0.335794 0.664206 0.0568064 0.336071 0.663929 0.148655 0.335653 0.664347 0.0427634 0.336746 0.663254 0.248225 0.335944 0.664056 0.296806 0.335722 0.664278 0.327785 0.335718 0.664282 
384.4 0.576008 0.335797 0.664203 0.056762 0.33584 0.66416 0.148659 0.335855 0.664145 0.0428005 0.335562 0.664438 0.248222 0.335827 0.664173 0.296736 0.335827 0.664173 0.327786 0.335788 0.664212 
396.4 0.576041 0.335891 0.664109 0.0568044 0.336385 0.663615 0.148696 0.335889 0.664111 0.0427394 0.335552 0.664447 0.24824 0.335926 0.664074 0.296809 0.335869 0.664131 0.327801 0.33591 0.66409 
408.4 0.576209 0.335854 0.664145 0.0568148 0.336641 0.663359 0.148747 0.335769 0.664231 0.0427747 0.335727 0.664273 0.248336 0.336058 0.663942 0.296874 0.33568 0.66432 0.327873 0.33572 0.66428 
420.4 0.576038 0.335849 0.664151 0.0568099 0.33675 0.66325 0.148601 0.336091 0.663909 0.0427856 0.335363 0.664637 0.248197 0.336169 0.663831 0.29681 0.335586 0.664414 0.327842 0.335618 0.664382 
432.4 0.575925 0.335915 0.664085 0.056805 0.336487 0.663513 0.148486 0.336343 0.663657 0.0427441 0.335603 0.664396 0.248035 0.336276 0.663724 0.296828 0.335598 0.664402 0.32789 0.335672 0.664328 
444.4 0.576071 0.336038 0.663962 0.056836 0.336705 0.663295 0.14861 0.336231 0.663769 0.0427791 0.336743 0.663257 0.248225 0.336402 0.663598 0.296804 0.335716 0.664284 0.327846 0.335805 0.664195 
456.4 0.575857 0.33617 0.663829 0.0568038 0.337011 0.662989 0.148707 0.336164 0.663836 0.0427914 0.336899 0.663101 0.248302 0.336454 0.663546 0.296594 0.335894 0.664106 0.327555 0.336022 0.663978 
468.4 0.575922 0.336129 0.663871 0.0567716 0.336808 0.663192 0.148702 0.336353 0.663647 0.0427704 0.335963 0.664037 0.248244 0.33638 0.66362 0.296677 0.335909 0.664091 0.327678 0.335954 0.664046 
480.4 0.576188 0.335996 0.664004 0.0568511 0.336108 0.663892 0.148754 0.336355 0.663644 0.0428316 0.3354 0.6646 0.248437 0.336129 0.663871 0.296752 0.335912 0.664088 0.327751 0.335929 0.664071 
492.4 0.576021 0.336167 0.663833 0.0567491 0.336139 0.663861 0.148681 0.33629 0.66371 0.042744 0.336753 0.663247 0.248174 0.336333 0.663666 0.296872 0.336052 0.663948 0.327848 0.336086 0.663914 
504.4 0.576358 0.336085 0.663915 0.0567749 0.335971 0.664029 0.148754 0.336108 0.663892 0.042851 0.33577 0.66423 0.24838 0.336061 0.663939 0.296969 0.336205 0.663795 0.327978 0.336186 0.663814 
516.4 0.576385 0.335816 0.664184 0.0567866 0.335929 0.664071 0.148833 0.33566 0.66434 0.0428055 0.335222 0.664778 0.248425 0.335736 0.664264 0.296993 0.335896 0.664104 0.32796 0.335954 0.664046 
528.4 0.575857 0.335957 0.664043 0.0567963 0.335812 0.664188 0.148595 0.335799 0.664201 0.0427359 0.33553 0.66447 0.248127 0.335832 0.664168 0.296725 0.336104 0.663896 0.327729 0.336084 0.663916 
540.4 0.575947 0.336036 0.663964 0.0568171 0.335746 0.664254 0.148644 0.335502 0.664498 0.0427613 0.335907 0.664093 0.248222 0.33568 0.66432 0.29671 0.336377 0.663623 0.327725 0.336318 0.663682 
552.4 0.57612 0.335998 0.664002 0.0567607 0.33653 0.66347 0.148664 0.335324 0.664676 0.0427119 0.335384 0.664616 0.248137 0.335653 0.664347 0.297017 0.336233 0.663767 0.327983 0.336249 0.663751 
564.4 0.576047 0.336094 0.663906 0.0567998 0.33629 0.663709 0.148645 0.335512 0.664488 0.0427693 0.3346 0.6654 0.248215 0.335556 0.664444 0.296844 0.336561 0.663439 0.327833 0.336536 0.663464 
576.4 0.576185 0.335976 0.664024 0.0568063 0.336117 0.663883 0.148678 0.335304 0.664696 0.0428113 0.335417 0.664583 0.248296 0.335487 0.664513 0.296871 0.33636 0.66364 0.32789 0.336357 0.663643 
588.4 0.575976 0.336084 0.663916 0.0567121 0.336844 0.663156 0.148513 0.335588 0.664412 0.0428402 0.335506 0.664494 0.248065 0.335854 0.664146 0.296896 0.336262 0.663737 0.32791 0.336285 0.663715 
600.4 0.576193 0.335854 0.664146 0.056844 0.336274 0.663726 0.148559 0.335278 0.664722 0.0428538 0.334941 0.665059 0.248257 0.33544 0.66456 0.296929 0.336166 0.663834 0.327936 0.336181 0.663819 
612.4 0.576014 0.335865 0.664135 0.056761 0.336171 0.663829 0.148568 0.335263 0.664737 0.0428652 0.334908 0.665092 0.248195 0.335451 0.664549 0.296838 0.336138 0.663862 0.32782 0.336201 0.663799 
624.4 0.575892 0.335953 0.664047 0.0567877 0.335899 0.664101 0.148543 0.335463 0.664537 0.0428289 0.336076 0.663924 0.24816 0.335769 0.664231 0.296719 0.336096 0.663904 0.327732 0.336136 0.663864 
636.4 0.576032 0.335787 0.664213 0.0567926 0.336189 0.663811 0.148653 0.335242 0.664758 0.0427956 0.336408 0.663592 0.248241 0.335691 0.664309 0.296778 0.335827 0.664173 0.32779 0.335867 0.664133 
648.4 0.576036 0.335864 0.664136 0.0568099 0.335983 0.664017 0.148516 0.335807 0.664193 0.0428097 0.335913 0.664087 0.248135 0.335868 0.664131 0.296852 0.335876 0.664124 0.327901 0.335903 0.664097 
660.4 0.576238 0.336003 0.663997 0.0567693 0.336426 0.663574 0.148743 0.335452 0.664548 0.0427724 0.336363 0.663637 0.248285 0.335909 0.664091 0.296928 0.336036 0.663964 0.327953 0.336101 0.663899 
672.4 0.57616 0.336008 0.663992 0.0568592 0.335926 0.664074 0.148652 0.335758 0.664242 0.0427821 0.33664 0.66336 0.248294 0.335974 0.664026 0.296788 0.336073 0.663927 0.327866 0.336069 0.663931 
684.4 0.576035 0.335933 0.664067 0.0567782 0.336599 0.663401 0.148676 0.335689 0.664311 0.0427956 0.335652 0.664348 0.24825 0.335956 0.664044 0.296762 0.335902 0.664098 0.327785 0.335951 0.664049 
696.4 0.575893 0.335961 0.664039 0.0567374 0.336703 0.663297 0.148667 0.335773 0.664227 0.042755 0.335546 0.664454 0.248159 0.335952 0.664048 0.296734 0.335891 0.664109 0.327734 0.335977 0.664023 
708.4 0.5761 0.33588 0.66412 0.0568445 0.335961 0.664039 0.148675 0.335934 0.664066 0.0427582 0.335316 0.664684 0.248278 0.335862 0.664138 0.296755 0.335883 0.664116 0.327822 0.335923 0.664077 
720.4 0.576171 0.336032 0.663968 0.05672 0.336265 0.663735 0.148807 0.335844 0.664156 0.0427896 0.335704 0.664296 0.248317 0.33597 0.66403 0.29686 0.335984 0.664016 0.327855 0.336113 0.663887 
732.4 0.576145 0.336023 0.663977 0.0567406 0.335927 0.664073 0.14868 0.335886 0.664114 0.0428256 0.335004 0.664996 0.248246 0.335804 0.664196 0.296855 0.336156 0.663844 0.327899 0.33619 0.66381 
744.4 0.575922 0.335892 0.664108 0.0567535 0.335428 0.664572 0.148632 0.335581 0.664419 0.0427136 0.335417 0.664583 0.248099 0.335576 0.664424 0.296752 0.336208 0.663792 0.327823 0.336153 0.663847 
756.4 0.575735 0.335822 0.664178 0.0567291 0.335363 0.664637 0.148467 0.335657 0.664343 0.0427956 0.334581 0.665419 0.247992 0.335427 0.664573 0.296702 0.33612 0.66388 0.327743 0.33615 0.66385 
768.4 0.5762 0.335702 0.664298 0.0567566 0.335936 0.664064 0.148556 0.335461 0.664539 0.0427946 0.334683 0.665317 0.248107 0.33548 0.66452 0.296991 0.335835 0.664165 0.328093 0.335898 0.664102 
780.4 0.576054 0.335847 0.664153 0.0567219 0.336417 0.663583 0.148478 0.33561 0.66439 0.0428267 0.33525 0.66475 0.248026 0.335796 0.664204 0.296959 0.33584 0.66416 0.328027 0.335886 0.664114 
792.4 0.57593 0.335792 0.664208 0.0568594 0.335898 0.664102 0.148566 0.335391 0.664609 0.0427627 0.336214 0.663786 0.248188 0.3357 0.6643 0.296681 0.335879 0.664121 0.327742 0.335832 0.664168 
804.4 0.576089 0.335676 0.664324 0.0568539 0.336337 0.663663 0.148587 0.335303 0.664696 0.0428616 0.335502 0.664498 0.248303 0.335551 0.664449 0.296723 0.335857 0.664143 0.327787 0.33576 0.66424 
816.4 0.576048 0.335806 0.664194 0.0568453 0.336363 0.663637 0.148519 0.335516 0.664484 0.0428444 0.334865 0.665135 0.248209 0.335653 0.664347 0.296804 0.33587 0.66413 0.327839 0.335882 0.664118 
828.4 0.576323 0.335799 0.664201 0.056762 0.336643 0.663357 0.148651 0.335159 0.664841 0.0428059 0.335624 0.664376 0.248219 0.335665 0.664335 0.297048 0.335769 0.664231 0.328103 0.335863 0.664137 
840.4 0.576152 0.335922 0.664078 0.0568802 0.335934 0.664066 0.148557 0.335164 0.664835 0.0428188 0.336122 0.663878 0.248256 0.335548 0.664452 0.296739 0.336217 0.663783 0.327895 0.3362 0.6638 
852.4 0.576004 0.335824 0.664176 0.0568062 0.336061 0.663939 0.148525 0.335167 0.664833 0.042792 0.335798 0.664202 0.248123 0.335512 0.664488 0.29675 0.335962 0.664038 0.327881 0.336003 0.663997 
864.4 0.575996 0.335737 0.664263 0.0568282 0.335942 0.664058 0.148517 0.335145 0.664855 0.0428115 0.335738 0.664262 0.248157 0.335395 0.664605 0.29672 0.335868 0.664132 0.327839 0.335938 0.664062 
876.4 0.576128 0.335747 0.664253 0.056867 0.336132 0.663868 0.148596 0.335038 0.664962 0.0428179 0.336163 0.663837 0.248281 0.335524 0.664476 0.296705 0.335808 0.664192 0.327846 0.335905 0.664095 
888.4 0.576115 0.335869 0.664131 0.0568445 0.336832 0.663168 0.148515 0.335485 0.664515 0.0427917 0.336351 0.663649 0.248151 0.335942 0.664058 0.29683 0.335648 0.664352 0.327964 0.335815 0.664185 
900.4 0.576186 0.335876 0.664124 0.0568117 0.336571 0.663429 0.148699 0.335514 0.664486 0.0427801 0.335945 0.664055 0.248291 0.335798 0.664201 0.296721 0.335829 0.664171 0.327895 0.33595 0.66405 
912.4 0.576262 0.335772 0.664228 0.0567837 0.336688 0.663312 0.148731 0.33547 0.66453 0.0428044 0.335182 0.664818 0.248319 0.335671 0.664329 0.296735 0.335764 0.664236 0.327942 0.335863 0.664137 
924.4 0.5762 0.335879 0.664121 0.0568148 0.336009 0.663991 0.148698 0.335738 0.664262 0.0427856 0.335205 0.664795 0.248298 0.335737 0.664263 0.296746 0.335907 0.664093 0.327901 0.336003 0.663997 
936.4 0.576413 0.335949 0.664051 0.0568185 0.336423 0.663577 0.148724 0.335808 0.664192 0.0428116 0.335746 0.664253 0.248354 0.335989 0.664011 0.296921 0.33584 0.66416 0.328059 0.335933 0.664067 
948.4 0.576423 0.335831 0.664169 0.056787 0.335956 0.664044 0.148723 0.335682 0.664318 0.0428145 0.335276 0.664724 0.248325 0.335752 0.664248 0.296893 0.335871 0.664129 0.328098 0.335881 0.664119 
960.4 0.576261 0.335805 0.664195 0.0567893 0.33569 0.66431 0.148672 0.335651 0.664349 0.0427714 0.335711 0.664289 0.248233 0.335653 0.664347 0.296823 0.335884 0.664116 0.328028 0.335926 0.664074 
972.4 0.57628 0.335799 0.664201 0.0568626 0.335892 0.664108 0.148647 0.335765 0.664235 0.0427655 0.335418 0.664582 0.248275 0.335775 0.664225 0.296834 0.335695 0.664305 0.328005 0.335809 0.664191 
984.4 0.576359 0.335727 0.664273 0.0568444 0.336213 0.663787 0.148774 0.335402 0.664598 0.042761 0.335592 0.664408 0.24838 0.335675 0.664325 0.296806 0.335615 0.664385 0.327979 0.335758 0.664242 
996.4 0.576331 0.335687 0.664313 0.0568736 0.336292 0.663708 0.148603 0.335549 0.664451 0.0428023 0.335315 0.664685 0.248279 0.335667 0.664333 0.296784 0.335621 0.664379 0.328052 0.335718 0.664282 
1008.4 0.576554 0.335738 0.664262 0.0569086 0.336467 0.663533 0.148679 0.335341 0.664659 0.0427827 0.335838 0.664162 0.248371 0.335643 0.664357 0.296882 0.335614 0.664386 0.328184 0.335833 0.664167 
1020.4 0.576714 0.33581 0.66419 0.0569312 0.336278 0.663722 0.148705 0.335393 0.664607 0.0427912 0.335576 0.664424 0.248427 0.33563 0.66437 0.296934 0.335711 0.664289 0.328286 0.33595 0.66405 
1032.4 0.576798 0.335882 0.664118 0.0569752 0.33607 0.66393 0.148761 0.33556 0.66444 0.0427532 0.335053 0.664947 0.248489 0.335629 0.664371 0.297026 0.33583 0.66417 0.328309 0.336099 0.663901 
1044.4 0.576755 0.335854 0.664146 0.0569333 0.335811 0.664189 0.148722 0.335575 0.664425 0.042799 0.334737 0.665263 0.248454 0.335553 0.664447 0.296985 0.335911 0.664089 0.328301 0.336078 0.663922 
1056.4 0.576808 0.335839 0.664161 0.0568508 0.336153 0.663847 0.148745 0.335395 0.664605 0.0428279 0.335888 0.664112 0.248424 0.335659 0.664341 0.297092 0.335901 0.664099 0.328384 0.336029 0.663971 
1068.4 0.576873 0.336009 0.663991 0.0568575 0.336013 0.663987 0.148743 0.335538 0.664462 0.0428389 0.336346 0.663654 0.248439 0.335835 0.664165 0.297115 0.336065 0.663935 0.328434 0.336176 0.663824 
1080.4 0.577065 0.335947 0.664053 0.0568729 0.336063 0.663937 0.148807 0.335519 0.664481 0.0427982 0.336512 0.663488 0.248478 0.335848 0.664152 0.297224 0.335901 0.664098 0.328587 0.336044 0.663955 
1092.4 0.577352 0.335887 0.664113 0.0570014 0.335813 0.664187 0.148823 0.335711 0.664289 0.0428327 0.335888 0.664112 0.248657 0.335794 0.664206 0.297378 0.335758 0.664242 0.328695 0.335977 0.664023 
1104.4 0.57713 0.336158 0.663842 0.0569524 0.33625 0.66375 0.14882 0.335859 0.664141 0.0427687 0.335869 0.664131 0.248541 0.336014 0.663986 0.297225 0.336058 0.663942 0.32859 0.33627 0.66373 
1116.4 0.577316 0.336132 0.663868 0.0569717 0.336257 0.663743 0.148837 0.335801 0.664199 0.0428416 0.335472 0.664528 0.24865 0.335889 0.66411 0.297245 0.336087 0.663913 0.328666 0.33631 0.66369 
1128.4 0.577233 0.336112 0.663888 0.0569827 0.336424 0.663576 0.148799 0.335601 0.664399 0.0428667 0.335896 0.664104 0.248648 0.335871 0.664129 0.297142 0.335995 0.664005 0.328585 0.336295 0.663705 
1140.4 0.577346 0.336042 0.663958 0.0569606 0.33654 0.66346 0.148836 0.335406 0.664594 0.042821 0.337113 0.662887 0.248618 0.335934 0.664066 0.297214 0.335872 0.664128 0.328728 0.336175 0.663824 
1152.4 0.577469 0.336005 0.663995 0.0570011 0.33611 0.66389 0.148825 0.335489 0.664511 0.0428335 0.336862 0.663138 0.24866 0.335837 0.664163 0.297288 0.33583 0.66417 0.328809 0.336165 0.663835 
1164.4 0.577545 0.336058 0.663942 0.0570445 0.336567 0.663433 0.14882 0.335327 0.664673 0.0428494 0.335989 0.664011 0.248714 0.335738 0.664262 0.297249 0.335988 0.664012 0.328831 0.336324 0.663676 
1176.4 0.57711 0.336421 0.663579 0.0569851 0.33678 0.66322 0.148678 0.33557 0.66443 0.04284 0.33651 0.66349 0.248503 0.336 0.664 0.296983 0.336364 0.663636 0.328607 0.336745 0.663255 
1188.4 0.577516 0.33637 0.66363 0.0570242 0.336821 0.663179 0.148757 0.335846 0.664154 0.0428093 0.336843 0.663157 0.248591 0.336219 0.663781 0.297221 0.335995 0.664005 0.328925 0.336471 0.663529 
1200.4 0.577747 0.336298 0.663702 0.0571027 0.336203 0.663797 0.149038 0.335452 0.664548 0.0429151 0.336023 0.663977 0.249056 0.335695 0.664305 0.296951 0.336254 0.663746 0.328691 0.336754 0.663246 
1212.4 0.577362 0.336434 0.663566 0.0570014 0.336307 0.663693 0.148826 0.335578 0.664422 0.0428106 0.336063 0.663937 0.248638 0.335845 0.664155 0.296953 0.336406 0.663594 0.328724 0.336897 0.663103 
1224.4 0.577499 0.336203 0.663797 0.0569822 0.336644 0.663356 0.148694 0.335439 0.664561 0.0428623 0.335713 0.664287 0.248538 0.33577 0.66423 0.2971 0.336083 0.663917 0.328961 0.336561 0.663439 
1236.4 0.577269 0.336356 0.663644 0.057107 0.336921 0.663079 0.148719 0.33525 0.66475 0.042796 0.335377 0.664623 0.248622 0.33568 0.66432 0.296795 0.336325 0.663675 0.328647 0.336882 0.663118 
1248.4 0.577671 0.336358 0.663642 0.0571872 0.337091 0.662909 0.148749 0.335247 0.664753 0.0428188 0.335375 0.664625 0.248755 0.335687 0.664313 0.296985 0.336224 0.663776 0.328915 0.336851 0.663149 
1260.4 0.577418 0.336443 0.663556 0.0571175 0.337129 0.662871 0.148584 0.335542 0.664458 0.0427604 0.335763 0.664237 0.248462 0.335978 0.664022 0.296909 0.336066 0.663934 0.328957 0.336785 0.663215 
1272.4 0.577402 0.33632 0.66368 0.0571291 0.336786 0.663214 0.148592 0.335252 0.664748 0.0427779 0.335432 0.664568 0.248499 0.335671 0.664329 0.296784 0.336001 0.663999 0.328903 0.33676 0.66324 
1284.4 0.577611 0.33624 0.66376 0.0570769 0.336773 0.663227 0.148713 0.33494 0.66506 0.042855 0.335572 0.664428 0.248645 0.335453 0.664547 0.296732 0.336099 0.663901 0.328967 0.336819 0.663181 
1296.4 0.577619 0.336359 0.663641 0.0570272 0.33624 0.66376 0.148634 0.335449 0.664551 0.0428092 0.335997 0.664003 0.248471 0.335811 0.664189 0.296804 0.336009 0.663991 0.329148 0.336761 0.663239 
1308.4 0.577668 0.336373 0.663627 0.0570283 0.335929 0.664071 0.148656 0.335894 0.664106 0.0429138 0.335796 0.664204 0.248598 0.335972 0.664028 0.296591 0.335887 0.664113 0.32907 0.336693 0.663307 
1320.4 0.577713 0.33621 0.66379 0.056993 0.335668 0.664332 0.148893 0.335769 0.664231 0.0428593 0.336627 0.663373 0.248745 0.335925 0.664075 0.296252 0.335613 0.664387 0.328968 0.336453 0.663547 
1332.4 0.577541 0.336225 0.663775 0.0569915 0.335489 0.664511 0.148817 0.33612 0.66388 0.0429306 0.336643 0.663357 0.248739 0.336108 0.663892 0.295819 0.335399 0.664601 0.328803 0.336341 0.663659 
1344.4 0.57734 0.336429 0.663571 0.0569813 0.335577 0.664423 0.148685 0.336763 0.663237 0.0429004 0.337629 0.662371 0.248566 0.336612 0.663388 0.295588 0.335295 0.664705 0.328773 0.336331 0.663669 
1356.4 0.577837 0.336316 0.663684 0.0571095 0.335105 0.664895 0.148882 0.336897 0.663103 0.0428789 0.337781 0.662219 0.24887 0.336594 0.663406 0.295596 0.335621 0.664379 0.328968 0.336163 0.663837 
1368.4 0.578106 0.336306 0.663694 0.0570107 0.335614 0.664386 0.149097 0.33688 0.66312 0.0428949 0.337554 0.662446 0.249002 0.336691 0.663309 0.295439 0.336959 0.663041 0.329103 0.336056 0.663944 
1380.4 0.578147 0.33642 0.66358 0.056944 0.336272 0.663728 0.149035 0.337094 0.662906 0.0430004 0.336884 0.663116 0.248979 0.336866 0.663134 0.295228 0.338615 0.661385 0.329168 0.336089 0.663911 
1392.4 0.578467 0.336373 0.663627 0.0570081 0.336986 0.663014 0.149305 0.336458 0.663542 0.042962 0.336523 0.663477 0.249275 0.336583 0.663417 0.297255 0.337189 0.662811 0.329191 0.336214 0.663786 
1404.4 0.578504 0.336514 0.663485 0.0570653 0.337011 0.662989 0.149436 0.336102 0.663898 0.0429444 0.336899 0.663101 0.249446 0.336389 0.663611 0.297667 0.337037 0.662963 0.329059 0.336621 0.663379 
1416.4 0.578844 0.336347 0.663653 0.056973 0.33722 0.66278 0.149105 0.336503 0.663496 0.0430145 0.336236 0.663764 0.249092 0.336621 0.663379 0.295952 0.338672 0.661328 0.329751 0.336142 0.663858 
1428.4 0.57888 0.336329 0.663671 0.0570774 0.336219 0.663781 0.148942 0.336816 0.663184 0.0428721 0.33761 0.66239 0.248891 0.336836 0.663164 0.295994 0.337469 0.662531 0.329989 0.335958 0.664042 
1440.4 0.578988 0.336651 0.663349 0.0571494 0.336086 0.663914 0.149078 0.336771 0.663229 0.0429273 0.338499 0.661501 0.249155 0.336892 0.663108 0.296315 0.336266 0.663734 0.329833 0.336517 0.663483 
1452.4 0.579194 0.336738 0.663262 0.0571754 0.336277 0.663723 0.149169 0.336644 0.663356 0.0430366 0.337844 0.662156 0.249381 0.336744 0.663256 0.296506 0.335763 0.664237 0.329813 0.336742 0.663258 
1464.4 0.57975 0.336548 0.663452 0.0571989 0.336371 0.663629 0.149308 0.336332 0.663668 0.0429438 0.338153 0.661847 0.24945 0.336642 0.663358 0.297059 0.33552 0.66448 0.3303 0.336468 0.663532 
1476.4 0.579913 0.33689 0.66311 0.0571978 0.337307 0.662693 0.14935 0.336501 0.663499 0.0430204 0.337042 0.662958 0.249568 0.33685 0.66315 0.297364 0.336064 0.663936 0.330345 0.336936 0.663064 
1488.4 0.580326 0.336987 0.663013 0.0573066 0.337286 0.662714 0.149488 0.336396 0.663604 0.0429904 0.336478 0.663522 0.249785 0.336612 0.663388 0.297815 0.336439 0.663561 0.330541 0.337291 0.662709 
1500.4 0.580515 0.337012 0.662988 0.0572703 0.337927 0.662073 0.149449 0.336397 0.663603 0.0428992 0.336847 0.663153 0.249619 0.336781 0.663219 0.298287 0.336408 0.663592 0.330896 0.337226 0.662774 
1512.4 0.580381 0.337329 0.662671 0.0572697 0.338232 0.661768 0.149372 0.336459 0.663541 0.0429441 0.336635 0.663365 0.249586 0.336949 0.663051 0.29833 0.336809 0.663191 0.330795 0.337638 0.662362 
1524.4 0.581018 0.337238 0.662762 0.0573461 0.33767 0.66233 0.149516 0.336078 0.663922 0.0430266 0.336277 0.663723 0.249888 0.336534 0.663466 0.298708 0.337101 0.662899 0.33113 0.337827 0.662173 
1536.4 0.581149 0.337425 0.662575 0.0574013 0.337636 0.662363 0.14955 0.336046 0.663954 0.0429866 0.336509 0.663491 0.249938 0.336553 0.663447 0.298913 0.337409 0.662591 0.331211 0.338134 0.661866 
1548.4 0.581196 0.337533 0.662467 0.0573079 0.33747 0.66253 0.149566 0.336185 0.663815 0.0430558 0.336706 0.663294 0.24993 0.336599 0.663401 0.299042 0.337577 0.662423 0.331266 0.338286 0.661714 
1560.4 0.581435 0.337732 0.662268 0.0573495 0.337171 0.662829 0.149609 0.336545 0.663455 0.0430614 0.337302 0.662698 0.250019 0.336902 0.663098 0.299217 0.337806 0.662194 0.331415 0.33843 0.66157 
1572.4 0.58148 0.337894 0.662106 0.0573362 0.337719 0.662281 0.149744 0.336611 0.663389 0.0430349 0.337441 0.662559 0.250115 0.337053 0.662947 0.29928 0.337934 0.662066 0.331365 0.338526 0.661474 
1584.4 0.581747 0.337675 0.662325 0.057359 0.336842 0.663158 0.149889 0.336637 0.663363 0.0431027 0.336709 0.663291 0.250351 0.336744 0.663256 0.29929 0.337888 0.662112 0.331395 0.338345 0.661655 
1596.4 0.581848 0.337702 0.662298 0.0573778 0.336686 0.663314 0.149879 0.336949 0.663051 0.0430523 0.337962 0.662038 0.250309 0.337086 0.662914 0.299538 0.337638 0.662362 0.331539 0.338155 0.661845 
1608.4 0.581967 0.337948 0.662052 0.0573984 0.337964 0.662036 0.149873 0.337451 0.662549 0.0431727 0.337363 0.662637 0.250444 0.337612 0.662388 0.299575 0.337743 0.662257 0.331523 0.338204 0.661796 
1620.4 0.582277 0.337785 0.662215 0.0574026 0.337967 0.662033 0.149977 0.337383 0.662617 0.0431555 0.337063 0.662937 0.250535 0.337523 0.662477 0.299786 0.33765 0.66235 0.331742 0.337964 0.662036 
1632.4 0.581988 0.33793 0.662069 0.0573381 0.338107 0.661893 0.149967 0.337437 0.662563 0.0430955 0.336918 0.663082 0.2504 0.337581 0.662419 0.299734 0.337897 0.662103 0.331588 0.338213 0.661787 
1644.4 0.582088 0.337921 0.662079 0.0574753 0.33743 0.66257 0.150007 0.337251 0.662749 0.0431512 0.336491 0.663509 0.250634 0.337261 0.662739 0.299667 0.338194 0.661806 0.331454 0.338461 0.661539 
1656.4 0.582124 0.337821 0.662179 0.0574018 0.337685 0.662315 0.150066 0.336944 0.663055 0.0431107 0.33711 0.66289 0.250578 0.337223 0.662777 0.299748 0.338089 0.661911 0.331545 0.338264 0.661736 
1668.4 0.582075 0.337667 0.662333 0.0574076 0.337108 0.662892 0.149919 0.337352 0.662647 0.0431326 0.336497 0.663503 0.250459 0.337227 0.662773 0.29985 0.337808 0.662192 0.331616 0.338019 0.661981 
1680.4 0.582167 0.337619 0.662381 0.0574043 0.337247 0.662753 0.150034 0.336873 0.663127 0.0431367 0.336975 0.663025 0.250575 0.337015 0.662985 0.299883 0.337841 0.662159 0.331593 0.33811 0.66189 
1692.4 0.582358 0.337639 0.662361 0.0573949 0.337318 0.662682 0.150214 0.336044 0.663956 0.0431549 0.337772 0.662228 0.250764 0.336666 0.663334 0.299877 0.338101 0.661899 0.331594 0.338409 0.661591 
1704.4 0.58208 0.337808 0.662192 0.0573977 0.337255 0.662745 0.149919 0.336427 0.663573 0.0431766 0.336942 0.663058 0.250494 0.33671 0.66329 0.299872 0.338347 0.661653 0.331586 0.338673 0.661327 
1716.4 0.582342 0.337777 0.662223 0.0574506 0.337376 0.662624 0.149951 0.336585 0.663415 0.0431681 0.33762 0.66238 0.250569 0.336917 0.663083 0.300055 0.338141 0.661859 0.331773 0.338455 0.661545 
1728.4 0.582394 0.337807 0.662193 0.0575353 0.337314 0.662686 0.150041 0.336696 0.663304 0.0431643 0.337577 0.662423 0.250741 0.337054 0.662946 0.29994 0.338111 0.661889 0.331653 0.338372 0.661628 
1740.4 0.58219 0.337836 0.662164 0.0574227 0.337566 0.662434 0.149986 0.33695 0.66305 0.0432363 0.337556 0.662444 0.250645 0.337248 0.662752 0.299872 0.338115 0.661885 0.331545 0.338287 0.661713 
1752.4 0.582173 0.337672 0.662328 0.0574557 0.336829 0.663171 0.149953 0.337043 0.662957 0.0431494 0.337648 0.662352 0.250558 0.337052 0.662948 0.300022 0.337989 0.662011 0.331615 0.338137 0.661863 
1764.4 0.582347 0.3376 0.6624 0.057492 0.337256 0.662744 0.150139 0.336644 0.663356 0.0431708 0.337209 0.662791 0.250802 0.336855 0.663145 0.299968 0.33803 0.66197 0.331546 0.338164 0.661836 
1776.4 0.582517 0.337734 0.662266 0.057517 0.337322 0.662678 0.150116 0.337124 0.662876 0.0432413 0.33734 0.66266 0.250874 0.337239 0.662761 0.30009 0.337967 0.662033 0.331643 0.338116 0.661884 
1788.4 0.58224 0.337855 0.662144 0.0574679 0.336908 0.663092 0.150116 0.337616 0.662384 0.0431785 0.33812 0.66188 0.250763 0.337566 0.662434 0.299973 0.337859 0.662141 0.331477 0.33802 0.66198 
1800.4 0.582428 0.337666 0.662334 0.0574953 0.337179 0.662821 0.150212 0.337226 0.662774 0.0432058 0.337691 0.662309 0.250913 0.33738 0.66262 0.299952 0.337793 0.662207 0.331515 0.337894 0.662106 
1812.4 0.582186 0.337663 0.662337 0.0575308 0.337428 0.662572 0.150076 0.336978 0.663022 0.0431821 0.337215 0.662785 0.250789 0.337189 0.662811 0.299844 0.337922 0.662078 0.331397 0.338065 0.661935 
1824.4 0.582366 0.337558 0.662442 0.0574995 0.337595 0.662405 0.15013 0.336843 0.663157 0.0432298 0.336686 0.663314 0.250859 0.337041 0.662959 0.299996 0.337743 0.662257 0.331506 0.337956 0.662044 
1836.4 0.582233 0.337591 0.662409 0.0574276 0.337898 0.662102 0.150155 0.336733 0.663266 0.0431703 0.336874 0.663126 0.250753 0.337073 0.662927 0.299949 0.33787 0.66213 0.33148 0.337985 0.662015 
1848.4 0.582349 0.337575 0.662425 0.0574652 0.337087 0.662913 0.150163 0.336943 0.663057 0.0432009 0.336474 0.663526 0.250829 0.33696 0.66304 0.300015 0.337967 0.662033 0.33152 0.338031 0.661969 
1860.4 0.5824 0.337583 0.662417 0.0574512 0.337199 0.662801 0.150182 0.336956 0.663044 0.0431699 0.337088 0.662912 0.250803 0.337046 0.662954 0.300069 0.337946 0.662054 0.331597 0.337959 0.662041 
1872.4 0.582353 0.337871 0.662129 0.0574543 0.337723 0.662277 0.150135 0.337375 0.662625 0.0432264 0.337411 0.662589 0.250815 0.337461 0.662539 0.300047 0.338138 0.661862 0.331538 0.338212 0.661788 
1884.4 0.582503 0.337833 0.662167 0.0575056 0.337375 0.662625 0.150281 0.337301 0.662699 0.0432131 0.337772 0.662228 0.251 0.337406 0.662594 0.300046 0.338117 0.661883 0.331503 0.338187 0.661813 
1896.4 0.582445 0.337696 0.662304 0.0574173 0.337549 0.662451 0.150295 0.337262 0.662738 0.0432076 0.337206 0.662794 0.25092 0.337364 0.662636 0.300036 0.337957 0.662043 0.331525 0.337969 0.662031 
1908.4 0.582453 0.337663 0.662337 0.0575315 0.337276 0.662724 0.150182 0.3374 0.6626 0.043243 0.336954 0.663046 0.250956 0.337351 0.662649 0.300076 0.337807 0.662193 0.331497 0.337907 0.662093 
1920.4 0.582358 0.337712 0.662288 0.0574515 0.337208 0.662792 0.150223 0.337511 0.662489 0.0431982 0.33687 0.66313 0.250872 0.33734 0.66266 0.300053 0.337961 0.662039 0.331485 0.338022 0.661978 
1932.4 0.582366 0.337763 0.662236 0.0574788 0.337069 0.662931 0.150283 0.337572 0.662428 0.0432204 0.337293 0.662707 0.250982 0.337378 0.662622 0.299988 0.338067 0.661933 0.331384 0.338093 0.661907 
1944.4 0.582737 0.337736 0.662264 0.0574919 0.337615 0.662385 0.150452 0.337392 0.662608 0.0432396 0.337901 0.662099 0.251184 0.337447 0.662553 0.300116 0.337959 0.662041 0.331553 0.33798 0.66202 
1956.4 0.582873 0.337626 0.662374 0.0575466 0.337576 0.662424 0.150402 0.337464 0.662536 0.0432469 0.336966 0.663034 0.251196 0.337393 0.662607 0.300252 0.337713 0.662287 0.331677 0.337772 0.662228 
1968.4 0.582491 0.337745 0.662255 0.0574825 0.337963 0.662037 0.150322 0.337521 0.662479 0.0431946 0.33586 0.66414 0.251 0.337348 0.662652 0.300059 0.338025 0.661975 0.331491 0.338009 0.661991 
1980.4 0.582561 0.337781 0.662219 0.0574994 0.337883 0.662117 0.150332 0.33747 0.66253 0.0431061 0.336393 0.663607 0.250937 0.337348 0.662652 0.300175 0.338139 0.661861 0.331624 0.338119 0.661881 
1992.4 0.582616 0.337774 0.662226 0.0574858 0.337366 0.662634 0.150408 0.337395 0.662605 0.0432057 0.33596 0.66404 0.251099 0.337158 0.662842 0.300152 0.338159 0.661841 0.331516 0.338224 0.661776 
2004.4 0.582694 0.337762 0.662238 0.0574717 0.337883 0.662117 0.150411 0.337381 0.662619 0.0431909 0.336053 0.663947 0.251073 0.337282 0.662718 0.300153 0.338155 0.661845 0.33162 0.338113 0.661887 
2016.4 0.582668 0.337648 0.662352 0.0575386 0.337478 0.662522 0.150413 0.337191 0.662809 0.0431824 0.336173 0.663827 0.251134 0.337068 0.662932 0.300147 0.338065 0.661935 0.331534 0.338092 0.661908 
2028.4 0.582355 0.337706 0.662294 0.0574236 0.337481 0.662519 0.150225 0.337504 0.662496 0.043226 0.336855 0.663145 0.250874 0.337367 0.662633 0.300067 0.337949 0.662051 0.331481 0.337967 0.662033 
2040.4 0.582666 0.337555 0.662445 0.0574581 0.337181 0.662819 0.150333 0.337478 0.662522 0.0433047 0.336923 0.663077 0.251096 0.337318 0.662682 0.300102 0.337789 0.662211 0.33157 0.337786 0.662214 
2052.4 0.582523 0.337657 0.662343 0.0574518 0.336917 0.663083 0.150462 0.33747 0.66253 0.0432437 0.337419 0.662581 0.251157 0.337374 0.662626 0.299942 0.337844 0.662156 0.331366 0.337903 0.662097 
2064.4 0.582581 0.337746 0.662254 0.0574443 0.337141 0.662859 0.150442 0.337671 0.662329 0.0432134 0.337415 0.662585 0.2511 0.337553 0.662447 0.299988 0.337825 0.662175 0.33148 0.337859 0.662141 
2076.4 0.582831 0.337808 0.662192 0.0575034 0.337159 0.66284 0.150484 0.33763 0.66237 0.0433339 0.336854 0.663146 0.251321 0.337444 0.662556 0.300063 0.337936 0.662064 0.33151 0.338047 0.661953 
2088.4 0.582514 0.337897 0.662103 0.0574913 0.337295 0.662705 0.150257 0.337787 0.662213 0.0432111 0.336975 0.663025 0.250959 0.337549 0.662451 0.300084 0.338066 0.661934 0.331555 0.33812 0.66188 
2100.4 0.582739 0.337665 0.662335 0.0574641 0.337244 0.662756 0.150421 0.337164 0.662836 0.0432237 0.337211 0.662789 0.251109 0.337239 0.662761 0.300215 0.337919 0.662081 0.33163 0.337989 0.662011 
2112.4 0.582777 0.337826 0.662174 0.0575618 0.337749 0.662251 0.150352 0.337461 0.662539 0.0433497 0.336972 0.663028 0.251263 0.337493 0.662507 0.300093 0.338068 0.661932 0.331514 0.338093 0.661907 
2124.4 0.582573 0.337825 0.662175 0.0575103 0.338322 0.661678 0.150346 0.337397 0.662603 0.0432642 0.337574 0.662426 0.251121 0.337724 0.662276 0.300003 0.337903 0.662097 0.331452 0.337887 0.662113 
2136.4 0.582485 0.33774 0.66226 0.0574992 0.337863 0.662137 0.150315 0.337592 0.662408 0.0432063 0.33758 0.66242 0.25102 0.337723 0.662277 0.300091 0.337663 0.662337 0.331464 0.337759 0.662241 
2148.4 0.582724 0.337787 0.662213 0.0576036 0.336984 0.663016 0.150461 0.337728 0.662272 0.0432458 0.33734 0.66266 0.25131 0.337558 0.662442 0.300015 0.337897 0.662103 0.331414 0.337977 0.662023 
2160.4 0.582808 0.337714 0.662286 0.0575263 0.337276 0.662724 0.150471 0.337931 0.662069 0.0432424 0.337183 0.662817 0.25124 0.337691 0.662309 0.30013 0.337632 0.662368 0.331568 0.337698 0.662302 
2172.4 0.582579 0.337723 0.662277 0.0574951 0.337279 0.662721 0.150481 0.33793 0.66207 0.0431734 0.336171 0.663829 0.25115 0.337466 0.662534 0.300021 0.337834 0.662166 0.331429 0.3379 0.6621 
2184.4 0.582755 0.337735 0.662265 0.0575534 0.336798 0.663202 0.150449 0.33772 0.66228 0.0431607 0.336507 0.663493 0.251163 0.337326 0.662674 0.300155 0.337955 0.662045 0.331592 0.338027 0.661973 
2196.4 0.582814 0.337847 0.662153 0.0575303 0.337042 0.662958 0.150365 0.338165 0.661835 0.0432245 0.336851 0.663149 0.25112 0.337647 0.662353 0.300246 0.337941 0.662059 0.331694 0.338006 0.661994 
2208.4 0.58258 0.337892 0.662108 0.0573755 0.337378 0.662622 0.150475 0.337923 0.662077 0.0432674 0.337383 0.662617 0.251118 0.33768 0.66232 0.300059 0.337995 0.662005 0.331462 0.338069 0.661931 
2220.4 0.582632 0.337712 0.662288 0.0574285 0.337012 0.662988 0.15041 0.337817 0.662183 0.0432527 0.337743 0.662257 0.251091 0.337646 0.662354 0.30011 0.337741 0.662259 0.331541 0.337787 0.662213 
2232.4 0.582649 0.337635 0.662365 0.0574532 0.337916 0.662084 0.150443 0.337449 0.662551 0.0432437 0.337699 0.662301 0.25114 0.337668 0.662332 0.300127 0.337565 0.662435 0.331509 0.337618 0.662382 
2244.4 0.582592 0.337737 0.662263 0.0575752 0.337126 0.662874 0.150281 0.337989 0.662011 0.0432261 0.337849 0.662151 0.251083 0.337881 0.662119 0.300134 0.337646 0.662354 0.33151 0.337678 0.662322 
2256.4 0.582539 0.337843 0.662157 0.0574616 0.337481 0.662519 0.150292 0.338199 0.661801 0.0432622 0.337571 0.662429 0.251015 0.337984 0.662016 0.300175 0.337742 0.662258 0.331524 0.337808 0.662192 
2268.4 0.582714 0.337741 0.662259 0.057455 0.337544 0.662456 0.150449 0.337848 0.662152 0.0432922 0.337299 0.662701 0.251196 0.33772 0.66228 0.300164 0.337774 0.662226 0.331518 0.337816 0.662184 
2280.4 0.582614 0.337581 0.662419 0.0575415 0.337271 0.662729 0.150484 0.337469 0.662531 0.0432124 0.337576 0.662424 0.251238 0.337475 0.662525 0.300009 0.337708 0.662292 0.331376 0.3377 0.6623 
2292.4 0.582504 0.337559 0.662441 0.0575674 0.337455 0.662545 0.150353 0.337624 0.662376 0.0432375 0.336995 0.663005 0.251158 0.337477 0.662523 0.300008 0.337637 0.662363 0.331346 0.337658 0.662342 
2304.4 0.582674 0.337547 0.662453 0.0575072 0.337655 0.662345 0.150428 0.337389 0.662611 0.0431912 0.337421 0.662579 0.251127 0.337485 0.662515 0.300179 0.337585 0.662415 0.331547 0.337602 0.662398 
2316.4 0.58263 0.337601 0.662399 0.057568 0.336754 0.663246 0.150372 0.337696 0.662304 0.0432306 0.337373 0.662627 0.251171 0.337484 0.662516 0.300105 0.337694 0.662306 0.33146 0.337692 0.662308 
2328.4 0.582796 0.337495 0.662505 0.0576327 0.336932 0.663068 0.150429 0.337671 0.662329 0.0432215 0.337262 0.662738 0.251283 0.337432 0.662568 0.300121 0.33762 0.66238 0.331513 0.337536 0.662464 
2340.4 0.582514 0.33741 0.66259 0.0575465 0.337746 0.662254 0.150475 0.33731 0.66269 0.043203 0.337895 0.662105 0.251225 0.337493 0.662507 0.299927 0.3374 0.6626 0.331289 0.337317 0.662683 
2352.4 0.582435 0.33733 0.66267 0.0575855 0.337693 0.662307 0.150344 0.337478 0.662522 0.0432759 0.337439 0.662561 0.251206 0.337533 0.662467 0.299946 0.337203 0.662797 0.331229 0.337188 0.662812 
2364.4 0.582575 0.337491 0.662509 0.0575195 0.338046 0.661954 0.150421 0.337506 0.662494 0.0433045 0.337831 0.662169 0.251245 0.337693 0.662307 0.299999 0.337432 0.662568 0.33133 0.337346 0.662654 
2376.4 0.582454 0.337679 0.662321 0.0575226 0.337686 0.662314 0.150352 0.337722 0.662278 0.0432245 0.338018 0.661982 0.251099 0.33775 0.66225 0.300062 0.33766 0.66234 0.331356 0.337628 0.662372 
2388.4 0.582732 0.337586 0.662414 0.0575258 0.337582 0.662418 0.150416 0.337363 0.662637 0.0433042 0.337094 0.662906 0.251246 0.337379 0.662621 0.300139 0.337793 0.662207 0.331485 0.337722 0.662278 
2400.4 0.582783 0.33761 0.66239 0.0575936 0.337967 0.662033 0.150432 0.336923 0.663077 0.0432403 0.338113 0.661886 0.251266 0.337357 0.662643 0.300162 0.337809 0.662191 0.331517 0.337773 0.662227 
2412.4 0.582608 0.337636 0.662364 0.0575684 0.337649 0.662351 0.150445 0.336908 0.663092 0.0433333 0.337593 0.662407 0.251346 0.337294 0.662706 0.299911 0.33793 0.66207 0.331262 0.337897 0.662103 
2424.4 0.582738 0.337634 0.662366 0.057543 0.337617 0.662383 0.150452 0.337125 0.662875 0.0433376 0.337938 0.662062 0.251333 0.337447 0.662552 0.300016 0.337801 0.662199 0.331406 0.337779 0.662221 
2436.4 0.582519 0.337649 0.662351 0.0575288 0.337722 0.662278 0.150305 0.337503 0.662497 0.0432869 0.337852 0.662148 0.251121 0.337628 0.662372 0.3 0.337697 0.662303 0.331399 0.337675 0.662325 
2448.4 0.582638 0.337353 0.662647 0.0575657 0.337233 0.662767 0.150488 0.337129 0.662871 0.0433084 0.337033 0.662967 0.251363 0.337197 0.662803 0.299869 0.337461 0.662539 0.331275 0.337461 0.662539 
2460.4 0.582532 0.337507 0.662493 0.0575376 0.337602 0.662398 0.150384 0.337265 0.662735 0.0433136 0.337793 0.662207 0.251235 0.337458 0.662542 0.299939 0.33748 0.66252 0.331297 0.337526 0.662474 
2472.4 0.582793 0.337574 0.662426 0.0575655 0.337817 0.662183 0.150454 0.337168 0.662831 0.0433434 0.337343 0.662657 0.251363 0.337382 0.662618 0.300075 0.337679 0.662321 0.33143 0.337717 0.662283 
2484.4 0.582695 0.337629 0.662371 0.0575691 0.337479 0.662521 0.150408 0.337215 0.662785 0.0433069 0.3378 0.6622 0.251284 0.337413 0.662587 0.300007 0.337788 0.662212 0.331411 0.337806 0.662194 
2496.4 0.582676 0.337449 0.662551 0.0575514 0.337045 0.662955 0.150519 0.33704 0.66296 0.0433492 0.337147 0.662853 0.25142 0.33707 0.66293 0.299901 0.337691 0.662309 0.331256 0.337762 0.662238 
2508.4 0.582528 0.337433 0.662567 0.0574106 0.336992 0.663007 0.150437 0.337433 0.662567 0.0433209 0.336908 0.663092 0.251168 0.33722 0.66278 0.300027 0.337499 0.662501 0.331359 0.337576 0.662424 
2520.4 0.582639 0.337442 0.662558 0.0574492 0.336649 0.663351 0.150444 0.337535 0.662465 0.0432905 0.337467 0.662533 0.251184 0.337281 0.662719 0.300097 0.337505 0.662495 0.331455 0.337562 0.662438 
2532.4 0.582726 0.337403 0.662597 0.0574791 0.337053 0.662946 0.150567 0.337233 0.662767 0.04336 0.336921 0.663079 0.251406 0.337115 0.662885 0.29996 0.337692 0.662308 0.33132 0.337678 0.662322 
2544.4 0.582695 0.337395 0.662605 0.0575413 0.337253 0.662747 0.1504 0.337329 0.662671 0.0432937 0.336946 0.663054 0.251235 0.33726 0.66274 0.300127 0.337538 0.662462 0.331459 0.337526 0.662474 
2556.4 0.582527 0.33743 0.66257 0.0575102 0.337202 0.662798 0.150256 0.337377 0.662623 0.0433337 0.336642 0.663358 0.2511 0.33726 0.66274 0.300118 0.337511 0.662489 0.331427 0.337567 0.662433 
2568.4 0.582788 0.337442 0.662558 0.0575608 0.336951 0.663049 0.150407 0.337126 0.662874 0.0433105 0.337604 0.662396 0.251278 0.337199 0.662801 0.300127 0.337568 0.662432 0.33151 0.337619 0.662381 
2580.4 0.582613 0.337641 0.662359 0.0575431 0.337161 0.662839 0.150351 0.337452 0.662548 0.043383 0.337514 0.662486 0.251277 0.33744 0.66256 0.299953 0.337711 0.662289 0.331335 0.337788 0.662212 
2592.4 0.582652 0.33753 0.66247 0.0575348 0.3372 0.6628 0.15033 0.337377 0.662623 0.0433802 0.338092 0.661908 0.251245 0.337461 0.662539 0.300054 0.337509 0.662491 0.331407 0.337624 0.662376 
2604.4 0.582572 0.337394 0.662606 0.0575402 0.337337 0.662663 0.150371 0.336992 0.663008 0.0432917 0.337448 0.662552 0.251203 0.33717 0.66283 0.299984 0.337565 0.662435 0.331369 0.337568 0.662432 
2616.4 0.582501 0.337312 0.662688 0.0575173 0.337395 0.662605 0.150351 0.336999 0.663001 0.0432331 0.337027 0.662973 0.251101 0.337202 0.662798 0.300087 0.337375 0.662625 0.3314 0.337383 0.662617 
2628.4 0.582844 0.337216 0.662784 0.0575393 0.336944 0.663056 0.150473 0.337188 0.662812 0.0433404 0.336513 0.663487 0.251353 0.337019 0.662981 0.300203 0.33737 0.66263 0.331491 0.33739 0.66261 
2640.4 0.582714 0.337376 0.662624 0.0575194 0.337084 0.662916 0.150492 0.337249 0.662751 0.0432646 0.336051 0.663949 0.251276 0.337046 0.662954 0.300098 0.337724 0.662276 0.331437 0.337642 0.662358 
2652.4 0.582757 0.337513 0.662487 0.0575183 0.337428 0.662572 0.150349 0.337406 0.662594 0.0432999 0.336799 0.6632 0.251167 0.337315 0.662685 0.300253 0.337701 0.662299 0.331589 0.33765 0.66235 
2664.4 0.582805 0.337487 0.662513 0.0576698 0.337003 0.662997 0.150413 0.337114 0.662886 0.0432723 0.336883 0.663117 0.251355 0.337087 0.662913 0.300107 0.337749 0.662251 0.33145 0.337758 0.662242 
2676.4 0.58265 0.337408 0.662592 0.0576103 0.337613 0.662387 0.150334 0.33707 0.66293 0.0432745 0.336612 0.663388 0.251219 0.337188 0.662812 0.300094 0.337539 0.662461 0.331431 0.33758 0.66242 
2688.4 0.582537 0.337312 0.662688 0.0575966 0.337132 0.662868 0.150351 0.337134 0.662865 0.0432834 0.337084 0.662916 0.251231 0.337163 0.662837 0.299985 0.337417 0.662583 0.331305 0.337425 0.662575 
2700.4 0.582485 0.337382 0.662618 0.0575842 0.336814 0.663186 0.150449 0.337383 0.662617 0.0432402 0.337111 0.662889 0.251273 0.337213 0.662787 0.299905 0.337527 0.662473 0.331212 0.337482 0.662518 
2712.4 0.582712 0.337242 0.662758 0.057518 0.336946 0.663054 0.150576 0.337381 0.662619 0.0432784 0.336671 0.663329 0.251373 0.337183 0.662817 0.3 0.337373 0.662627 0.33134 0.33729 0.66271 
2724.4 0.582592 0.337326 0.662674 0.0576446 0.33731 0.66269 0.150485 0.337582 0.662418 0.0432958 0.336679 0.663321 0.251426 0.337373 0.662627 0.299848 0.337364 0.662636 0.331166 0.337305 0.662695 
2736.4 0.582555 0.337262 0.662738 0.0575215 0.337523 0.662477 0.15052 0.337408 0.662592 0.043298 0.336809 0.663191 0.25134 0.337358 0.662642 0.299902 0.337236 0.662764 0.331215 0.337185 0.662815 
2748.4 0.582586 0.337277 0.662723 0.0575382 0.336951 0.663048 0.150461 0.337537 0.662463 0.0432426 0.33704 0.66296 0.251242 0.337357 0.662643 0.299938 0.337373 0.662627 0.331344 0.337192 0.662808 
2760.4 0.582634 0.337358 0.662642 0.0576084 0.336881 0.663119 0.150519 0.337242 0.662758 0.0432694 0.336536 0.663464 0.251397 0.337037 0.662963 0.29994 0.337711 0.662289 0.331237 0.337587 0.662413 
2772.4 0.582629 0.337402 0.662598 0.0575985 0.336869 0.663131 0.150484 0.337281 0.662719 0.0432855 0.336317 0.663683 0.251368 0.337067 0.662933 0.299931 0.337825 0.662175 0.331261 0.337637 0.662363 
2784.4 0.582801 0.337398 0.662602 0.0575637 0.337571 0.662429 0.150384 0.337414 0.662586 0.0432613 0.33656 0.66344 0.251209 0.337314 0.662686 0.300282 0.337555 0.662445 0.331592 0.337424 0.662576 
2796.4 0.582736 0.337346 0.662654 0.0576697 0.336833 0.663167 0.150426 0.337122 0.662878 0.0432169 0.336311 0.663689 0.251313 0.337 0.663 0.300159 0.337639 0.662361 0.331423 0.337579 0.662421 
2808.4 0.58257 0.337429 0.662571 0.057551 0.337266 0.662734 0.150414 0.337286 0.662713 0.0432972 0.33634 0.66366 0.251262 0.337164 0.662836 0.29996 0.337729 0.662271 0.331308 0.337613 0.662387 
2820.4 0.582712 0.337526 0.662474 0.0576071 0.336994 0.663006 0.150507 0.337588 0.662412 0.0432167 0.336542 0.663458 0.251331 0.337333 0.662667 0.300024 0.337718 0.662282 0.331381 0.337659 0.662341 
2832.4 0.582629 0.337597 0.662403 0.0576311 0.337158 0.662842 0.150508 0.337463 0.662537 0.0432701 0.336174 0.663826 0.25141 0.337323 0.662677 0.299874 0.337825 0.662175 0.331219 0.33779 0.66221 
2844.4 0.582706 0.337354 0.662646 0.0576548 0.336481 0.663519 0.150441 0.337415 0.662585 0.0432281 0.336102 0.663898 0.251324 0.337062 0.662938 0.300054 0.33757 0.66243 0.331382 0.337579 0.662421 
2856.4 0.582724 0.337282 0.662718 0.0575639 0.336326 0.663674 0.150444 0.337526 0.662474 0.0432449 0.336188 0.663812 0.251252 0.337071 0.662929 0.300135 0.337521 0.662479 0.331471 0.337457 0.662543 
2868.4 0.582529 0.337468 0.662532 0.0575376 0.336758 0.663242 0.150486 0.337489 0.662511 0.0432551 0.336501 0.663499 0.251279 0.337237 0.662763 0.299947 0.337749 0.662251 0.33125 0.337652 0.662348 
2880.4 0.582709 0.337295 0.662705 0.0575706 0.337205 0.662795 0.150525 0.33728 0.66272 0.0432996 0.336477 0.663523 0.251395 0.337152 0.662848 0.300028 0.337553 0.662447 0.331315 0.337416 0.662584 
2892.4 0.582783 0.337213 0.662787 0.057627 0.337101 0.662899 0.150531 0.337181 0.662819 0.0433085 0.336433 0.663567 0.251466 0.33707 0.66293 0.299999 0.337483 0.662517 0.331316 0.337329 0.662671 
2904.4 0.582565 0.337476 0.662524 0.0575557 0.337528 0.662472 0.150401 0.337554 0.662446 0.0432424 0.336547 0.663453 0.251199 0.337449 0.662551 0.300052 0.337566 0.662434 0.331366 0.3375 0.6625 
2916.4 0.582682 0.337433 0.662567 0.0575676 0.337262 0.662738 0.150364 0.337637 0.662363 0.0433673 0.335811 0.664189 0.251299 0.337335 0.662665 0.300032 0.337535 0.662465 0.331383 0.337508 0.662492 
2928.4 0.582714 0.337483 0.662517 0.0575886 0.337096 0.662904 0.150468 0.337366 0.662634 0.0433125 0.336766 0.663234 0.251369 0.337298 0.662702 0.299972 0.337591 0.662409 0.331345 0.337632 0.662368 
2940.4 0.58283 0.337432 0.662568 0.0576112 0.337413 0.662587 0.150533 0.337287 0.662713 0.0432812 0.336468 0.663532 0.251425 0.337237 0.662763 0.300032 0.337593 0.662407 0.331405 0.337618 0.662382 
2952.4 0.582688 0.337366 0.662634 0.0575827 0.337198 0.662802 0.150372 0.33752 0.66248 0.043237 0.335995 0.664005 0.251192 0.337242 0.662758 0.300127 0.337505 0.662495 0.331496 0.337484 0.662516 
2964.4 0.582617 0.337253 0.662747 0.0575279 0.336887 0.663113 0.150366 0.337127 0.662873 0.0433108 0.336276 0.663724 0.251205 0.336956 0.663044 0.300053 0.337442 0.662558 0.331412 0.337483 0.662517 
2976.4 0.582811 0.337125 0.662875 0.0575846 0.336608 0.663392 0.150402 0.336861 0.663139 0.0433415 0.3368 0.6632 0.251328 0.336792 0.663208 0.300043 0.337355 0.662645 0.331483 0.33736 0.66264 
2988.4 0.582712 0.337169 0.662831 0.057521 0.336433 0.663567 0.150321 0.337043 0.662957 0.0433014 0.337033 0.662966 0.251143 0.336893 0.663107 0.300158 0.33725 0.66275 0.331568 0.337344 0.662656 
3000.4 0.582595 0.337268 0.662732 0.0574386 0.336377 0.663623 0.150322 0.337254 0.662746 0.0433522 0.336092 0.663908 0.251113 0.336872 0.663128 0.300078 0.337468 0.662532 0.331482 0.337563 0.662437 
3012.4 0.582703 0.337289 0.662711 0.0575502 0.336537 0.663462 0.150448 0.337046 0.662954 0.0432896 0.336444 0.663556 0.251288 0.336828 0.663172 0.300065 0.337685 0.662315 0.331415 0.337649 0.662351 
3024.4 0.582675 0.337282 0.662718 0.057489 0.337182 0.662818 0.150414 0.337087 0.662913 0.0433156 0.33617 0.66383 0.251218 0.336959 0.663041 0.300183 0.33763 0.66237 0.331457 0.337533 0.662467 
3036.4 0.582657 0.337203 0.662797 0.0575999 0.337057 0.662943 0.150396 0.337052 0.662948 0.0432387 0.336201 0.663799 0.251234 0.336907 0.663093 0.300135 0.337573 0.662427 0.331423 0.337397 0.662603 
3048.4 0.582721 0.337121 0.662879 0.057543 0.337214 0.662786 0.150491 0.337069 0.662931 0.0432289 0.335929 0.664071 0.251262 0.336939 0.663061 0.300168 0.337387 0.662613 0.331458 0.33724 0.66276 
3060.4 0.582704 0.337194 0.662806 0.0575132 0.336986 0.663014 0.150471 0.337296 0.662704 0.0432283 0.336171 0.663829 0.251213 0.337083 0.662917 0.300186 0.33741 0.66259 0.331492 0.337268 0.662732 
3072.4 0.582774 0.337225 0.662775 0.0575982 0.336559 0.663441 0.150419 0.337292 0.662708 0.0432739 0.336761 0.663239 0.251291 0.337057 0.662943 0.300191 0.337445 0.662555 0.331483 0.337336 0.662664 
3084.4 0.582586 0.33719 0.66281 0.0575206 0.336722 0.663278 0.15047 0.336983 0.663017 0.0432837 0.336873 0.663127 0.251275 0.336956 0.663044 0.300034 0.337456 0.662544 0.331311 0.337376 0.662624 
3096.4 0.582627 0.337111 0.662889 0.057565 0.336909 0.663091 0.150555 0.336975 0.663025 0.0432946 0.336645 0.663355 0.251414 0.336943 0.663057 0.299859 0.337336 0.662664 0.331213 0.337252 0.662748 
3108.4 0.582667 0.337151 0.662849 0.0576315 0.336427 0.663573 0.150557 0.337203 0.662797 0.0432639 0.336966 0.663034 0.251453 0.33703 0.66297 0.299862 0.337293 0.662707 0.331214 0.337255 0.662745 
3120.4 0.582602 0.337163 0.662837 0.0575321 0.336589 0.663411 0.150475 0.337258 0.662742 0.0432929 0.33659 0.66341 0.2513 0.337011 0.662989 0.299962 0.337354 0.662646 0.331302 0.337283 0.662717 
3132.4 0.582641 0.336978 0.663022 0.0575116 0.335696 0.664304 0.150557 0.336735 0.663265 0.0432515 0.336761 0.663239 0.25132 0.336521 0.663479 0.300027 0.337478 0.662522 0.33132 0.337363 0.662637 
3144.4 0.582692 0.336847 0.663153 0.0574824 0.336297 0.663703 0.150521 0.336407 0.663593 0.043291 0.336024 0.663976 0.251294 0.336358 0.663642 0.30006 0.337381 0.662619 0.331397 0.337203 0.662796 
3156.4 0.58256 0.336898 0.663102 0.0575681 0.336838 0.663161 0.150437 0.336662 0.663338 0.0432679 0.335769 0.664231 0.251273 0.336568 0.663432 0.299984 0.33726 0.66274 0.331288 0.337156 0.662844 
3168.4 0.582822 0.336919 0.663081 0.0576114 0.336483 0.663517 0.15059 0.33683 0.66317 0.0432752 0.336023 0.663977 0.251477 0.336659 0.663341 0.300018 0.337226 0.662774 0.331345 0.337145 0.662855 
3180.4 0.58241 0.337174 0.662826 0.0574652 0.337123 0.662877 0.150469 0.337202 0.662798 0.0432248 0.336046 0.663954 0.251159 0.33706 0.66294 0.2999 0.337297 0.662703 0.331251 0.337258 0.662742 
3192.4 0.582701 0.337011 0.662989 0.0576013 0.336278 0.663722 0.150466 0.337348 0.662652 0.0432184 0.33545 0.66455 0.251285 0.336824 0.663176 0.30005 0.337101 0.662899 0.331415 0.337139 0.662861 
3204.4 0.582732 0.337017 0.662983 0.0575084 0.337011 0.662989 0.150556 0.337103 0.662896 0.0432464 0.334976 0.665024 0.251311 0.336802 0.663198 0.300063 0.337137 0.662863 0.331422 0.337181 0.662819 
3216.4 0.582541 0.33713 0.66287 0.0574846 0.337087 0.662913 0.150483 0.337058 0.662942 0.0432208 0.335795 0.664205 0.251189 0.336973 0.663027 0.30002 0.337205 0.662795 0.331352 0.337251 0.662749 
3228.4 0.582773 0.336978 0.663022 0.057555 0.3366 0.6634 0.150534 0.337141 0.662859 0.0432469 0.335733 0.664267 0.251336 0.336837 0.663162 0.300088 0.337075 0.662925 0.331438 0.337066 0.662934 
3240.4 0.582642 0.337083 0.662917 0.0574891 0.336178 0.663822 0.150536 0.337348 0.662652 0.0432752 0.335627 0.664373 0.251301 0.336847 0.663153 0.300017 0.337268 0.662732 0.331341 0.337212 0.662788 
3252.4 0.582739 0.337092 0.662908 0.0575239 0.336452 0.663548 0.150591 0.337088 0.662911 0.0432952 0.336318 0.663682 0.25141 0.336852 0.663148 0.299966 0.337363 0.662637 0.331329 0.337271 0.662729 
3264.4 0.582987 0.337093 0.662907 0.0575846 0.336946 0.663054 0.150616 0.336954 0.663046 0.043241 0.33686 0.66314 0.251441 0.336991 0.663009 0.300191 0.337216 0.662784 0.331546 0.337166 0.662834 
3276.4 0.582584 0.337342 0.662658 0.0575385 0.336545 0.663455 0.150492 0.337451 0.662549 0.0432767 0.336366 0.663634 0.251307 0.337158 0.662842 0.299958 0.33755 0.66245 0.331277 0.337474 0.662526 
3288.4 0.582687 0.337288 0.662712 0.0575156 0.336582 0.663418 0.150509 0.337481 0.662519 0.0432692 0.336315 0.663685 0.251294 0.337154 0.662846 0.300085 0.337483 0.662517 0.331393 0.337374 0.662626 
3300.4 0.582728 0.337222 0.662778 0.0575331 0.336575 0.663425 0.150519 0.337272 0.662728 0.0432615 0.336868 0.663132 0.251314 0.337088 0.662912 0.300198 0.337394 0.662606 0.331415 0.337309 0.662691 
3312.4 0.582619 0.337214 0.662785 0.0575508 0.33722 0.66278 0.150461 0.337155 0.662845 0.0432398 0.336695 0.663305 0.251251 0.337156 0.662844 0.300056 0.337375 0.662625 0.331368 0.337227 0.662773 
3324.4 0.582909 0.337089 0.662911 0.0576134 0.337329 0.662671 0.150555 0.336941 0.663059 0.0432757 0.335741 0.664259 0.251444 0.336879 0.663121 0.300102 0.337291 0.662709 0.331466 0.337223 0.662777 
3336.4 0.582676 0.33719 0.66281 0.057477 0.337166 0.662834 0.150441 0.337354 0.662646 0.0432449 0.336085 0.663915 0.251163 0.337179 0.662821 0.300171 0.337161 0.662839 0.331514 0.337172 0.662828 
3348.4 0.582714 0.33717 0.66283 0.0574811 0.336594 0.663406 0.150484 0.337469 0.662531 0.043245 0.336262 0.663738 0.25121 0.337131 0.662869 0.300126 0.337262 0.662738 0.331503 0.337196 0.662804 
3360.4 0.58278 0.337148 0.662852 0.0575348 0.33678 0.66322 0.150553 0.337319 0.662681 0.043312 0.33616 0.66384 0.2514 0.337062 0.662938 0.300123 0.337254 0.662745 0.33138 0.337242 0.662758 
3372.4 0.582641 0.337068 0.662932 0.0575217 0.336828 0.663172 0.15059 0.33692 0.66308 0.0432782 0.336846 0.663154 0.25139 0.33688 0.66312 0.299955 0.337273 0.662727 0.331251 0.337213 0.662787 
3384.4 0.582811 0.337037 0.662963 0.0575009 0.337197 0.662803 0.150584 0.336721 0.663279 0.0433421 0.337032 0.662968 0.251427 0.336854 0.663146 0.300059 0.337283 0.662717 0.331384 0.337211 0.662789 
3396.4 0.582765 0.337124 0.662876 0.0575657 0.336903 0.663097 0.150434 0.337035 0.662965 0.0433497 0.336508 0.663492 0.25135 0.3369 0.6631 0.300088 0.337391 0.662609 0.331415 0.337313 0.662687 
3408.4 0.582901 0.337 0.663 0.0575081 0.33655 0.66345 0.150634 0.336603 0.663397 0.0433229 0.33631 0.66369 0.251465 0.336537 0.663463 0.3001 0.337463 0.662537 0.331436 0.337388 0.662612 
3420.4 0.582596 0.337051 0.662949 0.0575347 0.335975 0.664025 0.150456 0.336784 0.663216 0.0432795 0.336356 0.663644 0.25127 0.336568 0.663432 0.300018 0.3375 0.6625 0.331326 0.337426 0.662574 
3432.4 0.582614 0.336932 0.663068 0.057494 0.336432 0.663568 0.150528 0.336532 0.663468 0.0432418 0.336724 0.663276 0.251264 0.336641 0.663359 0.300013 0.337228 0.662772 0.33135 0.337149 0.662851 
3444.4 0.582772 0.336774 0.663226 0.0575266 0.336628 0.663372 0.150644 0.33642 0.66358 0.04331 0.336112 0.663888 0.251481 0.336428 0.663572 0.29999 0.337074 0.662926 0.331292 0.337055 0.662945 
3456.4 0.582781 0.336914 0.663086 0.0575739 0.336444 0.663556 0.150551 0.336532 0.663468 0.0433358 0.336485 0.663515 0.251461 0.336513 0.663487 0.300007 0.337204 0.662796 0.331321 0.337172 0.662828 
3468.4 0.582777 0.337014 0.662986 0.0575019 0.337394 0.662606 0.150521 0.336296 0.663704 0.0433061 0.336641 0.663359 0.251328 0.336595 0.663405 0.300156 0.33731 0.66269 0.331449 0.337262 0.662738 
3480.4 0.582807 0.337086 0.662914 0.0576077 0.337378 0.662622 0.150462 0.336492 0.663508 0.0433031 0.336458 0.663542 0.251373 0.336731 0.663269 0.300132 0.337408 0.662592 0.331434 0.337315 0.662685 
3492.4 0.58257 0.337014 0.662986 0.0575721 0.33649 0.66351 0.150438 0.336756 0.663244 0.0433054 0.336277 0.663723 0.251315 0.336655 0.663345 0.299982 0.337409 0.662591 0.331254 0.337277 0.662723 
3504.4 0.582618 0.336972 0.663028 0.0575127 0.336621 0.663379 0.150501 0.336719 0.663281 0.0433029 0.336037 0.663963 0.251316 0.336654 0.663345 0.300069 0.337294 0.662706 0.331302 0.337195 0.662805 
3516.4 0.582607 0.337066 0.662934 0.0575075 0.337321 0.662679 0.150506 0.336832 0.663168 0.0432552 0.336454 0.663546 0.251269 0.336925 0.663075 0.300034 0.337307 0.662693 0.331338 0.337144 0.662856 
3528.4 0.582674 0.337199 0.662801 0.0575887 0.33722 0.66278 0.150472 0.337067 0.662933 0.0432526 0.33655 0.66345 0.251313 0.337048 0.662952 0.300041 0.337426 0.662574 0.331361 0.337292 0.662708 
3540.4 0.582678 0.337256 0.662744 0.0575734 0.337534 0.662466 0.150544 0.337272 0.662728 0.0432577 0.336179 0.663821 0.251375 0.337152 0.662848 0.300005 0.337369 0.662631 0.331303 0.337299 0.662701 
3552.4 0.582721 0.3371 0.6629 0.0575478 0.336804 0.663196 0.150654 0.337053 0.662947 0.0432318 0.336289 0.663711 0.251434 0.33692 0.66308 0.299997 0.337242 0.662758 0.331287 0.337212 0.662788 
3564.4 0.582866 0.337038 0.662962 0.0575178 0.337138 0.662862 0.150587 0.33714 0.66286 0.0432641 0.337114 0.662886 0.251368 0.337154 0.662846 0.300218 0.336984 0.663016 0.331498 0.336947 0.663053 
3576.4 0.582596 0.337207 0.662792 0.0574909 0.337167 0.662833 0.150608 0.337365 0.662635 0.0433056 0.336846 0.663154 0.251404 0.3372 0.6628 0.299922 0.337208 0.662792 0.331192 0.337167 0.662833 
3588.4 0.582621 0.337284 0.662716 0.0575008 0.337143 0.662857 0.150531 0.33759 0.66241 0.0432731 0.336869 0.663131 0.251305 0.337386 0.662614 0.300019 0.337239 0.662761 0.331316 0.337198 0.662802 
3600.4 0.582814 0.337267 0.662733 0.057557 0.337092 0.662908 0.150634 0.337184 0.662816 0.043306 0.336762 0.663238 0.251497 0.337144 0.662856 0.300032 0.337337 0.662662 0.331317 0.337347 0.662653 
3612.4 0.582679 0.337289 0.662711 0.0575741 0.336934 0.663066 0.150562 0.337168 0.662832 0.0432675 0.336224 0.663776 0.251403 0.337017 0.662983 0.299973 0.337455 0.662545 0.331276 0.33747 0.66253 
3624.4 0.582743 0.337227 0.662773 0.0575719 0.337344 0.662656 0.15066 0.337152 0.662848 0.0432533 0.335739 0.664261 0.251485 0.336991 0.663009 0.299939 0.337476 0.662524 0.331258 0.337386 0.662614 
3636.4 0.582986 0.33713 0.66287 0.0576524 0.336998 0.663002 0.150765 0.337165 0.662835 0.0432609 0.335855 0.664145 0.251679 0.336982 0.663018 0.300027 0.337276 0.662724 0.331307 0.337207 0.662793 
3648.4 0.582681 0.337361 0.662639 0.0575352 0.337433 0.662567 0.15062 0.337726 0.662274 0.0432457 0.33611 0.66389 0.251401 0.33744 0.66256 0.300013 0.337397 0.662603 0.33128 0.33731 0.66269 
3660.4 0.582774 0.337302 0.662698 0.057595 0.33699 0.66301 0.150611 0.3376 0.6624 0.0433113 0.336319 0.663681 0.251517 0.337258 0.662742 0.30001 0.337341 0.662659 0.331256 0.337321 0.662679 
3672.4 0.582666 0.337306 0.662694 0.0576264 0.33718 0.66282 0.150535 0.337517 0.662483 0.0433081 0.336241 0.663759 0.251469 0.33726 0.66274 0.299914 0.337384 0.662616 0.331196 0.337326 0.662674 
3684.4 0.582678 0.337221 0.662779 0.0575679 0.337122 0.662878 0.150511 0.337409 0.662591 0.0433293 0.335632 0.664368 0.251409 0.337094 0.662906 0.299968 0.337404 0.662596 0.33127 0.337312 0.662688 
3696.4 0.582724 0.337255 0.662745 0.0576146 0.336806 0.663194 0.150558 0.337497 0.662503 0.0432434 0.336698 0.663302 0.251416 0.337231 0.662769 0.300077 0.337311 0.662689 0.331308 0.337276 0.662724 
3708.4 0.582901 0.337279 0.662721 0.0577022 0.337341 0.662659 0.150606 0.337465 0.662535 0.0432637 0.337253 0.662747 0.251572 0.337353 0.662647 0.300048 0.337295 0.662705 0.331329 0.337224 0.662776 
3720.4 0.582885 0.337246 0.662754 0.0576353 0.338045 0.661955 0.150487 0.337248 0.662752 0.0433084 0.33684 0.66316 0.25143 0.337319 0.662681 0.300148 0.337277 0.662723 0.331455 0.337165 0.662835 
3732.4 0.582779 0.337168 0.662832 0.0576305 0.336904 0.663096 0.150525 0.33676 0.66324 0.0432664 0.337001 0.662999 0.251422 0.336859 0.663141 0.300111 0.337377 0.662623 0.331357 0.337348 0.662652 
3744.4 0.582523 0.337169 0.662831 0.0575507 0.336439 0.663561 0.150522 0.336781 0.663219 0.0432717 0.337356 0.662644 0.251345 0.336852 0.663148 0.299932 0.337425 0.662575 0.331179 0.33739 0.66261 
3756.4 0.582748 0.337052 0.662948 0.0575641 0.336405 0.663595 0.150471 0.336914 0.663086 0.0433086 0.337027 0.662973 0.251344 0.336914 0.663086 0.300139 0.337156 0.662844 0.331404 0.337123 0.662877 
3768.4 0.582756 0.337199 0.662801 0.0575434 0.337 0.663 0.150474 0.337026 0.662974 0.0433232 0.337107 0.662893 0.25134 0.33702 0.662979 0.300132 0.337329 0.662671 0.331415 0.337328 0.662672 
3780.4 0.58276 0.337321 0.662679 0.057607 0.336527 0.663473 0.150485 0.337079 0.662921 0.043307 0.33731 0.66269 0.251399 0.337032 0.662968 0.300058 0.33751 0.66249 0.331361 0.337513 0.662487 
3792.4 0.582753 0.337359 0.662641 0.0575587 0.33619 0.66381 0.150484 0.337158 0.662842 0.04333 0.337259 0.662741 0.251373 0.337027 0.662973 0.300052 0.337557 0.662443 0.33138 0.337586 0.662414 
3804.4 0.582737 0.337329 0.662671 0.057461 0.336973 0.663027 0.150539 0.337147 0.662853 0.0433237 0.337481 0.662519 0.251324 0.337228 0.662772 0.300096 0.337372 0.662628 0.331413 0.337388 0.662612 
3816.4 0.582815 0.337261 0.662739 0.0575233 0.336876 0.663124 0.150526 0.33734 0.66266 0.0433585 0.337419 0.662581 0.251408 0.337365 0.662635 0.300087 0.337224 0.662776 0.331407 0.337175 0.662825 
3828.4 0.582685 0.33731 0.662689 0.0576124 0.33676 0.66324 0.150588 0.337242 0.662758 0.0433504 0.336852 0.663148 0.251551 0.337225 0.662775 0.299868 0.33746 0.66254 0.331134 0.337412 0.662588 
3840.4 0.582906 0.337288 0.662712 0.0576433 0.33689 0.66311 0.150544 0.337383 0.662617 0.0433613 0.337286 0.662714 0.251549 0.337359 0.662641 0.300044 0.337336 0.662664 0.331357 0.337265 0.662735 
3852.4 0.58266 0.33731 0.66269 0.0575121 0.337187 0.662813 0.150583 0.337089 0.662911 0.043354 0.33654 0.66346 0.251449 0.33713 0.66287 0.299882 0.337502 0.662498 0.331211 0.337424 0.662576 
3864.4 0.582754 0.337143 0.662857 0.0575632 0.336517 0.663483 0.150515 0.336995 0.663005 0.0432584 0.336861 0.663139 0.251336 0.336955 0.663045 0.300137 0.337292 0.662708 0.331417 0.337311 0.662689 
3876.4 0.5828 0.337054 0.662946 0.0575695 0.336489 0.663511 0.150567 0.337044 0.662956 0.0432713 0.336648 0.663352 0.251408 0.336897 0.663103 0.300095 0.337232 0.662768 0.331393 0.337187 0.662813 
3888.4 0.582581 0.337236 0.662764 0.0574935 0.336902 0.663098 0.150558 0.337225 0.662775 0.0433432 0.33621 0.66379 0.251395 0.337075 0.662925 0.299899 0.337465 0.662535 0.331186 0.33736 0.66264 
3900.4 0.582665 0.337358 0.662642 0.0575838 0.337187 0.662813 0.150507 0.337549 0.662451 0.0433169 0.337177 0.662823 0.251408 0.337401 0.662598 0.300009 0.337398 0.662602 0.331258 0.337353 0.662647 
3912.4 0.582936 0.337238 0.662762 0.0576598 0.337045 0.662955 0.150564 0.337489 0.662511 0.0433354 0.336447 0.663553 0.251559 0.337275 0.662725 0.300087 0.337287 0.662713 0.331377 0.33723 0.66277 
3924.4 0.582885 0.337176 0.662824 0.0576088 0.337045 0.662955 0.150601 0.337456 0.662544 0.0433021 0.336531 0.663469 0.251512 0.337275 0.662725 0.300081 0.337159 0.662841 0.331374 0.337127 0.662873 
3936.4 0.582714 0.3372 0.6628 0.0575233 0.337548 0.662452 0.150615 0.337422 0.662578 0.0432737 0.33671 0.66329 0.251412 0.337363 0.662637 0.299994 0.337133 0.662867 0.331302 0.337113 0.662887 
3948.4 0.582896 0.337273 0.662727 0.0575391 0.337194 0.662806 0.150628 0.337421 0.662579 0.0433086 0.336768 0.663232 0.251475 0.337307 0.662693 0.300117 0.337304 0.662696 0.33142 0.337289 0.662711 
3960.4 0.582939 0.33741 0.66259 0.0575793 0.337326 0.662674 0.150523 0.337279 0.662721 0.0433242 0.337065 0.662935 0.251426 0.337299 0.662701 0.300225 0.337516 0.662484 0.331513 0.337505 0.662495 
3972.4 0.582937 0.337185 0.662815 0.0575688 0.337184 0.662816 0.150568 0.336704 0.663296 0.0433086 0.336758 0.663242 0.251445 0.336876 0.663124 0.300227 0.337429 0.662571 0.331492 0.337413 0.662587 
3984.4 0.58262 0.337204 0.662796 0.0575138 0.337061 0.662939 0.150509 0.336972 0.663028 0.0432803 0.337073 0.662927 0.251303 0.336994 0.663006 0.300074 0.33742 0.66258 0.331316 0.337368 0.662632 
3996.4 0.582448 0.337276 0.662724 0.0575597 0.336121 0.663879 0.150465 0.337508 0.662492 0.0432529 0.336842 0.663158 0.251277 0.337134 0.662866 0.299887 0.337541 0.662459 0.331171 0.337404 0.662596 
4008.4 0.582693 0.337024 0.662976 0.0575247 0.336193 0.663807 0.150633 0.337151 0.662849 0.0432509 0.336357 0.663643 0.251409 0.336888 0.663112 0.300041 0.337227 0.662773 0.331284 0.337133 0.662867 
4020.4 0.58273 0.336974 0.663026 0.0575609 0.336003 0.663997 0.150547 0.337059 0.662941 0.0432658 0.336256 0.663744 0.251374 0.336742 0.663258 0.300073 0.337235 0.662765 0.331357 0.337129 0.662871 
4032.4 0.582711 0.337084 0.662916 0.057543 0.336504 0.663496 0.150481 0.337075 0.662925 0.043292 0.336266 0.663734 0.251316 0.336866 0.663134 0.300079 0.337359 0.662641 0.331396 0.337255 0.662745 
4044.4 0.582669 0.337099 0.662901 0.057527 0.337212 0.662788 0.150441 0.336957 0.663043 0.0433073 0.33678 0.66322 0.251275 0.337071 0.662929 0.300114 0.337124 0.662876 0.331394 0.337127 0.662873 
4056.4 0.582883 0.337054 0.662946 0.0575955 0.337112 0.662888 0.150541 0.336948 0.663052 0.0433284 0.33722 0.66278 0.251465 0.337098 0.662902 0.300059 0.337043 0.662957 0.331418 0.337015 0.662985 
4068.4 0.58298 0.337144 0.662856 0.0575713 0.337202 0.662798 0.150654 0.337052 0.662948 0.0433301 0.337125 0.662875 0.251555 0.337166 0.662834 0.300125 0.337072 0.662928 0.331424 0.337112 0.662888 
4080.4 0.582728 0.337218 0.662782 0.0575282 0.336891 0.663109 0.150482 0.337407 0.662593 0.0433351 0.33692 0.66308 0.251346 0.337295 0.662705 0.300074 0.337166 0.662834 0.331382 0.337155 0.662845 
4092.4 0.582758 0.337137 0.662863 0.0575117 0.337061 0.662939 0.150719 0.336805 0.663195 0.0433435 0.337534 0.662466 0.251574 0.337024 0.662976 0.299915 0.337312 0.662688 0.331184 0.337272 0.662728 
4104.4 0.582782 0.33705 0.66295 0.0575533 0.337095 0.662905 0.150619 0.336921 0.663079 0.0433801 0.337137 0.662863 0.251552 0.33709 0.66291 0.299929 0.337077 0.662923 0.33123 0.337054 0.662946 
4116.4 0.582887 0.33691 0.66309 0.0575009 0.336883 0.663117 0.150587 0.336934 0.663066 0.0432923 0.33811 0.66189 0.25138 0.337181 0.662819 0.300132 0.336757 0.663242 0.331507 0.336736 0.663264 
4128.4 0.582402 0.337131 0.662869 0.0575371 0.337053 0.662947 0.150613 0.336853 0.663147 0.0432866 0.337516 0.662484 0.251437 0.337093 0.662907 0.299681 0.337184 0.662816 0.330965 0.337215 0.662785 
4140.4 0.58271 0.337016 0.662984 0.0575724 0.337246 0.662754 0.150646 0.336995 0.663005 0.0432834 0.33699 0.66301 0.251502 0.337114 0.662886 0.299903 0.336978 0.663022 0.331208 0.337 0.663 
4152.4 0.582758 0.336991 0.663009 0.0576399 0.337567 0.662433 0.150649 0.337005 0.662995 0.0431983 0.336883 0.663117 0.251487 0.337167 0.662833 0.299983 0.33687 0.66313 0.331271 0.336927 0.663073 
4164.4 0.582544 0.337232 0.662768 0.0575193 0.337757 0.662243 0.150636 0.336964 0.663036 0.0432908 0.336948 0.663052 0.251446 0.337167 0.662833 0.299775 0.337361 0.662639 0.331098 0.337333 0.662667 
4176.4 0.582864 0.337055 0.662945 0.0576106 0.337061 0.662939 0.150642 0.33693 0.66307 0.0433084 0.337372 0.662628 0.251561 0.337021 0.662979 0.299975 0.337156 0.662844 0.331304 0.3371 0.6629 
4188.4 0.582843 0.337114 0.662886 0.0576028 0.33683 0.66317 0.150644 0.337078 0.662922 0.0432835 0.337105 0.662895 0.251531 0.337085 0.662915 0.300047 0.337111 0.662889 0.331312 0.337106 0.662894 
4200.4 0.582595 0.337222 0.662778 0.0575272 0.336967 0.663033 0.150498 0.337383 0.662617 0.0432406 0.33672 0.66328 0.251266 0.337224 0.662776 0.300017 0.337228 0.662772 0.331329 0.337193 0.662807 
4212.4 0.582608 0.337143 0.662857 0.0576216 0.33651 0.66349 0.150595 0.337206 0.662794 0.0432557 0.336288 0.663711 0.251473 0.3369 0.6631 0.299859 0.33734 0.66266 0.331136 0.337303 0.662696 
4224.4 0.582683 0.337108 0.662892 0.0576233 0.336797 0.663203 0.150508 0.337393 0.662607 0.0432216 0.33648 0.66352 0.251353 0.337134 0.662866 0.300069 0.337074 0.662926 0.33133 0.337087 0.662913 
4236.4 0.582796 0.337193 0.662807 0.0575884 0.336961 0.663039 0.150649 0.337375 0.662625 0.0432553 0.336625 0.663375 0.251493 0.337187 0.662813 0.300014 0.337163 0.662837 0.331303 0.337201 0.662799 
4248.4 0.582907 0.3372 0.6628 0.0575468 0.337258 0.662742 0.150659 0.337471 0.662529 0.0432471 0.336501 0.663499 0.251452 0.337299 0.662701 0.300133 0.337061 0.662939 0.331454 0.337127 0.662873 
4260.4 0.58294 0.337083 0.662917 0.0575933 0.336628 0.663372 0.150543 0.337548 0.662452 0.043295 0.336137 0.663863 0.251431 0.337103 0.662897 0.300179 0.337111 0.662889 0.331509 0.337116 0.662884 
4272.4 0.582551 0.337135 0.662865 0.0575253 0.33702 0.66298 0.150618 0.336892 0.663108 0.0432445 0.336738 0.663262 0.251388 0.336882 0.663118 0.299899 0.337397 0.662603 0.331163 0.337364 0.662636 
4284.4 0.582763 0.336952 0.663048 0.0575529 0.337162 0.662838 0.150575 0.33677 0.66323 0.0431993 0.336479 0.663521 0.251327 0.336857 0.663143 0.300134 0.337123 0.662877 0.331436 0.337031 0.662969 
4296.4 0.58262 0.337023 0.662977 0.0575688 0.337647 0.662353 0.150412 0.336984 0.663016 0.0432333 0.33602 0.663979 0.251214 0.336955 0.663045 0.300147 0.337187 0.662813 0.331406 0.337117 0.662883 
4308.4 0.58268 0.336986 0.663014 0.057586 0.337315 0.662685 0.150614 0.336478 0.663522 0.0432666 0.336295 0.663705 0.251466 0.33669 0.66331 0.299969 0.337308 0.662692 0.331213 0.337241 0.662759 
4320.4 0.582735 0.336996 0.663004 0.0575865 0.337005 0.662995 0.150592 0.3369 0.6631 0.0432032 0.336696 0.663304 0.251381 0.336958 0.663042 0.300057 0.337143 0.662857 0.331353 0.337042 0.662958 
4332.4 0.582733 0.337083 0.662865 0.0576115 0.336833 0.663115 0.150644 0.337041 0.662907 0.043357 0.335883 0.664065 0.251508 0.336905 0.663043 0.30003 0.337295 0.662653 0.331277 0.337228 0.66272 
4344.4 0.582896 0.336994 0.662954 0.0575937 0.336726 0.663222 0.150729 0.336799 0.663148 0.0433305 0.337191 0.662757 0.251549 0.336892 0.663056 0.300109 0.337142 0.662806 0.331399 0.337053 0.662895 
4356.4 0.582959 0.337012 0.662936 0.0576041 0.33704 0.662907 0.1507 0.337078 0.66287 0.0433322 0.337063 0.662885 0.251532 0.337108 0.66284 0.300187 0.336987 0.66296 0.331479 0.336917 0.663031 
4368.4 0.582975 0.337086 0.662809 0.0576676 0.336692 0.663204 0.150778 0.337162 0.662734 0.0433932 0.336931 0.662964 0.25163 0.337069 0.662827 0.300194 0.337114 0.662782 0.331448 0.337051 0.662845 
4380.4 0.582782 0.337107 0.662789 0.0576865 0.336386 0.66351 0.150543 0.337364 0.662532 0.0433753 0.336637 0.663258 0.251397 0.337077 0.662819 0.300205 0.337213 0.662683 0.33149 0.337139 0.662757 
4392.4 0.583064 0.336889 0.663007 0.0577215 0.336551 0.663345 0.150709 0.33656 0.663336 0.0433386 0.337207 0.662689 0.25156 0.33665 0.663246 0.300315 0.337098 0.662798 0.331608 0.33707 0.662826 
4404.4 0.582747 0.336943 0.662953 0.0576142 0.336747 0.663149 0.150604 0.336725 0.663171 0.043317 0.336439 0.663457 0.251327 0.336749 0.663147 0.300202 0.337143 0.662753 0.331525 0.337095 0.662801 
4416.4 0.582668 0.336902 0.662941 0.0577272 0.335803 0.66404 0.150621 0.336831 0.663013 0.0433705 0.33606 0.663784 0.251406 0.336562 0.663282 0.300151 0.337113 0.662731 0.331418 0.337153 0.66269 
4428.4 0.583013 0.336801 0.662835 0.0579569 0.335865 0.66377 0.150878 0.336735 0.6629 0.0435827 0.336549 0.663086 0.251688 0.336532 0.663103 0.300391 0.336941 0.662694 0.331689 0.336996 0.66264 
4440.4 0.58331 0.336752 0.662467 0.0583827 0.336675 0.662544 0.151217 0.336594 0.662625 0.0439835 0.33663 0.662589 0.252021 0.336688 0.662531 0.300777 0.336813 0.662406 0.33207 0.336823 0.662396 
4452.4 0.583269 0.336742 0.662165 0.058644 0.336398 0.662508 0.151458 0.336552 0.662354 0.0443525 0.335696 0.66321 0.252267 0.336488 0.662419 0.30086 0.337033 0.661873 0.332095 0.336988 0.661918 
4464.4 0.583225 0.336649 0.662206 0.0586238 0.335785 0.663069 0.151498 0.336615 0.662239 0.0443366 0.336336 0.662518 0.252166 0.336481 0.662373 0.301012 0.336866 0.661988 0.332205 0.336789 0.662065 
4476.4 0.583456 0.336422 0.662328 0.058762 0.335841 0.662909 0.151626 0.336363 0.662387 0.0444379 0.336562 0.662188 0.252326 0.336341 0.662409 0.301119 0.336638 0.662112 0.33238 0.336504 0.662246 
4488.4 48.9343 0.336275 0.66185 7.00776 0.336364 0.661761 17.1573 0.336259 0.661866 4.14767 0.335955 0.66217 28.309 0.336329 0.661796 19.4714 0.336353 0.661772 20.6273 0.336261 0.661864 
4500.4 0.583635 0.336167 0.661645 0.0596363 0.335955 0.661857 0.152352 0.336016 0.661797 0.0453097 0.335654 0.662158 0.252923 0.335995 0.661817 0.301689 0.336315 0.661498 0.332899 0.336315 0.661497 
4512.4 49.2029 0.3361 0.661608 8.02043 0.33568 0.662028 15.9859 0.336111 0.661597 4.30412 0.336398 0.66131 28.3059 0.336074 0.661635 18.3669 0.336135 0.661573 20.8992 0.336156 0.661553 
4524.4 24.3863 0.336092 0.661148 4.13201 0.33568 0.661559 9.35194 0.336044 0.661196 1.30272 0.336431 0.660809 14.7812 0.336066 0.661174 8.86253 0.336125 0.661114 9.60791 0.336149 0.66109 
4536.4 0.58394 0.335867 0.661008 0.0604318 0.335543 0.661332 0.153063 0.335799 0.661076 0.0462365 0.335644 0.661231 0.253481 0.335713 0.661162 0.302395 0.335985 0.66089 0.333584 0.336011 0.660864 
4548.4 0.584216 0.335746 0.660869 0.0606958 0.335541 0.661073 0.15323 0.335966 0.660648 0.0464899 0.335416 0.661198 0.253644 0.335763 0.660851 0.302693 0.335761 0.660854 0.333957 0.33574 0.660874 
