0.4 0.589249 0.337724 0.662276 0.0619185 0.337758 0.662242 0.0757876 0.337158 0.662842 0.0452189 0.328285 0.641871 0.153081 0.337561 0.662439 0.395345 0.33784 0.66216 0.436167 0.337787 0.662213 
12.4 0.591713 0.336343 0.663657 0.0621249 0.336544 0.663456 0.0761104 0.336615 0.663385 0.0452737 0.32739 0.642766 0.153665 0.336679 0.663321 0.397032 0.336298 0.663702 0.438047 0.336227 0.663773 
24.4 0.59732 0.333248 0.666752 0.0626926 0.333576 0.666424 0.0768664 0.333441 0.666559 0.0454202 0.324508 0.645648 0.155135 0.33359 0.66641 0.400826 0.333132 0.666868 0.442185 0.333117 0.666883 
36.4 0.588961 0.337896 0.662103 0.061812 0.33791 0.66209 0.0757648 0.337488 0.662512 0.0452041 0.327476 0.64268 0.152937 0.337786 0.662214 0.395215 0.33797 0.66203 0.436023 0.337919 0.662081 
48.4 0.59433 0.33475 0.66525 0.0623978 0.334164 0.665836 0.0763334 0.334362 0.665638 0.0453273 0.325265 0.644891 0.154215 0.334433 0.665566 0.398944 0.33483 0.66517 0.440116 0.334849 0.665151 
60.4 0.59296 0.335445 0.664555 0.0622049 0.334985 0.665015 0.0762133 0.334696 0.665304 0.0452933 0.326797 0.643359 0.153868 0.335078 0.664922 0.397941 0.335521 0.664479 0.439093 0.335556 0.664444 
72.4 0.592546 0.335623 0.664377 0.062239 0.334961 0.665039 0.0761718 0.335258 0.664742 0.0453027 0.327226 0.64293 0.15387 0.335453 0.664547 0.3976 0.335607 0.664393 0.438676 0.33567 0.66433 
84.4 0.593102 0.335325 0.664675 0.0622789 0.33515 0.66485 0.0763142 0.335094 0.664906 0.045337 0.327154 0.643003 0.154086 0.335389 0.664611 0.397899 0.335252 0.664748 0.439016 0.335305 0.664695 
96.4 0.593264 0.335265 0.664735 0.0623429 0.335498 0.664502 0.0762826 0.335066 0.664934 0.045344 0.326211 0.643945 0.154126 0.335404 0.664596 0.397987 0.335195 0.664805 0.439138 0.335212 0.664788 
108.4 0.592869 0.335617 0.664383 0.0622886 0.336002 0.663998 0.0761615 0.33567 0.66433 0.0452936 0.326175 0.643982 0.1539 0.335934 0.664066 0.397877 0.335536 0.664464 0.438969 0.335511 0.664489 
120.4 0.591912 0.336362 0.663638 0.062185 0.336393 0.663607 0.0761469 0.336319 0.663681 0.0452662 0.325655 0.644501 0.153754 0.33633 0.66367 0.397112 0.336526 0.663474 0.438158 0.336382 0.663618 
132.4 0.594343 0.3349 0.6651 0.0624315 0.334329 0.665671 0.0764657 0.334968 0.665032 0.0453115 0.325711 0.644446 0.154365 0.334792 0.665208 0.398824 0.335034 0.664966 0.439978 0.334912 0.665088 
144.4 0.592538 0.335872 0.664128 0.0621847 0.335508 0.664492 0.0763153 0.335826 0.664174 0.0452941 0.326216 0.64394 0.15395 0.335756 0.664244 0.397566 0.336017 0.663983 0.438587 0.3359 0.6641 
156.4 0.593145 0.33554 0.66446 0.062402 0.335125 0.664874 0.0763318 0.335708 0.664292 0.0453463 0.325558 0.644598 0.154236 0.335422 0.664578 0.397874 0.335679 0.664321 0.438909 0.335579 0.664421 
168.4 0.593735 0.335204 0.664796 0.0623336 0.33598 0.66402 0.076332 0.335346 0.664654 0.0453228 0.326107 0.644049 0.154145 0.335654 0.664346 0.398501 0.335107 0.664893 0.43959 0.335033 0.664967 
180.4 0.591954 0.336262 0.663738 0.0621962 0.337054 0.662946 0.0762479 0.335692 0.664308 0.0452916 0.326615 0.643541 0.153892 0.336338 0.663662 0.39704 0.336263 0.663737 0.438063 0.33622 0.66378 
192.4 0.593999 0.335104 0.664896 0.0624517 0.335459 0.664541 0.0764232 0.334756 0.665244 0.0453529 0.32444 0.645716 0.154384 0.335015 0.664985 0.398407 0.335128 0.664872 0.439615 0.335111 0.664889 
204.4 0.592756 0.335707 0.664293 0.0622349 0.336243 0.663757 0.0762209 0.335365 0.664634 0.0452822 0.326264 0.643892 0.153894 0.33575 0.66425 0.397784 0.335674 0.664326 0.438862 0.335672 0.664328 
216.4 0.592738 0.335614 0.664386 0.0622429 0.335996 0.664004 0.0762007 0.335143 0.664857 0.045305 0.326258 0.643899 0.153905 0.335502 0.664498 0.397761 0.33569 0.66431 0.438833 0.335647 0.664353 
228.4 0.593679 0.335124 0.664876 0.0623596 0.335515 0.664485 0.076317 0.335294 0.664706 0.0453313 0.324398 0.645758 0.154164 0.335371 0.664629 0.398349 0.335111 0.664889 0.439515 0.33504 0.66496 
240.4 0.592377 0.335945 0.664055 0.0622284 0.336724 0.663276 0.0762391 0.336015 0.663985 0.0452906 0.32525 0.644906 0.153914 0.336302 0.663698 0.397418 0.335833 0.664167 0.438463 0.335797 0.664203 
252.4 0.592952 0.335609 0.664391 0.062322 0.335662 0.664338 0.0763462 0.33552 0.66448 0.0453236 0.325469 0.644688 0.154148 0.335676 0.664324 0.397631 0.335604 0.664396 0.438804 0.335567 0.664433 
264.4 0.593248 0.335246 0.664754 0.0623212 0.335132 0.664868 0.0763009 0.3351 0.6649 0.0453448 0.325066 0.64509 0.154123 0.335296 0.664704 0.397959 0.335174 0.664826 0.439125 0.335221 0.664779 
276.4 0.59281 0.335455 0.664545 0.0623004 0.335486 0.664514 0.0762063 0.335154 0.664846 0.0452792 0.326553 0.643603 0.153942 0.335534 0.664466 0.397756 0.335377 0.664623 0.438868 0.335415 0.664585 
288.4 0.59267 0.33557 0.66443 0.062251 0.33578 0.66422 0.0763134 0.334758 0.665242 0.0452921 0.32731 0.642847 0.154013 0.335486 0.664514 0.397507 0.33562 0.66438 0.438657 0.335601 0.664399 
300.4 0.593076 0.335525 0.664475 0.0623169 0.335615 0.664385 0.0762783 0.335365 0.664635 0.0453287 0.326362 0.643794 0.15408 0.335645 0.664355 0.397849 0.335471 0.664529 0.438996 0.335481 0.664519 
312.4 0.5932 0.335503 0.664497 0.0622835 0.335659 0.664341 0.0762689 0.335405 0.664595 0.0452915 0.327152 0.643004 0.154 0.335662 0.664338 0.398053 0.335393 0.664607 0.4392 0.335418 0.664582 
324.4 0.592788 0.335786 0.664214 0.0622177 0.33571 0.66429 0.0763868 0.334985 0.665015 0.0453193 0.32712 0.643036 0.15408 0.335554 0.664446 0.397578 0.335877 0.664123 0.438708 0.335859 0.664141 
336.4 0.593046 0.3357 0.664299 0.0622832 0.335413 0.664587 0.0763239 0.335564 0.664436 0.045337 0.326927 0.643229 0.1541 0.335704 0.664296 0.39784 0.335678 0.664322 0.438945 0.335697 0.664303 
348.4 0.593104 0.335577 0.664423 0.0622172 0.335864 0.664136 0.0762863 0.335236 0.664764 0.0453527 0.327791 0.642365 0.154012 0.335797 0.664203 0.39789 0.335527 0.664473 0.439092 0.33549 0.66451 
360.4 0.592921 0.33558 0.66442 0.0622236 0.335512 0.664488 0.076286 0.334908 0.665092 0.045339 0.328996 0.641161 0.154005 0.335683 0.664317 0.397723 0.335574 0.664426 0.438916 0.335531 0.664469 
372.4 0.593062 0.335559 0.664441 0.0622818 0.335613 0.664387 0.0761554 0.335624 0.664376 0.045371 0.327548 0.642608 0.153965 0.335933 0.664067 0.397871 0.335456 0.664544 0.439098 0.33541 0.66459 
384.4 0.593257 0.335655 0.664345 0.0623226 0.336517 0.663483 0.076279 0.335151 0.664849 0.0453095 0.327918 0.642238 0.154067 0.335917 0.664083 0.398023 0.335503 0.664497 0.43919 0.335543 0.664457 
396.4 0.593339 0.335542 0.664457 0.0623809 0.336107 0.663893 0.0763018 0.334965 0.665035 0.0453177 0.325815 0.644341 0.154157 0.335587 0.664413 0.397948 0.335574 0.664426 0.439183 0.335503 0.664497 
408.4 0.592999 0.335487 0.664513 0.0623347 0.335613 0.664387 0.0762887 0.33534 0.66466 0.0453291 0.325921 0.644235 0.154109 0.335488 0.664512 0.39774 0.335534 0.664466 0.43889 0.335463 0.664537 
420.4 0.592716 0.335636 0.664364 0.0622234 0.33592 0.66408 0.0763066 0.335806 0.664194 0.0452889 0.326942 0.643215 0.153975 0.335969 0.664031 0.397636 0.335496 0.664504 0.438741 0.335504 0.664496 
432.4 0.593077 0.335488 0.664512 0.062233 0.336206 0.663794 0.076389 0.33549 0.66451 0.0453037 0.324861 0.645296 0.154082 0.335759 0.664241 0.397813 0.335326 0.664674 0.438995 0.335371 0.664628 
444.4 0.593025 0.335447 0.664553 0.062366 0.336077 0.663923 0.0762548 0.335376 0.664624 0.0452634 0.324722 0.645434 0.15404 0.335699 0.664301 0.397829 0.335305 0.664695 0.438984 0.33535 0.664649 
456.4 0.592921 0.335503 0.664497 0.0623499 0.336062 0.663938 0.0763161 0.335071 0.664929 0.0452872 0.325417 0.644739 0.154109 0.335579 0.664421 0.397703 0.335499 0.664501 0.438812 0.335467 0.664533 
468.4 0.592882 0.33544 0.66456 0.0622505 0.335872 0.664128 0.0762658 0.335273 0.664727 0.0453546 0.325493 0.644663 0.154027 0.335509 0.664491 0.397728 0.335512 0.664488 0.438855 0.335397 0.664603 
480.4 0.593188 0.335249 0.664751 0.062258 0.335183 0.664817 0.0762907 0.335301 0.664699 0.0453579 0.32632 0.643836 0.154063 0.33533 0.66467 0.397988 0.335294 0.664706 0.439125 0.335208 0.664792 
492.4 0.592993 0.335313 0.664687 0.062287 0.33503 0.66497 0.0763668 0.335077 0.664923 0.0453216 0.327517 0.64264 0.154132 0.33523 0.66477 0.397762 0.335362 0.664638 0.438861 0.335336 0.664664 
504.4 0.592985 0.335341 0.664659 0.0622432 0.335354 0.664646 0.0763198 0.335145 0.664855 0.0453063 0.326476 0.64368 0.154026 0.335453 0.664547 0.397815 0.335315 0.664685 0.438959 0.335309 0.664691 
516.4 0.593244 0.335327 0.664672 0.0623104 0.335128 0.664872 0.0762875 0.335394 0.664606 0.0453211 0.325961 0.644195 0.154075 0.335303 0.664697 0.398046 0.335357 0.664643 0.439168 0.33535 0.66465 
528.4 0.592892 0.335612 0.664388 0.0622668 0.335232 0.664768 0.0762621 0.335536 0.664464 0.0453071 0.325843 0.644313 0.153992 0.335475 0.664525 0.397794 0.335724 0.664276 0.4389 0.335662 0.664338 
540.4 0.593104 0.335485 0.664515 0.0622561 0.33512 0.66488 0.076348 0.335264 0.664736 0.0453331 0.326763 0.643393 0.154093 0.335345 0.664655 0.397846 0.335687 0.664313 0.43901 0.335529 0.664471 
552.4 0.593034 0.335382 0.664617 0.0622506 0.335393 0.664607 0.0763349 0.33508 0.66492 0.0453209 0.327305 0.642852 0.154063 0.335395 0.664605 0.397855 0.335465 0.664535 0.438972 0.335359 0.664641 
564.4 0.593214 0.335313 0.664687 0.0623013 0.335576 0.664424 0.0763151 0.335117 0.664883 0.0453449 0.326324 0.643832 0.154118 0.335375 0.664625 0.398044 0.335307 0.664693 0.439096 0.335274 0.664726 
576.4 0.592997 0.33559 0.66441 0.0622454 0.336296 0.663704 0.0763068 0.335165 0.664835 0.0453386 0.326043 0.644113 0.154047 0.335612 0.664388 0.397825 0.335657 0.664343 0.43895 0.335547 0.664453 
588.4 0.593334 0.33552 0.66448 0.0623855 0.336018 0.663982 0.0763958 0.335076 0.664924 0.0452744 0.325986 0.64417 0.154212 0.3356 0.6644 0.397938 0.335573 0.664427 0.439122 0.335478 0.664522 
600.4 0.593157 0.335593 0.664407 0.0623188 0.336293 0.663707 0.0763592 0.335658 0.664342 0.0453225 0.326028 0.644128 0.154157 0.33594 0.66406 0.397826 0.335511 0.664489 0.439001 0.335468 0.664532 
612.4 0.593047 0.33562 0.66438 0.0622655 0.336608 0.663392 0.0763945 0.335545 0.664455 0.0453067 0.326528 0.643629 0.154123 0.33611 0.66389 0.397744 0.335476 0.664524 0.438924 0.335449 0.664551 
624.4 0.593332 0.335449 0.664551 0.0623641 0.336057 0.663943 0.0763976 0.335674 0.664326 0.0453287 0.326388 0.643768 0.154247 0.335941 0.664059 0.397939 0.335303 0.664697 0.439086 0.335278 0.664722 
636.4 0.59304 0.335563 0.664437 0.0622954 0.335918 0.664082 0.0763134 0.335816 0.664184 0.0453353 0.326086 0.64407 0.1541 0.336013 0.663987 0.397836 0.335436 0.664564 0.43894 0.335411 0.664589 
648.4 0.592981 0.335512 0.664488 0.0622773 0.335316 0.664684 0.0763107 0.335204 0.664796 0.0452927 0.327135 0.643021 0.154037 0.33557 0.66443 0.397793 0.335548 0.664452 0.438944 0.335495 0.664505 
660.4 0.592937 0.335513 0.664487 0.0622404 0.335148 0.664852 0.0763565 0.334916 0.665084 0.0453326 0.32664 0.643516 0.154086 0.335193 0.664807 0.397736 0.33563 0.66437 0.438851 0.335606 0.664394 
672.4 0.592923 0.335525 0.664475 0.062275 0.335084 0.664916 0.0763217 0.335431 0.664569 0.0453276 0.326325 0.643832 0.154081 0.335417 0.664583 0.397733 0.33555 0.66445 0.438843 0.335551 0.664449 
684.4 0.593175 0.33552 0.66448 0.0622922 0.33535 0.66465 0.076276 0.335634 0.664366 0.0453293 0.325802 0.644355 0.154054 0.335693 0.664307 0.397911 0.335448 0.664552 0.439121 0.335449 0.664551 
696.4 0.593287 0.335493 0.664507 0.062326 0.335685 0.664315 0.0763138 0.335087 0.664913 0.0453067 0.326045 0.644112 0.154103 0.335564 0.664435 0.397965 0.33548 0.66452 0.439184 0.335466 0.664534 
708.4 0.592942 0.335694 0.664306 0.0622825 0.336137 0.663863 0.0762002 0.335122 0.664878 0.0453193 0.325846 0.64431 0.153958 0.335682 0.664318 0.397809 0.335732 0.664268 0.438984 0.335691 0.664309 
720.4 0.593242 0.335494 0.664506 0.0623598 0.335613 0.664387 0.0762252 0.33471 0.66529 0.045318 0.32502 0.645136 0.154059 0.335233 0.664767 0.397941 0.335617 0.664383 0.439182 0.33558 0.66442 
732.4 0.593109 0.33555 0.664449 0.0623114 0.335906 0.664094 0.076201 0.334888 0.665112 0.0453264 0.324342 0.645814 0.153995 0.33536 0.66464 0.397892 0.33563 0.66437 0.439114 0.335621 0.664379 
744.4 0.592993 0.335619 0.664381 0.0623422 0.335739 0.664261 0.0761389 0.335287 0.664713 0.0453307 0.324183 0.645974 0.153968 0.335407 0.664593 0.397858 0.335688 0.664312 0.439025 0.335684 0.664316 
756.4 0.593215 0.33553 0.66447 0.0623571 0.33582 0.66418 0.076185 0.334991 0.665009 0.0452788 0.325336 0.64482 0.153977 0.33532 0.66468 0.398019 0.335654 0.664346 0.439237 0.335591 0.664409 
768.4 0.593232 0.335533 0.664467 0.0623974 0.335634 0.664366 0.0762391 0.334429 0.665571 0.0452828 0.324823 0.645333 0.154076 0.334978 0.665022 0.397963 0.335835 0.664165 0.439157 0.335714 0.664286 
780.4 0.59329 0.335592 0.664408 0.0622522 0.336545 0.663455 0.0762355 0.334507 0.665493 0.0453049 0.325293 0.644863 0.153949 0.335484 0.664515 0.398137 0.335753 0.664247 0.439341 0.335613 0.664387 
792.4 0.593194 0.335643 0.664357 0.0622497 0.336082 0.663918 0.0761863 0.33511 0.66489 0.0453241 0.325667 0.644489 0.153916 0.335656 0.664344 0.398118 0.335717 0.664283 0.439278 0.335619 0.664381 
804.4 0.593342 0.335577 0.664423 0.06231 0.335809 0.664191 0.0762836 0.33488 0.66512 0.0452823 0.326157 0.643999 0.154032 0.335391 0.664609 0.398106 0.335742 0.664258 0.43931 0.335644 0.664356 
816.4 0.593155 0.335712 0.664288 0.0622631 0.335503 0.664497 0.0762158 0.335142 0.664858 0.0453258 0.325363 0.644793 0.153961 0.33534 0.664659 0.397913 0.335989 0.664011 0.439194 0.33584 0.66416 
828.4 0.593252 0.335574 0.664426 0.0622689 0.334763 0.665237 0.0762059 0.335206 0.664794 0.0452905 0.326926 0.64323 0.153922 0.335279 0.664721 0.398081 0.335758 0.664242 0.43933 0.335675 0.664325 
840.4 0.593263 0.335613 0.664387 0.0621637 0.335422 0.664578 0.0763374 0.33497 0.66503 0.0453456 0.326539 0.643617 0.154003 0.335408 0.664592 0.397971 0.335694 0.664306 0.43926 0.335673 0.664327 
852.4 0.593295 0.335784 0.664216 0.0621874 0.33577 0.66423 0.0763766 0.335304 0.664696 0.0453204 0.326915 0.643241 0.154041 0.335785 0.664215 0.397978 0.335724 0.664276 0.439254 0.335772 0.664228 
864.4 0.593229 0.335853 0.664147 0.0622951 0.335355 0.664645 0.0762175 0.335718 0.664282 0.0453374 0.326655 0.643501 0.154006 0.335817 0.664183 0.39795 0.335801 0.664199 0.439223 0.335843 0.664157 
876.4 0.593276 0.335781 0.664219 0.0622829 0.335621 0.664379 0.0762398 0.335369 0.664631 0.0453332 0.327169 0.642987 0.154012 0.335726 0.664274 0.397965 0.335807 0.664193 0.439264 0.335783 0.664217 
888.4 0.593488 0.335544 0.664456 0.062331 0.335414 0.664586 0.0762686 0.335167 0.664833 0.0453388 0.326023 0.644134 0.154095 0.335497 0.664503 0.398054 0.335606 0.664394 0.439394 0.335552 0.664448 
900.4 0.593227 0.335511 0.664489 0.0622943 0.335377 0.664623 0.0762416 0.33521 0.66479 0.0453097 0.326547 0.643609 0.154002 0.335489 0.664511 0.397866 0.335534 0.664466 0.439225 0.335513 0.664487 
912.4 0.593193 0.335638 0.664362 0.062232 0.33557 0.66443 0.0762669 0.335476 0.664524 0.0452954 0.326271 0.643885 0.15395 0.335621 0.664379 0.397926 0.335604 0.664396 0.439243 0.335651 0.664349 
924.4 0.593304 0.335654 0.664346 0.0622499 0.335309 0.664691 0.0762787 0.335624 0.664376 0.0453409 0.326262 0.643894 0.154026 0.335556 0.664444 0.397921 0.335692 0.664308 0.439279 0.335709 0.664291 
936.4 0.593513 0.335506 0.664494 0.0623504 0.334945 0.665055 0.0763266 0.335144 0.664856 0.0453047 0.327705 0.642451 0.154138 0.33539 0.66461 0.398002 0.335531 0.664469 0.439375 0.335538 0.664462 
948.4 0.59344 0.335438 0.664562 0.0622572 0.335578 0.664422 0.0762967 0.334929 0.665071 0.0453446 0.326644 0.643512 0.154055 0.335428 0.664572 0.397974 0.335454 0.664546 0.439386 0.335431 0.664569 
960.4 0.593447 0.335444 0.664556 0.0622895 0.335396 0.664604 0.0762478 0.335084 0.664916 0.0453344 0.326736 0.64342 0.154028 0.335423 0.664577 0.398003 0.335455 0.664545 0.439419 0.335452 0.664548 
972.4 0.593706 0.335508 0.664492 0.0623737 0.335334 0.664666 0.0762953 0.335347 0.664653 0.0453553 0.324809 0.645347 0.154181 0.335336 0.664664 0.398123 0.33548 0.66452 0.439525 0.335566 0.664434 
984.4 0.593663 0.335614 0.664386 0.0623423 0.335347 0.664653 0.0763565 0.335339 0.664661 0.0453218 0.323721 0.646435 0.154177 0.335341 0.664659 0.398062 0.335572 0.664428 0.439486 0.335685 0.664315 
996.4 0.59363 0.335727 0.664273 0.0623355 0.335317 0.664683 0.0762776 0.336278 0.663722 0.0453012 0.324801 0.645355 0.154071 0.335796 0.664204 0.398108 0.335595 0.664405 0.43956 0.335699 0.664301 
1008.4 0.594154 0.335533 0.664467 0.0624189 0.335005 0.664995 0.0764401 0.335945 0.664055 0.0453267 0.324036 0.64612 0.154342 0.335502 0.664498 0.398279 0.335388 0.664612 0.439812 0.335517 0.664483 
1020.4 0.594046 0.335656 0.664344 0.0623902 0.335904 0.664096 0.0764302 0.336292 0.663708 0.0453115 0.324704 0.645452 0.154288 0.336049 0.663951 0.398197 0.335331 0.664669 0.439758 0.335493 0.664507 
1032.4 0.593974 0.335739 0.664261 0.062458 0.336136 0.663864 0.0763919 0.336261 0.663739 0.0453239 0.323898 0.646258 0.15433 0.336031 0.663969 0.398055 0.335468 0.664532 0.439644 0.335631 0.664369 
1044.4 0.594152 0.335641 0.664359 0.0624386 0.3359 0.6641 0.0764357 0.335657 0.664343 0.0453007 0.324879 0.645277 0.154331 0.335724 0.664276 0.398215 0.335478 0.664522 0.439821 0.335617 0.664383 
1056.4 0.594059 0.335683 0.664317 0.0624355 0.33618 0.66382 0.0763533 0.335658 0.664342 0.045292 0.325185 0.644972 0.154237 0.335866 0.664134 0.398209 0.335492 0.664508 0.439822 0.335627 0.664373 
1068.4 0.594228 0.335612 0.664388 0.0624466 0.336391 0.663609 0.076316 0.335449 0.664551 0.0453708 0.324946 0.64521 0.15429 0.335749 0.664251 0.398332 0.335359 0.664641 0.439938 0.335568 0.664432 
1080.4 0.59436 0.335597 0.664402 0.0624821 0.335582 0.664418 0.0762652 0.335792 0.664208 0.0453709 0.325717 0.644439 0.154274 0.335802 0.664198 0.398387 0.335264 0.664736 0.440086 0.335517 0.664483 
1092.4 0.594235 0.335772 0.664228 0.062375 0.335736 0.664264 0.0763596 0.335948 0.664052 0.0453692 0.326856 0.6433 0.15426 0.336021 0.663979 0.398237 0.335413 0.664587 0.439975 0.335679 0.664321 
1104.4 0.594554 0.335731 0.664269 0.0624085 0.335441 0.664559 0.0764255 0.335802 0.664198 0.0453432 0.327274 0.642882 0.154333 0.33578 0.66422 0.39843 0.335409 0.664591 0.440221 0.335704 0.664296 
1116.4 0.594644 0.335813 0.664187 0.0624486 0.335687 0.664313 0.0763888 0.336049 0.663951 0.0453324 0.326217 0.64394 0.154326 0.335968 0.664032 0.398564 0.335404 0.664596 0.440318 0.335752 0.664248 
1128.4 0.594764 0.33579 0.66421 0.062468 0.336216 0.663784 0.0764088 0.335897 0.664103 0.0453716 0.326847 0.643309 0.154405 0.336051 0.663949 0.398547 0.335389 0.664611 0.440359 0.335703 0.664297 
1140.4 0.594991 0.335663 0.664337 0.0625613 0.335684 0.664316 0.0764871 0.335287 0.664713 0.0453784 0.326662 0.643494 0.154583 0.335521 0.664479 0.398507 0.33544 0.66456 0.440408 0.335719 0.664281 
1152.4 0.594751 0.335894 0.664106 0.0624664 0.335654 0.664346 0.0764409 0.33588 0.66412 0.0453696 0.325244 0.644913 0.154433 0.335746 0.664254 0.398443 0.335606 0.664393 0.440318 0.335946 0.664054 
1164.4 0.594701 0.33604 0.66396 0.0624049 0.335516 0.664484 0.0764417 0.336377 0.663623 0.0453673 0.326364 0.643792 0.15437 0.335969 0.664031 0.398458 0.335684 0.664316 0.44033 0.336083 0.663917 
1176.4 0.594924 0.335929 0.664071 0.0623873 0.335682 0.664318 0.0764967 0.335782 0.664218 0.045355 0.327094 0.643062 0.154395 0.335807 0.664193 0.398531 0.335573 0.664427 0.440529 0.335988 0.664012 
1188.4 0.59495 0.335862 0.664138 0.0624379 0.335495 0.664505 0.0764083 0.335641 0.664359 0.0453765 0.32568 0.644476 0.154379 0.335697 0.664303 0.398493 0.33548 0.66452 0.440571 0.335934 0.664066 
1200.4 0.594985 0.335945 0.664055 0.0624925 0.33589 0.66411 0.0764499 0.335437 0.664563 0.0453538 0.326464 0.643692 0.154453 0.335811 0.664189 0.398341 0.335529 0.664471 0.440532 0.336004 0.663996 
1212.4 0.595099 0.336165 0.663835 0.0625164 0.336299 0.663701 0.0764581 0.335708 0.664292 0.0453954 0.326567 0.643589 0.154526 0.336039 0.663961 0.398304 0.335681 0.664319 0.440573 0.336219 0.663781 
1224.4 0.594915 0.336388 0.663612 0.0624371 0.336257 0.663743 0.076453 0.336085 0.663915 0.0454003 0.326774 0.643382 0.154447 0.336261 0.663739 0.398174 0.335837 0.664163 0.440469 0.336443 0.663557 
1236.4 0.594924 0.336415 0.663585 0.0623868 0.336254 0.663746 0.0764164 0.336687 0.663313 0.0453894 0.326512 0.643644 0.154349 0.336461 0.663539 0.398149 0.335824 0.664176 0.440575 0.336421 0.663579 
1248.4 0.595122 0.33639 0.66361 0.0624891 0.335794 0.664206 0.076514 0.336501 0.663499 0.0453508 0.325181 0.644975 0.15451 0.336147 0.663853 0.398075 0.33587 0.66413 0.440612 0.336507 0.663493 
1260.4 0.595229 0.336352 0.663648 0.0625771 0.335642 0.664358 0.0765179 0.33611 0.66389 0.045364 0.324164 0.645992 0.154615 0.335832 0.664168 0.398012 0.335822 0.664178 0.440614 0.33654 0.66346 
1272.4 0.595039 0.336318 0.663682 0.0625091 0.335915 0.664085 0.0764625 0.335986 0.664014 0.0453427 0.324991 0.645165 0.154471 0.335969 0.664031 0.397865 0.335711 0.664289 0.440568 0.336462 0.663538 
1284.4 0.594994 0.336285 0.663715 0.0624968 0.335855 0.664145 0.0764101 0.33593 0.66407 0.0453959 0.326152 0.644004 0.154459 0.335971 0.664029 0.397685 0.335712 0.664288 0.440535 0.336431 0.663569 
1296.4 0.59506 0.336273 0.663727 0.0625251 0.335645 0.664355 0.0764274 0.335869 0.66413 0.0454087 0.327092 0.643064 0.154517 0.335879 0.664121 0.397611 0.335659 0.664341 0.440543 0.336422 0.663577 
1308.4 0.595135 0.33625 0.66375 0.0625051 0.335764 0.664236 0.076515 0.33547 0.66453 0.0453952 0.327476 0.642681 0.154571 0.335834 0.664166 0.397463 0.33564 0.66436 0.440564 0.336405 0.663595 
1320.4 0.595072 0.336152 0.663848 0.0625178 0.335343 0.664657 0.0764082 0.336018 0.663982 0.045426 0.326125 0.644031 0.154508 0.33584 0.66416 0.397131 0.335524 0.664476 0.440563 0.336279 0.663721 
1332.4 0.594976 0.336047 0.663953 0.0624883 0.335595 0.664405 0.076472 0.33592 0.66408 0.0454061 0.327448 0.642708 0.154523 0.335872 0.664128 0.39664 0.335304 0.664696 0.440453 0.336126 0.663874 
1344.4 0.595244 0.335971 0.664028 0.0626205 0.33599 0.66401 0.0765054 0.335392 0.664608 0.0453758 0.326883 0.643273 0.154658 0.335879 0.664121 0.39635 0.335244 0.664756 0.440586 0.336021 0.663979 
1356.4 0.595368 0.335941 0.664059 0.0626529 0.336262 0.663738 0.0764397 0.335365 0.664635 0.0454221 0.326224 0.643933 0.154671 0.335904 0.664096 0.396195 0.335669 0.664331 0.440697 0.335957 0.664043 
1368.4 0.595147 0.336058 0.663942 0.0625945 0.33682 0.66318 0.0764691 0.335041 0.664959 0.0454187 0.326415 0.643741 0.154639 0.335952 0.664047 0.395631 0.337166 0.662834 0.440508 0.336096 0.663904 
1380.4 0.59556 0.335925 0.664075 0.06263 0.336569 0.663431 0.0764655 0.335461 0.664539 0.045425 0.326116 0.644041 0.154677 0.336087 0.663913 0.395614 0.338503 0.661497 0.440884 0.335867 0.664133 
1392.4 0.595655 0.33597 0.66403 0.0626419 0.336564 0.663436 0.0765589 0.335613 0.664387 0.0454544 0.32606 0.644096 0.154812 0.336069 0.663931 0.398353 0.336922 0.663078 0.440844 0.335922 0.664078 
1404.4 0.59585 0.336112 0.663888 0.0627056 0.33679 0.66321 0.0766325 0.335902 0.664098 0.0453999 0.327819 0.642337 0.154894 0.33649 0.66351 0.39918 0.336483 0.663517 0.440956 0.335981 0.664019 
1416.4 0.596148 0.33605 0.66395 0.0627643 0.336758 0.663242 0.0766268 0.33599 0.66401 0.0454698 0.327253 0.642903 0.155017 0.336479 0.663521 0.396133 0.338588 0.661412 0.44113 0.335905 0.664095 
1428.4 0.596118 0.336165 0.663835 0.0626749 0.337041 0.662959 0.0765851 0.336344 0.663656 0.0454905 0.327607 0.642549 0.154907 0.3368 0.6632 0.395924 0.337628 0.662372 0.441211 0.335955 0.664045 
1440.4 0.596664 0.336082 0.663918 0.0628088 0.336133 0.663867 0.0766659 0.33671 0.66329 0.0454523 0.327744 0.642412 0.155083 0.336728 0.663272 0.397004 0.335669 0.664331 0.441581 0.335865 0.664135 
1452.4 0.596745 0.336254 0.663746 0.0628075 0.336074 0.663926 0.0767114 0.337088 0.662912 0.0454427 0.32747 0.642686 0.155118 0.336817 0.663183 0.397287 0.335126 0.664874 0.441628 0.336056 0.663944 
1464.4 0.59705 0.336383 0.663617 0.062768 0.336345 0.663655 0.0768066 0.336556 0.663444 0.0454514 0.326885 0.643271 0.155182 0.336602 0.663398 0.397762 0.335346 0.664654 0.441868 0.336307 0.663693 
1476.4 0.597262 0.336695 0.663305 0.0627799 0.336728 0.663272 0.0766943 0.336995 0.663005 0.045438 0.327402 0.642754 0.155068 0.336975 0.663025 0.39845 0.335722 0.664278 0.442194 0.336572 0.663428 
1488.4 0.597759 0.336715 0.663285 0.0628336 0.336767 0.663232 0.0768248 0.33642 0.66358 0.0454412 0.327261 0.642895 0.155256 0.336776 0.663224 0.399092 0.335867 0.664133 0.442503 0.336671 0.663329 
1500.4 0.598122 0.336679 0.663321 0.0629327 0.335967 0.664033 0.0768215 0.336858 0.663142 0.0454889 0.326461 0.643696 0.155399 0.33653 0.66347 0.399502 0.33591 0.66409 0.442723 0.336707 0.663293 
1512.4 0.598423 0.336753 0.663247 0.0628483 0.336082 0.663918 0.0768395 0.337194 0.662806 0.0454582 0.326671 0.643485 0.155302 0.33669 0.66331 0.400037 0.335951 0.664049 0.443121 0.336752 0.663248 
1524.4 0.598451 0.337101 0.662899 0.0628043 0.336553 0.663447 0.0769103 0.33714 0.662859 0.0454309 0.327174 0.642982 0.155302 0.336989 0.663011 0.400133 0.336459 0.663541 0.443149 0.337129 0.662871 
1536.4 0.598937 0.337147 0.662853 0.0629452 0.336298 0.663702 0.0769664 0.337063 0.662937 0.0454318 0.326832 0.643324 0.1555 0.336824 0.663176 0.400592 0.336589 0.663411 0.443438 0.337245 0.662755 
1548.4 0.599055 0.337255 0.662745 0.0629905 0.33626 0.66374 0.0769316 0.337259 0.662741 0.0454557 0.32705 0.643106 0.155534 0.336854 0.663146 0.400793 0.336783 0.663217 0.443521 0.337395 0.662605 
1560.4 0.59922 0.337228 0.662772 0.0629808 0.336269 0.663731 0.0769243 0.337215 0.662785 0.0454468 0.326922 0.643234 0.155508 0.336929 0.663071 0.400995 0.336835 0.663165 0.443712 0.337333 0.662667 
1572.4 0.599556 0.337103 0.662897 0.0629754 0.336244 0.663756 0.0769798 0.337108 0.662892 0.0454865 0.32707 0.643086 0.155598 0.336878 0.663122 0.401327 0.336715 0.663285 0.443958 0.337189 0.662811 
1584.4 0.599587 0.337347 0.662653 0.0629287 0.336751 0.663249 0.0770626 0.337083 0.662917 0.0454716 0.327617 0.642539 0.155619 0.33711 0.66289 0.401382 0.336988 0.663011 0.443968 0.337415 0.662585 
1596.4 0.599751 0.337549 0.662451 0.0629833 0.33696 0.66304 0.0769905 0.338219 0.661781 0.0454743 0.32824 0.641917 0.155604 0.337763 0.662237 0.401643 0.337001 0.662999 0.444147 0.33747 0.66253 
1608.4 0.599878 0.337814 0.662186 0.0630387 0.337143 0.662857 0.077095 0.338003 0.661997 0.0455003 0.327764 0.642392 0.15579 0.337683 0.662317 0.401625 0.33739 0.66261 0.444088 0.337858 0.662142 
1620.4 0.600014 0.337878 0.662122 0.0630054 0.337382 0.662618 0.0771511 0.337507 0.662493 0.0454876 0.327979 0.642177 0.1558 0.337532 0.662468 0.401783 0.337564 0.662436 0.444213 0.338003 0.661997 
1632.4 0.600114 0.337759 0.662241 0.0630439 0.337534 0.662466 0.077005 0.337777 0.662223 0.0454708 0.326043 0.644113 0.155676 0.337607 0.662393 0.402047 0.337396 0.662604 0.444438 0.337809 0.662191 
1644.4 0.60014 0.337755 0.662245 0.0631009 0.337676 0.662324 0.0770973 0.337536 0.662464 0.0454682 0.325556 0.644601 0.155823 0.33746 0.66254 0.401984 0.337476 0.662524 0.444317 0.337859 0.662141 
1656.4 0.600414 0.337762 0.662238 0.0631028 0.338064 0.661936 0.0771036 0.337848 0.662152 0.0454787 0.325406 0.64475 0.155841 0.337799 0.662201 0.402325 0.337353 0.662647 0.444572 0.33773 0.66227 
1668.4 0.600286 0.337849 0.662151 0.0631294 0.337925 0.662075 0.0771042 0.33795 0.66205 0.0454326 0.327026 0.643131 0.155822 0.337932 0.662068 0.402225 0.337569 0.662431 0.444463 0.337828 0.662172 
1680.4 0.600252 0.337919 0.662081 0.0630997 0.337766 0.662234 0.0771285 0.338049 0.661951 0.0454931 0.326082 0.644074 0.155878 0.337796 0.662204 0.402165 0.337794 0.662206 0.444374 0.337979 0.662021 
1692.4 0.600299 0.33788 0.66212 0.0631053 0.337427 0.662573 0.0771465 0.337923 0.662076 0.0454709 0.326692 0.643464 0.155879 0.337628 0.662372 0.402268 0.33778 0.66222 0.44442 0.33797 0.66203 
1704.4 0.600347 0.337873 0.662127 0.0631387 0.337768 0.662232 0.0771397 0.337517 0.662483 0.0454766 0.32702 0.643136 0.155911 0.337551 0.662449 0.40235 0.337824 0.662176 0.444436 0.337996 0.662004 
1716.4 0.600454 0.337895 0.662105 0.0631584 0.337653 0.662347 0.0770492 0.33757 0.66243 0.0454903 0.32687 0.643287 0.155854 0.337587 0.662413 0.402538 0.337826 0.662174 0.4446 0.337997 0.662003 
1728.4 0.600315 0.337908 0.662092 0.0631285 0.337602 0.662398 0.0770789 0.337589 0.662411 0.0454722 0.326716 0.64344 0.155836 0.337554 0.662446 0.402399 0.337893 0.662107 0.444479 0.338015 0.661985 
1740.4 0.600278 0.33778 0.66222 0.0631065 0.337408 0.662592 0.0770833 0.337696 0.662304 0.0454995 0.326167 0.643989 0.155845 0.337455 0.662545 0.402433 0.33772 0.66228 0.444433 0.337868 0.662132 
1752.4 0.600346 0.337644 0.662356 0.0630987 0.337098 0.662902 0.0770662 0.337984 0.662016 0.0454746 0.325676 0.644481 0.155796 0.337552 0.662448 0.402575 0.337472 0.662528 0.44455 0.337663 0.662337 
1764.4 0.600247 0.337737 0.662263 0.0630221 0.337878 0.662122 0.0771083 0.337918 0.662082 0.0454776 0.325786 0.64437 0.155764 0.337768 0.662232 0.402437 0.337636 0.662364 0.444482 0.337737 0.662263 
1776.4 0.600345 0.337672 0.662328 0.0631001 0.337511 0.662489 0.0771018 0.337973 0.662027 0.045487 0.326841 0.643315 0.155845 0.337687 0.662313 0.402541 0.337584 0.662416 0.4445 0.337671 0.662329 
1788.4 0.600168 0.337626 0.662374 0.0631107 0.337234 0.662766 0.0770936 0.337923 0.662077 0.0454857 0.326603 0.643553 0.155846 0.337615 0.662385 0.402431 0.337571 0.662429 0.444322 0.337641 0.662359 
1800.4 0.600129 0.337659 0.662341 0.0629863 0.337331 0.662669 0.0771203 0.337943 0.662057 0.0454946 0.327306 0.64285 0.155757 0.337658 0.662342 0.402472 0.337609 0.662391 0.444371 0.337641 0.662359 
1812.4 0.600483 0.337484 0.662516 0.0630149 0.336755 0.663245 0.0772094 0.337685 0.662315 0.0455251 0.326586 0.643571 0.155906 0.337286 0.662714 0.40264 0.33755 0.66245 0.444578 0.337562 0.662438 
1824.4 0.600393 0.337532 0.662468 0.0629838 0.336876 0.663124 0.0771074 0.337773 0.662227 0.0454925 0.326004 0.644152 0.15574 0.337384 0.662616 0.402755 0.337483 0.662517 0.444654 0.337551 0.662449 
1836.4 0.600296 0.337563 0.662436 0.0630569 0.336421 0.663579 0.0771331 0.337592 0.662408 0.0454932 0.327528 0.642628 0.155839 0.337191 0.662809 0.402588 0.337615 0.662385 0.444456 0.337681 0.662319 
1848.4 0.600262 0.337544 0.662456 0.0629625 0.33746 0.66254 0.0772347 0.33736 0.66264 0.0455345 0.327222 0.642934 0.155888 0.337528 0.662472 0.402524 0.33751 0.66249 0.444374 0.337541 0.662459 
1860.4 0.600384 0.33765 0.66235 0.0631276 0.337619 0.662381 0.0770942 0.338161 0.661839 0.0455366 0.32649 0.643666 0.155915 0.337902 0.662098 0.402637 0.337532 0.662467 0.44447 0.337531 0.662469 
1872.4 0.600413 0.337657 0.662343 0.0631421 0.337796 0.662204 0.077212 0.337512 0.662488 0.0454842 0.326712 0.643444 0.155995 0.33766 0.66234 0.402599 0.337659 0.662341 0.444418 0.337627 0.662373 
1884.4 0.600473 0.337521 0.662479 0.0631525 0.337582 0.662418 0.0771718 0.337445 0.662555 0.0454745 0.326417 0.643739 0.155955 0.337447 0.662553 0.402695 0.337587 0.662413 0.444518 0.337529 0.662471 
1896.4 0.600585 0.337602 0.662398 0.0632158 0.337394 0.662606 0.0771372 0.337841 0.662159 0.0455211 0.325406 0.64475 0.15603 0.337523 0.662477 0.402721 0.337632 0.662368 0.444555 0.337623 0.662377 
1908.4 0.600258 0.337839 0.662161 0.0630605 0.338414 0.661585 0.0771193 0.338173 0.661827 0.0454987 0.326914 0.643242 0.155835 0.338214 0.661786 0.402617 0.337618 0.662382 0.444423 0.33772 0.66228 
1920.4 0.600582 0.337595 0.662405 0.0630872 0.337849 0.66215 0.0771764 0.337859 0.662141 0.0455144 0.327424 0.642733 0.155934 0.337806 0.662194 0.402773 0.337404 0.662596 0.444648 0.337512 0.662488 
1932.4 0.600376 0.337624 0.662376 0.0631772 0.337074 0.662926 0.0771831 0.337863 0.662137 0.0455293 0.326309 0.643847 0.156046 0.337437 0.662563 0.402515 0.337595 0.662405 0.44433 0.337673 0.662327 
1944.4 0.600419 0.337578 0.662422 0.0630915 0.337781 0.662219 0.0771871 0.337839 0.66216 0.0454957 0.32724 0.642916 0.155931 0.337824 0.662176 0.402683 0.337428 0.662572 0.444489 0.337494 0.662506 
1956.4 0.600672 0.337398 0.662602 0.0631642 0.336974 0.663026 0.0772031 0.337506 0.662494 0.0455227 0.327237 0.64292 0.156046 0.337384 0.662616 0.4028 0.337353 0.662647 0.444626 0.337399 0.662601 
1968.4 0.600483 0.337536 0.662464 0.0631785 0.336998 0.663002 0.0772049 0.337496 0.662504 0.0455239 0.327956 0.6422 0.156063 0.337369 0.662631 0.402614 0.337567 0.662432 0.44442 0.33758 0.66242 
1980.4 0.600731 0.33744 0.66256 0.0630978 0.337515 0.662485 0.0772538 0.337392 0.662608 0.0455442 0.328646 0.64151 0.156052 0.33765 0.66235 0.402857 0.337367 0.662633 0.444679 0.337358 0.662642 
1992.4 0.600518 0.337602 0.662397 0.0631209 0.33751 0.66249 0.0770856 0.338357 0.661643 0.0455644 0.328329 0.641827 0.155927 0.338137 0.661863 0.402761 0.337439 0.662561 0.44459 0.337416 0.662584 
2004.4 0.600702 0.337483 0.662517 0.0631915 0.336588 0.663412 0.0772032 0.337686 0.662314 0.0455749 0.327668 0.642488 0.156126 0.337339 0.662661 0.402751 0.337541 0.662459 0.444576 0.337534 0.662466 
2016.4 0.60068 0.337443 0.662556 0.0631575 0.336642 0.663358 0.0771511 0.337583 0.662417 0.0455264 0.327656 0.6425 0.155991 0.337341 0.662659 0.40283 0.33749 0.66251 0.444689 0.337469 0.662531 
2028.4 0.600721 0.33753 0.66247 0.0631784 0.336899 0.663101 0.077106 0.337722 0.662278 0.0455315 0.327736 0.64242 0.155972 0.337444 0.662556 0.402905 0.337501 0.662499 0.444749 0.337547 0.662453 
2040.4 0.600648 0.337538 0.662462 0.063148 0.337446 0.662554 0.0772097 0.336938 0.663062 0.0455299 0.326118 0.644039 0.156044 0.337232 0.662768 0.402788 0.337577 0.662423 0.444604 0.337644 0.662356 
2052.4 0.6007 0.337504 0.662496 0.0631354 0.337568 0.662432 0.0771311 0.33698 0.66302 0.0455387 0.325366 0.644791 0.155961 0.337256 0.662744 0.40293 0.337569 0.662431 0.444739 0.33759 0.66241 
2064.4 0.600712 0.337457 0.662543 0.0631238 0.337247 0.662753 0.0771808 0.337299 0.662701 0.0455344 0.325994 0.644163 0.155995 0.33727 0.66273 0.402899 0.337579 0.662421 0.444716 0.337534 0.662466 
2076.4 0.600537 0.33754 0.66246 0.0631214 0.336998 0.663002 0.0771803 0.337771 0.662229 0.0454893 0.326585 0.643571 0.155947 0.337374 0.662626 0.402848 0.337655 0.662345 0.44459 0.337599 0.662401 
2088.4 0.600911 0.337398 0.662602 0.0631955 0.337079 0.662921 0.0772732 0.337739 0.662261 0.0454878 0.325632 0.644525 0.156113 0.337336 0.662664 0.403017 0.337539 0.662461 0.444799 0.337427 0.662573 
2100.4 0.600612 0.337557 0.662443 0.0631247 0.337428 0.662572 0.0772958 0.338025 0.661975 0.0455355 0.324981 0.645176 0.156112 0.337594 0.662406 0.402745 0.33769 0.66231 0.4445 0.337549 0.662451 
2112.4 0.600661 0.337453 0.662547 0.063178 0.33676 0.66324 0.0772597 0.337822 0.662178 0.045538 0.325616 0.64454 0.156132 0.33723 0.66277 0.402855 0.33759 0.66241 0.444529 0.337531 0.662469 
2124.4 0.600692 0.337236 0.662764 0.0631816 0.336067 0.663933 0.0772608 0.337404 0.662596 0.0455516 0.326129 0.644027 0.15615 0.336793 0.663207 0.402855 0.337444 0.662556 0.444541 0.337394 0.662606 
2136.4 0.600641 0.337167 0.662833 0.0631244 0.336006 0.663994 0.0771732 0.337635 0.662365 0.0455192 0.326945 0.643211 0.155973 0.337022 0.662978 0.402871 0.337296 0.662704 0.444668 0.33721 0.66279 
2148.4 0.600638 0.337118 0.662881 0.0631936 0.33637 0.66363 0.0771838 0.337476 0.662524 0.045553 0.3261 0.644056 0.156087 0.336909 0.663091 0.402801 0.337258 0.662742 0.444552 0.337207 0.662793 
2160.4 0.600637 0.337199 0.662801 0.0631403 0.337018 0.662982 0.077146 0.337264 0.662735 0.0455649 0.326774 0.643382 0.156007 0.337176 0.662824 0.402821 0.337283 0.662717 0.444629 0.337225 0.662775 
2172.4 0.600578 0.337329 0.662671 0.063159 0.336819 0.663181 0.0771552 0.337133 0.662867 0.0455761 0.327045 0.643111 0.156047 0.3371 0.6629 0.402782 0.337401 0.662599 0.444531 0.337412 0.662588 
2184.4 0.600656 0.337357 0.662643 0.0631727 0.337259 0.662741 0.0772224 0.337223 0.662777 0.0455362 0.327048 0.643108 0.156088 0.337229 0.662771 0.402834 0.33735 0.66265 0.444569 0.337402 0.662598 
2196.4 0.600754 0.337348 0.662652 0.0631309 0.337656 0.662344 0.0772805 0.337114 0.662886 0.0455316 0.326617 0.643539 0.156099 0.337302 0.662698 0.402895 0.337302 0.662698 0.444655 0.337347 0.662653 
2208.4 0.600762 0.337244 0.662756 0.0631873 0.337081 0.662919 0.0772633 0.337174 0.662826 0.0455008 0.326182 0.643974 0.156108 0.337011 0.662989 0.402881 0.337284 0.662716 0.444654 0.33731 0.66269 
2220.4 0.600461 0.337242 0.662758 0.0630804 0.337133 0.662867 0.07726 0.336913 0.663087 0.0455083 0.32548 0.644676 0.156005 0.336841 0.663159 0.402691 0.337354 0.662646 0.444456 0.33737 0.66263 
2232.4 0.600586 0.337255 0.662745 0.0630984 0.337178 0.662822 0.0772595 0.337038 0.662962 0.0455216 0.325948 0.644208 0.156036 0.336995 0.663005 0.402799 0.337381 0.662619 0.444551 0.33733 0.66267 
2244.4 0.600783 0.337295 0.662705 0.0631854 0.336788 0.663212 0.0772655 0.336927 0.663073 0.0455092 0.327465 0.642691 0.156116 0.336945 0.663055 0.402974 0.337472 0.662527 0.444667 0.337392 0.662608 
2256.4 0.600711 0.33736 0.66264 0.063082 0.337228 0.662772 0.077291 0.336792 0.663208 0.0455812 0.326307 0.643849 0.156111 0.336996 0.663004 0.402902 0.33752 0.66248 0.444601 0.337485 0.662515 
2268.4 0.60068 0.337295 0.662705 0.0631147 0.336766 0.663234 0.0772017 0.336984 0.663016 0.045554 0.326789 0.643367 0.156027 0.336985 0.663015 0.402951 0.337352 0.662648 0.444654 0.337404 0.662596 
2280.4 0.600766 0.33733 0.66267 0.0631504 0.336721 0.663279 0.0771765 0.336698 0.663302 0.0455364 0.326823 0.643334 0.15602 0.336896 0.663104 0.402965 0.337443 0.662557 0.444746 0.337478 0.662522 
2292.4 0.600802 0.337375 0.662625 0.0631444 0.336831 0.663169 0.077216 0.336659 0.663341 0.0455755 0.327116 0.64304 0.156092 0.336881 0.663119 0.402946 0.337516 0.662484 0.44471 0.33754 0.66246 
2304.4 0.600793 0.33736 0.66264 0.0631057 0.336944 0.663055 0.0772615 0.33685 0.66315 0.0455705 0.327672 0.642484 0.156094 0.337096 0.662904 0.402937 0.337487 0.662513 0.444699 0.33744 0.66256 
2316.4 0.600778 0.337433 0.662567 0.0631126 0.337353 0.662647 0.0772282 0.337076 0.662924 0.0455703 0.32702 0.643136 0.156067 0.337348 0.662652 0.402977 0.337458 0.662542 0.44471 0.337451 0.662549 
2328.4 0.600917 0.337524 0.662476 0.0631917 0.337295 0.662705 0.0772377 0.337236 0.662764 0.0455576 0.326798 0.643358 0.156143 0.337258 0.662742 0.403025 0.337603 0.662397 0.444774 0.337609 0.662391 
2340.4 0.600886 0.337614 0.662386 0.0631368 0.337985 0.662015 0.0772552 0.337463 0.662537 0.0455624 0.326502 0.643654 0.156111 0.337566 0.662434 0.403007 0.337692 0.662308 0.444775 0.33762 0.66238 
2352.4 0.600922 0.337545 0.662455 0.0632011 0.337992 0.662008 0.0772081 0.337619 0.662381 0.0455529 0.327228 0.642928 0.156118 0.337721 0.662279 0.403044 0.337552 0.662448 0.444804 0.337463 0.662537 
2364.4 0.600863 0.337507 0.662493 0.0632294 0.337622 0.662378 0.0772817 0.337463 0.662537 0.0455421 0.327078 0.643078 0.15621 0.337493 0.662507 0.402954 0.337559 0.662441 0.444653 0.337489 0.662511 
2376.4 0.60089 0.337299 0.662701 0.0631559 0.337421 0.662579 0.0773327 0.337125 0.662875 0.0455259 0.326778 0.643378 0.156171 0.337228 0.662772 0.40303 0.337419 0.662581 0.444719 0.337321 0.662679 
2388.4 0.600709 0.337234 0.662766 0.0631247 0.337019 0.662981 0.0772801 0.336942 0.663058 0.0455867 0.326867 0.643289 0.156148 0.336999 0.663001 0.402937 0.33734 0.66266 0.444561 0.337309 0.662691 
2400.4 0.600637 0.337246 0.662754 0.0631354 0.336987 0.663013 0.0773251 0.336831 0.663169 0.0455636 0.327707 0.642449 0.15618 0.336961 0.663039 0.402793 0.337349 0.662651 0.444456 0.337317 0.662683 
2412.4 0.600622 0.337224 0.662776 0.063135 0.337113 0.662887 0.0772142 0.337272 0.662728 0.0455531 0.32785 0.642306 0.156059 0.337154 0.662846 0.402868 0.337264 0.662736 0.444564 0.337221 0.662779 
2424.4 0.60086 0.337208 0.662792 0.0631512 0.337221 0.662779 0.0772722 0.337024 0.662976 0.0455183 0.326898 0.643259 0.156098 0.337055 0.662945 0.403053 0.337269 0.662731 0.444762 0.337255 0.662745 
2436.4 0.600795 0.337264 0.662736 0.0631452 0.336953 0.663047 0.0772743 0.337297 0.662703 0.0455122 0.326038 0.644118 0.156088 0.337028 0.662972 0.403012 0.337353 0.662647 0.444707 0.337354 0.662646 
2448.4 0.600587 0.337271 0.662729 0.0631147 0.33693 0.663069 0.0772434 0.337434 0.662566 0.0455384 0.325059 0.645098 0.156053 0.337033 0.662967 0.402843 0.33734 0.662659 0.444534 0.337359 0.662641 
2460.4 0.600759 0.337226 0.662774 0.0630855 0.337314 0.662686 0.0772324 0.337185 0.662815 0.0455152 0.326273 0.643883 0.155989 0.337207 0.662793 0.403066 0.337208 0.662792 0.444769 0.337227 0.662773 
2472.4 0.600717 0.337254 0.662746 0.0631316 0.336997 0.663002 0.0772323 0.336972 0.663028 0.0455124 0.32733 0.642826 0.156033 0.337058 0.662942 0.403021 0.337292 0.662708 0.444684 0.337308 0.662692 
2484.4 0.600724 0.337123 0.662877 0.063071 0.337228 0.662772 0.07719 0.337273 0.662727 0.0455816 0.325377 0.64478 0.155999 0.337194 0.662806 0.402954 0.337137 0.662863 0.444725 0.337076 0.662924 
2496.4 0.600715 0.337244 0.662756 0.0630868 0.337306 0.662694 0.0773082 0.337314 0.662686 0.0455709 0.326966 0.64319 0.156122 0.337318 0.662682 0.402882 0.33723 0.66277 0.444593 0.337208 0.662792 
2508.4 0.60077 0.337375 0.662625 0.0631763 0.337175 0.662825 0.0773401 0.337405 0.662595 0.045566 0.328055 0.642101 0.156239 0.337441 0.662559 0.402844 0.33737 0.66263 0.444531 0.33733 0.66267 
2520.4 0.600787 0.33736 0.66264 0.0630834 0.337445 0.662555 0.0772289 0.337639 0.662361 0.0455664 0.327855 0.642302 0.156035 0.337663 0.662337 0.403062 0.337318 0.662682 0.444752 0.337254 0.662746 
2532.4 0.600746 0.337206 0.662794 0.0631006 0.336635 0.663365 0.077195 0.337228 0.662772 0.0455372 0.328359 0.641797 0.155989 0.337154 0.662846 0.403139 0.33728 0.66272 0.444757 0.337228 0.662772 
2544.4 0.600699 0.337231 0.662769 0.0630758 0.336539 0.663461 0.077277 0.33676 0.66324 0.0455675 0.328015 0.642141 0.156077 0.336821 0.663179 0.403004 0.33747 0.66253 0.444622 0.33739 0.66261 
2556.4 0.600492 0.337216 0.662783 0.0630459 0.336716 0.663283 0.0771336 0.337145 0.662855 0.0455614 0.327615 0.642541 0.155897 0.33703 0.66297 0.403004 0.337365 0.662635 0.444595 0.337295 0.662705 
2568.4 0.60062 0.336948 0.663052 0.0630822 0.336483 0.663517 0.0771836 0.33649 0.66351 0.0455338 0.328152 0.642004 0.155956 0.33664 0.66336 0.40302 0.337152 0.662848 0.444664 0.337044 0.662956 
2580.4 0.600461 0.336986 0.663014 0.0630912 0.336681 0.663319 0.0772211 0.336563 0.663437 0.0454989 0.328111 0.642045 0.155967 0.336754 0.663246 0.402807 0.337189 0.662811 0.444493 0.33707 0.66293 
2592.4 0.600497 0.337044 0.662956 0.0631192 0.336648 0.663352 0.0771751 0.337474 0.662526 0.0455566 0.325586 0.64457 0.156007 0.336977 0.663023 0.40286 0.337131 0.662869 0.44449 0.337054 0.662946 
2604.4 0.600573 0.337155 0.662845 0.0631512 0.336629 0.663371 0.0773119 0.337186 0.662814 0.0455271 0.325796 0.64436 0.156146 0.336919 0.663081 0.402822 0.337303 0.662697 0.444427 0.33723 0.66277 
2616.4 0.600748 0.337209 0.662791 0.063204 0.336613 0.663387 0.0773003 0.337492 0.662508 0.045566 0.326756 0.6434 0.156227 0.337058 0.662942 0.402858 0.337383 0.662617 0.444522 0.337264 0.662736 
2628.4 0.600861 0.33721 0.66279 0.0631304 0.336854 0.663146 0.0772317 0.338004 0.661996 0.045569 0.326899 0.643257 0.156087 0.337452 0.662548 0.403126 0.337207 0.662793 0.444773 0.337131 0.662869 
2640.4 0.60077 0.337086 0.662914 0.0631723 0.33672 0.66328 0.077307 0.337477 0.662523 0.0455606 0.327036 0.64312 0.156196 0.337111 0.662889 0.402892 0.337177 0.662823 0.444574 0.337089 0.662911 
2652.4 0.600607 0.337066 0.662934 0.0631248 0.336598 0.663402 0.077315 0.337321 0.662679 0.0455644 0.326684 0.643472 0.15616 0.336933 0.663067 0.402793 0.337167 0.662833 0.444447 0.337129 0.662871 
2664.4 0.600732 0.336924 0.663076 0.0630577 0.336245 0.663755 0.0772821 0.337125 0.662875 0.045552 0.327608 0.642548 0.156048 0.336845 0.663155 0.403024 0.336973 0.663027 0.444684 0.336944 0.663056 
2676.4 0.600572 0.337155 0.662845 0.0630599 0.336243 0.663757 0.0772836 0.337122 0.662878 0.045546 0.328822 0.641334 0.156046 0.336985 0.663015 0.402853 0.337271 0.662729 0.444527 0.337203 0.662797 
2688.4 0.600814 0.337109 0.662891 0.0630383 0.336365 0.663635 0.0773763 0.337003 0.662997 0.0456242 0.327302 0.642855 0.156195 0.336907 0.663093 0.402986 0.337207 0.662793 0.444619 0.337174 0.662826 
2700.4 0.600802 0.337243 0.662757 0.0630849 0.336609 0.663391 0.0772902 0.33756 0.66244 0.045605 0.32721 0.642946 0.156136 0.337324 0.662676 0.403071 0.337239 0.662761 0.444666 0.337204 0.662796 
2712.4 0.600907 0.337238 0.662762 0.0631098 0.336613 0.663387 0.0773912 0.337095 0.662905 0.0455668 0.326398 0.643758 0.156224 0.336995 0.663005 0.403021 0.3374 0.6626 0.444683 0.33733 0.66267 
2724.4 0.6008 0.337233 0.662767 0.0631274 0.336215 0.663785 0.0772812 0.337366 0.662634 0.0455413 0.325912 0.644244 0.156106 0.336858 0.663142 0.403052 0.33738 0.66262 0.444693 0.337367 0.662633 
2736.4 0.600755 0.337188 0.662812 0.0630953 0.336445 0.663555 0.0772788 0.336915 0.663085 0.0455242 0.326559 0.643597 0.156055 0.336724 0.663276 0.403033 0.337391 0.662609 0.444701 0.337361 0.662639 
2748.4 0.600821 0.337105 0.662895 0.0631203 0.33669 0.66331 0.0772186 0.336969 0.663031 0.0455279 0.327318 0.642838 0.156023 0.336898 0.663102 0.403113 0.337272 0.662728 0.444798 0.337186 0.662814 
2760.4 0.600665 0.337174 0.662826 0.0631406 0.337156 0.662844 0.0772372 0.336848 0.663152 0.0455535 0.327704 0.642452 0.156088 0.337076 0.662924 0.402999 0.337311 0.662689 0.444577 0.337217 0.662783 
2772.4 0.600696 0.337122 0.662878 0.0631203 0.336964 0.663036 0.0773052 0.336786 0.663214 0.0455517 0.327854 0.642303 0.156134 0.336999 0.663001 0.402982 0.337314 0.662686 0.444563 0.337174 0.662826 
2784.4 0.600657 0.337074 0.662926 0.0631682 0.336088 0.663912 0.0773178 0.33669 0.66331 0.0455542 0.326653 0.643503 0.156196 0.336563 0.663437 0.402915 0.33742 0.66258 0.44446 0.337271 0.662729 
2796.4 0.600801 0.33696 0.66304 0.0631127 0.336313 0.663687 0.077335 0.336425 0.663575 0.0455695 0.326879 0.643277 0.156174 0.336489 0.663511 0.403002 0.337297 0.662703 0.444627 0.337121 0.662879 
2808.4 0.600749 0.336956 0.663044 0.0631298 0.336512 0.663488 0.0773244 0.336292 0.663707 0.0455685 0.326923 0.643233 0.156179 0.336522 0.663478 0.403004 0.337131 0.662869 0.44457 0.337087 0.662913 
2820.4 0.600663 0.33705 0.66295 0.0631312 0.336735 0.663265 0.0773309 0.336564 0.663436 0.0455526 0.327253 0.642904 0.156171 0.336775 0.663225 0.402903 0.33714 0.66286 0.444492 0.337147 0.662853 
2832.4 0.600714 0.337096 0.662904 0.0631225 0.336859 0.663141 0.0773079 0.336848 0.663152 0.0455921 0.326606 0.64355 0.156179 0.336928 0.663072 0.402919 0.337134 0.662866 0.444536 0.33713 0.66287 
2844.4 0.600617 0.337142 0.662858 0.0632075 0.336336 0.663664 0.0773331 0.336553 0.663447 0.0455215 0.327413 0.642743 0.156218 0.336756 0.663244 0.4028 0.337263 0.662737 0.444398 0.337257 0.662743 
2856.4 0.600708 0.337137 0.662863 0.0631403 0.337005 0.662995 0.0773061 0.336757 0.663243 0.0455786 0.326227 0.643929 0.156181 0.336916 0.663084 0.402916 0.33722 0.66278 0.444527 0.337216 0.662784 
2868.4 0.600916 0.33713 0.66287 0.063142 0.337464 0.662536 0.0773746 0.336508 0.663492 0.0455498 0.325926 0.64423 0.156223 0.337014 0.662986 0.403096 0.33717 0.66283 0.444693 0.337171 0.662829 
2880.4 0.60069 0.337172 0.662828 0.0631487 0.337508 0.662492 0.0772491 0.336707 0.663293 0.0454862 0.327484 0.642673 0.15604 0.337239 0.662761 0.403029 0.337213 0.662787 0.44465 0.337144 0.662856 
2892.4 0.600579 0.337176 0.662824 0.0631629 0.337151 0.662849 0.0772333 0.336528 0.663472 0.0455856 0.325854 0.644302 0.156138 0.336793 0.663206 0.402788 0.337404 0.662596 0.444441 0.33729 0.66271 
2904.4 0.600674 0.337071 0.662929 0.0631786 0.336529 0.663471 0.0772785 0.336412 0.663588 0.0455514 0.327592 0.642564 0.156165 0.336639 0.663361 0.402913 0.337258 0.662742 0.444509 0.337197 0.662803 
2916.4 0.600489 0.337136 0.662864 0.0630975 0.33707 0.66293 0.077233 0.336901 0.663099 0.0455896 0.326867 0.643289 0.156076 0.337019 0.662981 0.4028 0.337226 0.662774 0.444413 0.337165 0.662835 
2928.4 0.600698 0.337021 0.662979 0.0631678 0.336675 0.663325 0.0773024 0.336686 0.663314 0.0455453 0.327144 0.643012 0.156172 0.336868 0.663132 0.402896 0.337149 0.662851 0.444526 0.337071 0.662929 
2940.4 0.6007 0.337056 0.662944 0.0631546 0.337018 0.662982 0.0771982 0.33705 0.66295 0.0455463 0.32779 0.642366 0.156055 0.337198 0.662802 0.402966 0.33707 0.662929 0.444644 0.337009 0.662991 
2952.4 0.600846 0.337078 0.662922 0.0631135 0.337388 0.662612 0.0773458 0.336813 0.663187 0.0455763 0.327728 0.642429 0.156192 0.33719 0.66281 0.403017 0.337055 0.662945 0.444654 0.337038 0.662962 
2964.4 0.601095 0.336995 0.663005 0.0632023 0.336452 0.663548 0.0773722 0.336847 0.663153 0.0455924 0.326576 0.643581 0.156323 0.336777 0.663223 0.403084 0.337078 0.662922 0.444772 0.337052 0.662948 
2976.4 0.600647 0.337354 0.662646 0.0631091 0.336762 0.663237 0.0773326 0.336982 0.663018 0.0455546 0.327387 0.642769 0.156153 0.337001 0.662999 0.402854 0.337447 0.662553 0.444495 0.337458 0.662542 
2988.4 0.600855 0.337277 0.662723 0.0631781 0.336559 0.663441 0.0772855 0.337272 0.662728 0.0455618 0.327292 0.642865 0.156182 0.336979 0.663021 0.40304 0.337386 0.662614 0.444673 0.337368 0.662632 
3000.4 0.60089 0.337126 0.662874 0.0631654 0.336115 0.663885 0.0772909 0.337161 0.662839 0.0455608 0.325905 0.644251 0.156173 0.336631 0.663369 0.40307 0.337338 0.662662 0.444717 0.33729 0.66271 
3012.4 0.600602 0.337024 0.662976 0.0630445 0.336411 0.663589 0.0772815 0.337029 0.662971 0.0455158 0.325118 0.645038 0.155998 0.33666 0.66334 0.403005 0.337166 0.662834 0.444604 0.337151 0.662849 
3024.4 0.60086 0.336816 0.663184 0.063136 0.336292 0.663708 0.0773251 0.336721 0.663279 0.045567 0.323756 0.6464 0.156184 0.336481 0.663519 0.403047 0.336963 0.663037 0.444675 0.336939 0.663061 
3036.4 0.600666 0.336979 0.663021 0.0631185 0.337107 0.662893 0.0774007 0.33657 0.66343 0.0455343 0.325232 0.644924 0.15621 0.336796 0.663204 0.402772 0.337091 0.662909 0.444456 0.337041 0.662959 
3048.4 0.600738 0.337049 0.66295 0.0632179 0.33692 0.66308 0.0772657 0.337257 0.662743 0.0455401 0.325678 0.644478 0.15618 0.337058 0.662942 0.402885 0.337051 0.662949 0.444558 0.337016 0.662984 
3060.4 0.600732 0.337197 0.662803 0.0631886 0.336791 0.663209 0.077351 0.337522 0.662478 0.0455364 0.326862 0.643295 0.156232 0.337215 0.662784 0.402867 0.337191 0.662809 0.444499 0.337165 0.662835 
3072.4 0.600798 0.337222 0.662778 0.0631266 0.336859 0.663141 0.0773443 0.337462 0.662538 0.0455816 0.32719 0.642967 0.156209 0.337247 0.662753 0.402947 0.337223 0.662777 0.44459 0.337194 0.662806 
3084.4 0.600655 0.337214 0.662786 0.0631257 0.336364 0.663636 0.077338 0.337228 0.662772 0.0455721 0.327885 0.642271 0.156192 0.336975 0.663025 0.40284 0.337288 0.662712 0.444463 0.337284 0.662716 
3096.4 0.600835 0.337029 0.662971 0.0631217 0.336179 0.66382 0.0773695 0.336919 0.663081 0.0455575 0.327222 0.642935 0.156205 0.336636 0.663364 0.40299 0.337197 0.662803 0.44463 0.337151 0.662849 
3108.4 0.600587 0.337163 0.662837 0.0631113 0.336383 0.663617 0.0772678 0.337381 0.662619 0.0455139 0.32731 0.642846 0.156049 0.337074 0.662926 0.402954 0.337172 0.662828 0.444537 0.337167 0.662833 
3120.4 0.600782 0.337115 0.662885 0.0631272 0.336787 0.663213 0.077347 0.337356 0.662644 0.0455464 0.326945 0.643212 0.156177 0.337163 0.662837 0.402962 0.337099 0.662901 0.444606 0.337081 0.662919 
3132.4 0.600799 0.337148 0.662852 0.0631788 0.336814 0.663186 0.0773943 0.3372 0.6628 0.0455587 0.327043 0.643113 0.156288 0.337017 0.662983 0.402791 0.33731 0.66269 0.444511 0.33719 0.66281 
3144.4 0.60077 0.337148 0.662852 0.0631469 0.33673 0.66327 0.0773348 0.337326 0.662674 0.0455077 0.328235 0.641922 0.156146 0.337141 0.662859 0.403057 0.337157 0.662843 0.444624 0.337131 0.662869 
3156.4 0.600796 0.33695 0.66305 0.0631277 0.336786 0.663214 0.0773252 0.336958 0.663042 0.045514 0.327638 0.642519 0.156123 0.336886 0.663114 0.403088 0.336935 0.663065 0.444673 0.336939 0.663061 
3168.4 0.600565 0.33694 0.66306 0.0631734 0.33658 0.66342 0.0772138 0.337226 0.662774 0.045506 0.326372 0.643784 0.156049 0.336964 0.663036 0.402849 0.336921 0.663079 0.444516 0.336909 0.663091 
3180.4 0.600717 0.336927 0.663073 0.0630564 0.33713 0.66287 0.0772379 0.337223 0.662777 0.0455589 0.325537 0.644619 0.15601 0.337158 0.662842 0.403058 0.336788 0.663212 0.444708 0.336832 0.663168 
3192.4 0.600641 0.337087 0.662913 0.0631824 0.336397 0.663603 0.0773402 0.337167 0.662833 0.0455628 0.325809 0.644348 0.156242 0.336822 0.663178 0.402778 0.337156 0.662844 0.4444 0.337175 0.662825 
3204.4 0.600738 0.337025 0.662975 0.0631712 0.33638 0.66362 0.0773712 0.336657 0.663343 0.0455116 0.325963 0.644194 0.15621 0.336625 0.663375 0.402893 0.337175 0.662825 0.444527 0.337159 0.662841 
3216.4 0.600768 0.33712 0.66288 0.0631315 0.336893 0.663107 0.0772656 0.336814 0.663186 0.0455114 0.326196 0.64396 0.156065 0.336895 0.663105 0.403086 0.337145 0.662855 0.444703 0.337178 0.662822 
3228.4 0.600795 0.337178 0.662822 0.0631415 0.336744 0.663256 0.0772633 0.337098 0.662902 0.0455545 0.326104 0.644052 0.156116 0.336896 0.663104 0.403091 0.337182 0.662818 0.44468 0.337267 0.662733 
3240.4 0.600889 0.337112 0.662888 0.0631574 0.336309 0.663691 0.0773787 0.337155 0.662845 0.0455649 0.325625 0.644531 0.156257 0.336749 0.663251 0.402982 0.337171 0.662829 0.444631 0.337226 0.662774 
3252.4 0.600918 0.337039 0.662961 0.0630838 0.336601 0.663399 0.0773472 0.337572 0.662428 0.045553 0.326776 0.643381 0.15614 0.337171 0.662829 0.403121 0.336934 0.663066 0.444778 0.336982 0.663018 
3264.4 0.600616 0.337116 0.662884 0.0630523 0.336839 0.663161 0.0773323 0.337168 0.662832 0.0455483 0.327319 0.642837 0.156089 0.337132 0.662868 0.402989 0.337014 0.662986 0.444527 0.337095 0.662905 
3276.4 0.600919 0.33691 0.66309 0.0631493 0.336471 0.663529 0.077371 0.336752 0.663248 0.045568 0.327644 0.642512 0.156244 0.336705 0.663295 0.403095 0.336948 0.663052 0.444674 0.336955 0.663045 
3288.4 0.600598 0.337048 0.662952 0.0631064 0.336885 0.663115 0.0772387 0.337085 0.662915 0.0455528 0.328409 0.641747 0.156054 0.337076 0.662924 0.402993 0.337055 0.662945 0.444544 0.337017 0.662983 
3300.4 0.600589 0.337113 0.662887 0.0630592 0.337157 0.662843 0.0772829 0.337037 0.662963 0.0455509 0.32841 0.641746 0.156049 0.337228 0.662772 0.402941 0.337166 0.662834 0.44454 0.33706 0.66294 
3312.4 0.600828 0.33698 0.66302 0.0631776 0.336293 0.663707 0.0772685 0.33712 0.66288 0.0455761 0.328244 0.641913 0.156178 0.336935 0.663065 0.403071 0.337114 0.662885 0.44465 0.33701 0.66299 
3324.4 0.600622 0.337057 0.662943 0.0631165 0.336334 0.663666 0.0772554 0.337288 0.662712 0.0455647 0.328422 0.641734 0.156093 0.337007 0.662993 0.402972 0.337167 0.662833 0.444529 0.337081 0.662919 
3336.4 0.600732 0.337075 0.662925 0.063107 0.336419 0.663581 0.0773131 0.337558 0.662442 0.0455818 0.327641 0.642516 0.156158 0.337143 0.662857 0.402979 0.337123 0.662877 0.444574 0.337052 0.662948 
3348.4 0.600719 0.337011 0.662989 0.0631081 0.336949 0.663051 0.0772685 0.337539 0.662461 0.0455874 0.326901 0.643255 0.15612 0.337293 0.662707 0.403011 0.336901 0.663099 0.444599 0.3369 0.6631 
3360.4 0.60072 0.336904 0.663096 0.0631896 0.336751 0.663249 0.077318 0.336873 0.663127 0.0455597 0.327615 0.642541 0.156224 0.336955 0.663045 0.402885 0.33686 0.66314 0.444496 0.33686 0.66314 
3372.4 0.600689 0.337081 0.662919 0.063234 0.336845 0.663154 0.0771959 0.33751 0.66249 0.0455606 0.327001 0.643155 0.156147 0.337295 0.662705 0.402934 0.336981 0.663019 0.444542 0.336978 0.663021 
3384.4 0.600542 0.337262 0.662738 0.0630844 0.337501 0.662498 0.0771895 0.337623 0.662377 0.0455754 0.326488 0.643668 0.156006 0.337644 0.662356 0.402972 0.337078 0.662922 0.444537 0.337104 0.662896 
3396.4 0.60069 0.337142 0.662858 0.0631326 0.337175 0.662825 0.0772067 0.337396 0.662604 0.0455643 0.326963 0.643193 0.15606 0.337355 0.662645 0.403037 0.337109 0.662891 0.44463 0.337064 0.662936 
3408.4 0.600874 0.337052 0.662947 0.0631754 0.336842 0.663158 0.0772222 0.336916 0.663084 0.04559 0.326429 0.643727 0.156144 0.336945 0.663055 0.403077 0.337196 0.662804 0.44473 0.337083 0.662917 
3420.4 0.600642 0.337067 0.662933 0.0631551 0.336456 0.663544 0.0771344 0.337017 0.662983 0.0455488 0.32826 0.641896 0.155995 0.336911 0.663089 0.403025 0.337218 0.662782 0.444647 0.337118 0.662882 
3432.4 0.600663 0.337041 0.662959 0.0631438 0.336075 0.663925 0.0771387 0.33715 0.66285 0.0455686 0.327605 0.642551 0.156007 0.336759 0.663241 0.403072 0.337132 0.662868 0.444656 0.337126 0.662874 
3444.4 0.600548 0.337068 0.662932 0.0631003 0.336131 0.663868 0.0772341 0.336926 0.663074 0.0455526 0.326185 0.643971 0.156043 0.336676 0.663324 0.402952 0.337158 0.662842 0.444505 0.3372 0.6628 
3456.4 0.600646 0.337033 0.662967 0.0631672 0.336152 0.663848 0.0772761 0.337153 0.662847 0.0455954 0.325772 0.644384 0.156195 0.336694 0.663306 0.402831 0.337171 0.662829 0.444451 0.337149 0.662851 
3468.4 0.600513 0.337149 0.662851 0.0631137 0.336617 0.663383 0.0773208 0.33724 0.66276 0.0455456 0.327548 0.642608 0.156136 0.337084 0.662916 0.402774 0.337163 0.662836 0.444377 0.337166 0.662834 
3480.4 0.600905 0.336917 0.663083 0.0631531 0.335854 0.664146 0.0772923 0.337151 0.662849 0.0455886 0.326797 0.643359 0.15619 0.336757 0.663243 0.403111 0.336905 0.663095 0.444715 0.33694 0.66306 
3492.4 0.600897 0.336957 0.663043 0.0631172 0.33683 0.66317 0.0772705 0.337124 0.662876 0.0455532 0.326867 0.643289 0.156097 0.337163 0.662837 0.403152 0.336925 0.663075 0.444799 0.336878 0.663122 
3504.4 0.600684 0.337085 0.662915 0.0631825 0.337049 0.662951 0.077294 0.337091 0.662909 0.045582 0.326776 0.643381 0.156215 0.337171 0.662829 0.402915 0.337068 0.662932 0.44447 0.337049 0.662951 
3516.4 0.600737 0.33706 0.66294 0.0631534 0.33679 0.66321 0.0773242 0.336851 0.663149 0.0455788 0.326193 0.643963 0.156213 0.336847 0.663153 0.402955 0.337121 0.662879 0.444524 0.337119 0.662881 
3528.4 0.600833 0.336973 0.663027 0.0631531 0.336323 0.663677 0.0771969 0.337205 0.662795 0.045581 0.325901 0.644255 0.156087 0.336771 0.663229 0.403078 0.337044 0.662956 0.444746 0.337018 0.662982 
3540.4 0.600728 0.337021 0.662979 0.0631002 0.335972 0.664028 0.0772371 0.337141 0.662859 0.0455609 0.32621 0.643946 0.156054 0.336594 0.663406 0.402971 0.33722 0.66278 0.444673 0.337158 0.662842 
3552.4 0.600801 0.337006 0.662994 0.0630303 0.336306 0.663694 0.0772991 0.337087 0.662913 0.0455979 0.325354 0.644802 0.156084 0.336671 0.663329 0.403072 0.337123 0.662877 0.444717 0.337112 0.662888 
3564.4 0.600718 0.336906 0.663094 0.0631118 0.335984 0.664016 0.0773001 0.336735 0.663265 0.0455927 0.32649 0.643667 0.156161 0.336464 0.663536 0.402972 0.337022 0.662978 0.444557 0.337041 0.662959 
3576.4 0.600499 0.336934 0.663066 0.0631557 0.335932 0.664068 0.0771659 0.336791 0.663209 0.0455887 0.326877 0.643279 0.156067 0.336583 0.663416 0.402852 0.33701 0.66299 0.444432 0.337038 0.662962 
3588.4 0.600533 0.337027 0.662973 0.0630988 0.336501 0.663499 0.0772453 0.33718 0.66282 0.0455952 0.327173 0.642983 0.156096 0.336969 0.663031 0.402833 0.337071 0.662929 0.444438 0.337042 0.662958 
3600.4 0.600877 0.336888 0.663112 0.0631167 0.336279 0.663721 0.0772847 0.337234 0.662766 0.0456096 0.326628 0.643528 0.156167 0.336803 0.663197 0.40308 0.337013 0.662987 0.44471 0.33691 0.66309 
3612.4 0.600763 0.336906 0.663094 0.0630629 0.336484 0.663516 0.0773268 0.337047 0.662952 0.0455851 0.326465 0.643691 0.156131 0.33683 0.66317 0.403047 0.33706 0.66294 0.444633 0.336939 0.663061 
3624.4 0.600591 0.336986 0.663014 0.0630827 0.336065 0.663935 0.0772729 0.337204 0.662796 0.045569 0.32728 0.642876 0.156081 0.336794 0.663206 0.402915 0.337198 0.662802 0.44451 0.337055 0.662945 
3636.4 0.600717 0.336959 0.66304 0.0630472 0.335818 0.664182 0.0772155 0.337136 0.662864 0.0455865 0.325972 0.644185 0.156005 0.336523 0.663477 0.403079 0.337198 0.662802 0.444711 0.337088 0.662912 
3648.4 0.60064 0.337064 0.662936 0.0630459 0.33599 0.66401 0.0771715 0.337405 0.662595 0.0455497 0.325571 0.644585 0.155923 0.336693 0.663307 0.403075 0.337171 0.662829 0.444717 0.337167 0.662833 
3660.4 0.600829 0.337029 0.662971 0.0630091 0.335965 0.664035 0.0773065 0.337363 0.662637 0.0455957 0.32599 0.644167 0.156067 0.336676 0.663324 0.403013 0.337168 0.662832 0.444761 0.337142 0.662858 
3672.4 0.600852 0.337007 0.662993 0.0630751 0.335245 0.664755 0.0773902 0.337461 0.662539 0.045563 0.326673 0.643483 0.156184 0.336471 0.663529 0.402945 0.337231 0.662769 0.444667 0.337174 0.662826 
3684.4 0.600822 0.336953 0.663047 0.0630647 0.335541 0.664459 0.0773494 0.337492 0.662508 0.0455554 0.326428 0.643728 0.156126 0.336634 0.663366 0.403095 0.337058 0.662942 0.444696 0.337039 0.662961 
3696.4 0.600663 0.336947 0.663053 0.0631112 0.336084 0.663916 0.0773049 0.33723 0.66277 0.0455281 0.326515 0.643642 0.1561 0.336805 0.663195 0.402949 0.337053 0.662947 0.444563 0.336986 0.663014 
3708.4 0.600718 0.336884 0.663116 0.0631435 0.337133 0.662867 0.0772829 0.336921 0.663079 0.0455767 0.326056 0.644101 0.156159 0.33698 0.66302 0.402924 0.336932 0.663068 0.444558 0.336842 0.663158 
3720.4 0.600688 0.33695 0.66305 0.0631577 0.337455 0.662545 0.0772817 0.336775 0.663225 0.0455768 0.325885 0.644271 0.156173 0.337024 0.662976 0.40293 0.336935 0.663065 0.444516 0.336914 0.663086 
3732.4 0.600628 0.337029 0.662971 0.0631427 0.337536 0.662464 0.0772215 0.33692 0.66308 0.045549 0.326583 0.643573 0.15607 0.337207 0.662793 0.402917 0.336997 0.663003 0.444558 0.336953 0.663046 
3744.4 0.6008 0.336923 0.663077 0.0631054 0.337316 0.662684 0.0772084 0.33704 0.66296 0.0455726 0.326068 0.644089 0.156043 0.337171 0.662829 0.403084 0.336891 0.663109 0.444757 0.336839 0.663161 
3756.4 0.600904 0.33697 0.66303 0.0631567 0.336841 0.663159 0.0772656 0.33703 0.66297 0.045561 0.326058 0.644098 0.15614 0.337036 0.662964 0.403146 0.336974 0.663026 0.444765 0.336972 0.663028 
3768.4 0.600913 0.337 0.663 0.0631133 0.337134 0.662866 0.0773429 0.336808 0.663192 0.0455726 0.326223 0.643933 0.156185 0.336971 0.663029 0.403107 0.337077 0.662923 0.444728 0.337011 0.662989 
3780.4 0.600707 0.336991 0.663009 0.0631564 0.336819 0.663181 0.0772523 0.33715 0.66285 0.0455904 0.32591 0.644246 0.156155 0.33699 0.66301 0.40291 0.337109 0.662891 0.444551 0.33699 0.66301 
3792.4 0.600713 0.336907 0.663093 0.0631147 0.336816 0.663184 0.0772736 0.336813 0.663187 0.0455685 0.325391 0.644766 0.156113 0.336832 0.663168 0.402965 0.337016 0.662984 0.4446 0.33691 0.66309 
3804.4 0.60084 0.336857 0.663143 0.0631757 0.33658 0.66342 0.0772769 0.336411 0.663589 0.0455825 0.325956 0.6442 0.156191 0.336598 0.663402 0.403007 0.337061 0.662939 0.444649 0.336944 0.663056 
3816.4 0.600626 0.336907 0.663093 0.0631626 0.336722 0.663278 0.0771303 0.336871 0.663129 0.0455807 0.326964 0.643192 0.15603 0.336989 0.663011 0.403053 0.336914 0.663086 0.444596 0.336883 0.663117 
3828.4 0.60076 0.336791 0.663209 0.0631564 0.336854 0.663146 0.0772478 0.336422 0.663578 0.0455977 0.327011 0.643145 0.156158 0.336794 0.663206 0.403032 0.336862 0.663138 0.444602 0.336795 0.663205 
3840.4 0.600677 0.336832 0.663168 0.063068 0.336841 0.663159 0.0772341 0.33646 0.66354 0.0455906 0.326849 0.643307 0.156049 0.336809 0.663191 0.403016 0.336927 0.663073 0.444628 0.336847 0.663153 
3852.4 0.600778 0.336738 0.663262 0.0631404 0.336177 0.663823 0.0773086 0.336218 0.663782 0.0455937 0.325979 0.644177 0.156199 0.3363 0.6637 0.402975 0.336939 0.663061 0.444579 0.336886 0.663114 
3864.4 0.600478 0.336751 0.663249 0.0631078 0.336367 0.663633 0.0771802 0.336662 0.663338 0.0456012 0.325728 0.644428 0.156045 0.336523 0.663476 0.402865 0.33679 0.66321 0.444433 0.336812 0.663188 
3876.4 0.600695 0.336672 0.663328 0.0631635 0.336347 0.663653 0.0772491 0.336506 0.663494 0.0455627 0.327314 0.642843 0.156132 0.336536 0.663464 0.402903 0.336716 0.663284 0.444564 0.33671 0.66329 
3888.4 0.60081 0.336697 0.663303 0.0631278 0.336493 0.663507 0.0773693 0.336347 0.663653 0.045576 0.327669 0.642488 0.156229 0.336502 0.663498 0.402899 0.336792 0.663208 0.444581 0.336764 0.663236 
3900.4 0.600566 0.336972 0.663028 0.0631728 0.33677 0.66323 0.0773288 0.337027 0.662973 0.0455586 0.32789 0.642267 0.156216 0.337008 0.662992 0.402752 0.336956 0.663044 0.444349 0.336932 0.663068 
3912.4 0.600695 0.336885 0.663115 0.0632284 0.336788 0.663212 0.0773723 0.337261 0.662739 0.0455562 0.32735 0.642806 0.156313 0.337117 0.662883 0.402755 0.336825 0.663175 0.444382 0.336781 0.663219 
3924.4 0.600813 0.336796 0.663204 0.0632052 0.336507 0.663493 0.0773106 0.33727 0.66273 0.0455647 0.327344 0.642812 0.156237 0.337054 0.662946 0.402956 0.336701 0.663299 0.444577 0.336693 0.663307 
3936.4 0.600639 0.336806 0.663194 0.063116 0.3363 0.6637 0.0773046 0.336957 0.663043 0.0455908 0.326066 0.64409 0.156168 0.336666 0.663334 0.402878 0.336853 0.663147 0.444472 0.336835 0.663165 
3948.4 0.60078 0.336711 0.663289 0.0631538 0.336206 0.663794 0.077338 0.336889 0.663111 0.0455385 0.326408 0.643748 0.156187 0.336682 0.663318 0.402982 0.336745 0.663255 0.444593 0.336714 0.663286 
3960.4 0.600715 0.336874 0.663126 0.0631852 0.336481 0.663519 0.0772856 0.337215 0.662785 0.0456015 0.326378 0.643778 0.156228 0.336909 0.663091 0.402881 0.336888 0.663112 0.444487 0.336851 0.663149 
3972.4 0.60054 0.337026 0.662974 0.0631972 0.336763 0.663237 0.0772719 0.336976 0.663024 0.0455612 0.327766 0.64239 0.156187 0.337051 0.662949 0.402808 0.337029 0.662971 0.444353 0.337001 0.662999 
3984.4 0.600896 0.336784 0.663216 0.0632339 0.336387 0.663613 0.0772758 0.336524 0.663476 0.045565 0.327854 0.642302 0.156231 0.336695 0.663305 0.403108 0.336818 0.663182 0.444665 0.336803 0.663197 
3996.4 0.600727 0.336906 0.663094 0.0631322 0.336811 0.663189 0.0772072 0.336708 0.663292 0.0455944 0.327735 0.642421 0.15609 0.336909 0.663091 0.402997 0.336912 0.663088 0.444637 0.336891 0.663109 
4008.4 0.600869 0.336972 0.663028 0.0631345 0.337191 0.662809 0.0772226 0.33652 0.66348 0.04559 0.328078 0.642078 0.156103 0.337052 0.662948 0.403112 0.336877 0.663122 0.444765 0.336933 0.663067 
4020.4 0.600753 0.337016 0.662984 0.0632556 0.336841 0.663159 0.0772029 0.336432 0.663568 0.0456059 0.327516 0.64264 0.156221 0.336872 0.663128 0.402855 0.337036 0.662964 0.444533 0.337061 0.662939 
4032.4 0.60083 0.336883 0.663117 0.0632221 0.336862 0.663138 0.0772338 0.336339 0.663661 0.0456317 0.32646 0.643697 0.156244 0.336669 0.663331 0.402951 0.336918 0.663082 0.444586 0.336951 0.663049 
4044.4 0.60076 0.336768 0.663232 0.0631384 0.336745 0.663255 0.0772631 0.336388 0.663612 0.0455647 0.326823 0.643333 0.156122 0.336716 0.663284 0.403009 0.336749 0.663251 0.444637 0.336781 0.663219 
4056.4 0.600742 0.336758 0.663242 0.0631373 0.336712 0.663288 0.0772219 0.336646 0.663354 0.0455725 0.327123 0.643034 0.156088 0.336699 0.663301 0.402989 0.336755 0.663245 0.444655 0.336766 0.663234 
4068.4 0.600684 0.336965 0.663035 0.063156 0.336717 0.663283 0.0773664 0.336679 0.663321 0.045551 0.326848 0.643308 0.15623 0.336804 0.663196 0.402793 0.336998 0.663002 0.444454 0.336999 0.663001 
4080.4 0.600892 0.336901 0.663099 0.0631789 0.33696 0.663039 0.0773028 0.33757 0.66243 0.0455675 0.326737 0.643419 0.156205 0.337281 0.662719 0.403022 0.336791 0.663209 0.444687 0.336758 0.663242 
4092.4 0.600609 0.336893 0.663107 0.0631923 0.336547 0.663453 0.0774228 0.33746 0.66254 0.0455653 0.326927 0.643229 0.156337 0.337086 0.662914 0.402722 0.336901 0.663099 0.444272 0.336821 0.663179 
4104.4 0.600804 0.336772 0.663228 0.0631724 0.336777 0.663223 0.0773903 0.337401 0.662599 0.0456123 0.325875 0.644281 0.156331 0.337055 0.662945 0.402943 0.336796 0.663204 0.444473 0.336669 0.663331 
4116.4 0.600802 0.336968 0.663032 0.0632122 0.336834 0.663166 0.0773295 0.337241 0.662759 0.0455332 0.327759 0.642397 0.156231 0.337166 0.662834 0.403072 0.33701 0.66299 0.444571 0.336907 0.663093 
4128.4 0.600863 0.336989 0.663011 0.0632989 0.336332 0.663668 0.0773257 0.336831 0.663169 0.0455901 0.326272 0.643885 0.156371 0.336683 0.663317 0.402956 0.337221 0.662779 0.444492 0.337103 0.662897 
4140.4 0.600902 0.33696 0.66304 0.0632513 0.336782 0.663218 0.0772902 0.337249 0.662751 0.0455999 0.326503 0.643654 0.156298 0.337009 0.662991 0.40302 0.337075 0.662925 0.444605 0.336956 0.663044 
4152.4 0.600788 0.337067 0.662933 0.0632337 0.336796 0.663204 0.07738 0.337128 0.662872 0.0455574 0.326854 0.643302 0.156327 0.337016 0.662984 0.402901 0.33709 0.66291 0.444461 0.337072 0.662928 
4164.4 0.600842 0.337032 0.662968 0.0631786 0.336551 0.663449 0.0773118 0.337255 0.662745 0.0455939 0.326247 0.643909 0.156241 0.336892 0.663108 0.40291 0.337113 0.662887 0.444602 0.337075 0.662925 
4176.4 0.600795 0.336973 0.663027 0.0631283 0.336618 0.663382 0.0772371 0.337196 0.662804 0.0455794 0.32689 0.643267 0.156101 0.336947 0.663053 0.403028 0.336925 0.663075 0.444694 0.336978 0.663022 
4188.4 0.600762 0.336836 0.663164 0.0632195 0.336481 0.663519 0.0772879 0.336428 0.663572 0.0455436 0.326539 0.643618 0.156207 0.336496 0.663504 0.402925 0.336843 0.663157 0.444555 0.336956 0.663044 
4200.4 0.600691 0.336807 0.663193 0.0631641 0.337072 0.662928 0.0773105 0.336019 0.663981 0.0455955 0.324497 0.645659 0.156226 0.336356 0.663644 0.402804 0.336911 0.663089 0.444465 0.336952 0.663048 
4212.4 0.600787 0.336867 0.663133 0.0632091 0.336901 0.663099 0.0773297 0.33625 0.66375 0.0455369 0.326341 0.643816 0.156232 0.336641 0.663359 0.40292 0.336941 0.663059 0.444555 0.336939 0.663061 
4224.4 0.600818 0.336916 0.663084 0.0632084 0.336724 0.663276 0.0773147 0.336305 0.663695 0.0455508 0.327389 0.642767 0.15623 0.336631 0.663369 0.402984 0.337043 0.662957 0.444588 0.337011 0.662989 
4236.4 0.60055 0.336962 0.663038 0.0631295 0.33699 0.66301 0.0772272 0.336526 0.663474 0.0455644 0.326647 0.643509 0.156077 0.336814 0.663186 0.402882 0.337003 0.662997 0.444473 0.337 0.663 
4248.4 0.600824 0.336828 0.663172 0.063204 0.336187 0.663813 0.0772259 0.336948 0.663052 0.0455828 0.32608 0.644076 0.156169 0.336729 0.663271 0.402997 0.336833 0.663167 0.444655 0.336851 0.663149 
4260.4 0.60091 0.33693 0.66307 0.0631635 0.336236 0.663764 0.0773166 0.336999 0.663001 0.0455727 0.326412 0.643744 0.156209 0.336767 0.663233 0.403016 0.336948 0.663052 0.444701 0.33699 0.66301 
4272.4 0.600898 0.336954 0.663046 0.0632014 0.336096 0.663904 0.0772711 0.337008 0.662992 0.0455953 0.325383 0.644773 0.156224 0.336517 0.663483 0.403024 0.337037 0.662963 0.444674 0.337092 0.662908 
4284.4 0.600688 0.336887 0.663113 0.063152 0.336694 0.663306 0.0772601 0.336995 0.663005 0.0455685 0.324963 0.645193 0.156137 0.336776 0.663224 0.402912 0.336907 0.663093 0.444552 0.336915 0.663085 
4296.4 0.600542 0.33679 0.66321 0.0631707 0.336718 0.663282 0.0772639 0.336895 0.663105 0.0455319 0.32455 0.645606 0.156123 0.336751 0.663249 0.402813 0.336783 0.663217 0.444419 0.336803 0.663197 
4308.4 0.600786 0.336755 0.663245 0.0631964 0.336853 0.663147 0.0772725 0.336852 0.663148 0.0455569 0.324405 0.645751 0.156182 0.336728 0.663272 0.402965 0.336702 0.663298 0.444603 0.336752 0.663248 
4320.4 0.601049 0.336802 0.663198 0.0632017 0.337091 0.662909 0.0772789 0.336969 0.663031 0.0455563 0.325145 0.645011 0.156193 0.336973 0.663027 0.403213 0.336637 0.663363 0.444856 0.336705 0.663295 
4332.4 0.600945 0.336736 0.663264 0.0632642 0.336738 0.663262 0.0773488 0.33663 0.66337 0.0455692 0.325627 0.644529 0.156338 0.336733 0.663267 0.402998 0.336684 0.663316 0.444607 0.336701 0.663299 
4344.4 0.60049 0.336902 0.663098 0.0631893 0.337297 0.662703 0.077284 0.336705 0.663295 0.0455823 0.32719 0.642967 0.156212 0.337052 0.662948 0.402669 0.336804 0.663196 0.444279 0.336828 0.663172 
4356.4 0.600609 0.336805 0.663195 0.0631507 0.337298 0.662702 0.0772117 0.336883 0.663117 0.0456098 0.32609 0.644066 0.156128 0.337079 0.662921 0.402791 0.336684 0.663315 0.44448 0.336693 0.663307 
4368.4 0.600697 0.336593 0.663407 0.0632334 0.336372 0.663628 0.0772761 0.336583 0.663417 0.0456192 0.325726 0.64443 0.156285 0.336569 0.663431 0.4028 0.336559 0.663441 0.444412 0.33658 0.66342 
4380.4 0.60071 0.336638 0.663362 0.0631134 0.337167 0.662833 0.0773583 0.336728 0.663272 0.0455895 0.326884 0.643272 0.156217 0.337081 0.662919 0.402875 0.33644 0.66356 0.444492 0.336472 0.663528 
4392.4 0.600612 0.336776 0.663224 0.0631763 0.337408 0.662592 0.077373 0.336663 0.663337 0.0455972 0.326149 0.644008 0.156303 0.337081 0.662919 0.402706 0.336615 0.663384 0.444309 0.336649 0.663351 
4404.4 0.600697 0.33676 0.66324 0.0632613 0.337303 0.662697 0.077289 0.336658 0.663342 0.0455786 0.325709 0.644448 0.156285 0.336919 0.663081 0.402804 0.336676 0.663324 0.444412 0.336697 0.663303 
4416.4 0.600641 0.336876 0.663124 0.0632338 0.337277 0.662723 0.0772156 0.336746 0.663254 0.045513 0.325969 0.644187 0.156119 0.337022 0.662978 0.402935 0.336758 0.663242 0.444522 0.336822 0.663178 
4428.4 0.600804 0.33664 0.66336 0.0632791 0.336735 0.663265 0.0772878 0.336412 0.663588 0.0455611 0.325291 0.644866 0.156284 0.33652 0.663479 0.40292 0.336636 0.663364 0.44452 0.336665 0.663335 
4440.4 0.600632 0.336505 0.663495 0.0631735 0.337092 0.662908 0.0772681 0.336279 0.663721 0.0455587 0.325723 0.644433 0.156157 0.336655 0.663345 0.402895 0.33646 0.66354 0.444476 0.336453 0.663547 
4452.4 0.600412 0.336543 0.663405 0.0632134 0.336795 0.663152 0.0773032 0.33632 0.663628 0.0455842 0.32602 0.644084 0.156153 0.336626 0.663322 0.402755 0.3365 0.663448 0.444311 0.336512 0.663436 
4464.4 0.600638 0.336515 0.663433 0.0632114 0.337013 0.662935 0.0773671 0.336407 0.663541 0.0455932 0.326172 0.643932 0.156224 0.336687 0.663261 0.402849 0.336474 0.663474 0.444466 0.336462 0.663486 
4476.4 0.600322 0.336712 0.663236 0.0632548 0.33686 0.663088 0.0773261 0.336654 0.663294 0.0455996 0.32493 0.645174 0.156233 0.336602 0.663346 0.402609 0.336727 0.663221 0.444141 0.336761 0.663186 
4488.4 0.600679 0.33667 0.663226 0.0633248 0.336437 0.663459 0.0774124 0.33638 0.663516 0.0456419 0.325269 0.644783 0.156327 0.336413 0.663483 0.402854 0.336783 0.663113 0.444456 0.336749 0.663147 
4500.4 0.600842 0.33677 0.663126 0.0632425 0.33663 0.663266 0.0774581 0.33634 0.663556 0.0457056 0.324683 0.645369 0.156354 0.336414 0.663482 0.402945 0.336982 0.662914 0.444592 0.336893 0.663002 
4512.4 0.600834 0.336733 0.663163 0.0632709 0.33621 0.663685 0.0773304 0.336762 0.663134 0.0457057 0.324165 0.645887 0.156255 0.336413 0.663483 0.403114 0.336882 0.663013 0.444683 0.33682 0.663076 
4524.4 0.600746 0.336657 0.663239 0.0632372 0.336363 0.663533 0.0773993 0.336292 0.663603 0.0456602 0.323968 0.646084 0.156245 0.336209 0.663687 0.402995 0.336892 0.663004 0.444606 0.336801 0.663095 
4536.4 0.600622 0.336811 0.663033 0.0633554 0.336479 0.663365 0.0774107 0.336346 0.663497 0.0457178 0.324452 0.645548 0.156328 0.336304 0.66354 0.402895 0.336994 0.66285 0.44445 0.33699 0.662854 
4548.4 0.600864 0.336772 0.662915 0.0635395 0.336687 0.663001 0.0775057 0.336578 0.66311 0.0458902 0.325532 0.644311 0.156467 0.336605 0.663083 0.403081 0.33684 0.662848 0.44471 0.336812 0.662876 
