0 1.19728 -0.239334 -0.297926 1.43662 181.763 181.746 181.762 0.0168311 0.00266204 0.00356009 -0.00773145 0.00267407 0.00351234 -0.00783101 
8 1.19988 -0.228474 -0.320697 1.42835 181.762 181.752 181.759 0.0099384 0.00338575 0.00373071 -0.00191659 0.00339599 0.00367793 -0.00201841 
16 1.20996 -0.241089 -0.338348 1.45105 181.761 181.754 181.76 0.00656765 0.00141334 0.00441044 0.0046682 0.00141935 0.00435247 0.0045617 
24 1.20945 -0.264416 -0.360941 1.47386 181.758 181.755 181.765 0.00268734 -0.00110096 0.00835351 0.00669349 -0.00109543 0.00829236 0.00658269 
32 1.19659 -0.287538 -0.38304 1.48412 181.757 181.755 181.769 0.00205182 -0.00397191 0.0178497 0.00378499 -0.00396352 0.0177873 0.00367241 
40 1.16571 -0.311536 -0.40299 1.47725 181.761 181.751 181.771 0.0103084 -0.00403375 0.0247077 0.000614352 -0.00402421 0.0246452 0.000503864 
48 1.12811 -0.334182 -0.427439 1.46229 181.769 181.743 181.771 0.025083 -0.00157165 0.02365 -0.00325924 -0.00156341 0.0235867 -0.00336427 
56 1.09175 -0.322402 -0.44995 1.41415 181.774 181.738 181.771 0.0359875 0.00229969 0.0182745 -0.00599745 0.00230465 0.0182125 -0.0060977 
64 1.0651 -0.282905 -0.456333 1.34801 181.774 181.736 181.771 0.0376768 0.00307072 0.0129504 -0.00557504 0.00307293 0.012891 -0.00567467 
72 1.05589 -0.225758 -0.436763 1.28165 181.77 181.736 181.775 0.0343244 -0.00201199 0.00986993 -0.00609737 -0.00201379 0.00981401 -0.0062004 
80 1.06362 -0.177082 -0.39948 1.2407 181.765 181.735 181.782 0.0305096 -0.00776497 0.0101383 -0.00801834 -0.00776995 0.0100851 -0.00812358 
88 1.07569 -0.152227 -0.365664 1.22792 181.761 181.733 181.79 0.0283329 -0.0106535 0.0128925 -0.00645657 -0.0106587 0.012841 -0.00656213 
96 1.097 -0.154629 -0.342871 1.25163 181.762 181.733 181.79 0.0292047 -0.00974069 0.0140029 -0.00191379 -0.00974381 0.0139521 -0.00201652 
104 1.1122 -0.175926 -0.337803 1.28812 181.766 181.737 181.782 0.0288353 -0.00579672 0.0107472 0.00289431 -0.00579538 0.0106943 0.0027952 
112 1.12324 -0.206508 -0.343454 1.32975 181.769 181.743 181.774 0.0259316 -0.00358548 0.00703082 0.00278598 -0.00357894 0.00697301 0.00268814 
120 1.11795 -0.225671 -0.3447 1.34362 181.77 181.746 181.772 0.0245588 -0.00114323 0.00698463 -0.00139359 -0.00113569 0.00692214 -0.00149387 
128 1.11546 -0.229212 -0.326643 1.34467 181.77 181.747 181.774 0.0224628 0.000764281 0.006775 -0.00665083 0.000769575 0.00671096 -0.00675514 
136 1.10594 -0.222005 -0.290819 1.32795 181.767 181.749 181.775 0.0183937 0.00273301 0.00715703 -0.0109611 0.00273368 0.00709516 -0.0110669 
144 1.1016 -0.228911 -0.270301 1.33051 181.764 181.749 181.776 0.014354 0.00214319 0.00793652 -0.0116962 0.00214146 0.0078788 -0.0118004 
152 1.09118 -0.254826 -0.258257 1.34601 181.761 181.749 181.778 0.0120407 -0.00149343 0.00801257 -0.00941075 -0.00149572 0.00795896 -0.00950952 
160 1.07565 -0.287915 -0.254702 1.36357 181.758 181.751 181.778 0.00715011 -0.00601334 0.0100766 -0.00643783 -0.00601616 0.0100245 -0.00653083 
168 1.06987 -0.298137 -0.251208 1.36801 181.755 181.753 181.778 0.002687 -0.00909329 0.0157731 -0.00521212 -0.00909759 0.0157207 -0.00530224 
176 1.07502 -0.291979 -0.250339 1.367 181.756 181.751 181.779 0.00543443 -0.0109729 0.0194381 -0.00230199 -0.010977 0.0193831 -0.00239227 
184 1.07755 -0.281444 -0.247912 1.359 181.76 181.747 181.779 0.0131262 -0.0097016 0.0181088 0.00367236 -0.00970442 0.0180507 0.00358094 
192 1.0747 -0.270569 -0.2434 1.34527 181.768 181.745 181.775 0.0223523 -0.00779575 0.0131483 0.00559847 -0.00779853 0.0130888 0.0055059 
200 1.06956 -0.263816 -0.235941 1.33338 181.777 181.744 181.769 0.033116 -0.00764709 0.0106059 0.000153608 -0.00765084 0.0105479 5.91746e-05 
208 1.05428 -0.26022 -0.237273 1.3145 181.784 181.741 181.766 0.0428668 -0.00966564 0.0122519 -0.00718973 -0.00966882 0.0121972 -0.00728519 
216 1.03667 -0.259323 -0.247342 1.29599 181.783 181.74 181.768 0.0432652 -0.0126703 0.0172846 -0.0113352 -0.0126692 0.0172344 -0.0114307 
224 1.02132 -0.258158 -0.27756 1.27948 181.776 181.739 181.775 0.0366546 -0.0142493 0.0191989 -0.0111058 -0.0142426 0.0191537 -0.0112006 
232 1.01827 -0.260482 -0.32455 1.27875 181.769 181.74 181.782 0.02934 -0.0140864 0.0142877 -0.00926991 -0.014076 0.0142459 -0.00936574 
240 1.02562 -0.263767 -0.360255 1.28939 181.768 181.741 181.783 0.0268891 -0.0134052 0.00895522 -0.00955997 -0.0133953 0.00891304 -0.00965798 
248 1.0364 -0.258821 -0.368566 1.29522 181.769 181.745 181.777 0.0245893 -0.0101101 0.0082101 -0.00596351 -0.0101025 0.00816445 -0.00606368 
256 1.04212 -0.240729 -0.342059 1.28285 181.771 181.748 181.772 0.0230739 -0.00500386 0.00725022 0.00296794 -0.00499863 0.00720257 0.00286673 
264 1.03172 -0.207848 -0.294079 1.23957 181.769 181.751 181.77 0.0180759 -0.00323252 0.00791617 0.0107949 -0.00322762 0.0078695 0.0106948 
272 1.0116 -0.149662 -0.249721 1.16126 181.762 181.755 181.772 0.0076029 -0.00536309 0.00883 0.014261 -0.00535642 0.00878517 0.014163 
280 1.00119 -0.0929706 -0.216776 1.09416 181.759 181.759 181.771 7.15082e-05 -0.00791631 0.00746269 0.0133753 -0.00791011 0.00741669 0.0132776 
288 1.00587 -0.0711242 -0.203344 1.077 181.762 181.758 181.767 0.00422581 -0.00811077 0.00703161 0.0100863 -0.00810659 0.00698279 0.00998981 
296 1.02433 -0.0770575 -0.209174 1.10139 181.768 181.755 181.76 0.0122211 -0.00559152 0.00604883 0.00625169 -0.00558862 0.00599918 0.00615803 
304 1.03213 -0.106098 -0.226203 1.13823 181.77 181.758 181.752 0.0126031 -0.0025181 0.00730504 0.00211386 -0.00251322 0.0072555 0.00202278 
312 1.01227 -0.150554 -0.240685 1.16283 181.769 181.763 181.747 0.00543471 -0.00228172 0.00972686 -0.00352377 -0.002275 0.00967603 -0.00361555 
320 0.979919 -0.201196 -0.241249 1.18111 181.763 181.766 181.75 -0.00314841 -0.00582704 0.0128253 -0.00570079 -0.00581933 0.0127715 -0.00579447 
328 0.961046 -0.250685 -0.232904 1.21173 181.756 181.766 181.759 -0.00979448 -0.0120857 0.0161118 -0.00561576 -0.0120795 0.0160548 -0.00571192 
336 0.950818 -0.274608 -0.232834 1.22543 181.751 181.765 181.767 -0.0143165 -0.0134125 0.0182963 -0.00263158 -0.0134102 0.0182367 -0.00273061 
344 0.94429 -0.273678 -0.230386 1.21797 181.75 181.764 181.769 -0.0139201 -0.00983525 0.0178378 0.00233349 -0.00983933 0.0177757 0.00223138 
352 0.924069 -0.25645 -0.227607 1.18052 181.753 181.762 181.769 -0.00915212 -0.00640443 0.0144051 0.00863984 -0.00641467 0.0143428 0.00853797 
360 0.88763 -0.24572 -0.23506 1.13335 181.754 181.76 181.769 -0.0060983 -0.00420675 0.00984257 0.0146092 -0.00422208 0.00978299 0.0145111 
368 0.836854 -0.250075 -0.24837 1.08693 181.753 181.76 181.769 -0.00671618 -0.000729168 0.00876731 0.0181686 -0.000743542 0.00871106 0.0180777 
376 0.798011 -0.273273 -0.257287 1.07128 181.752 181.761 181.769 -0.00938099 0.0003191 0.00881213 0.0176896 0.000310755 0.00875756 0.0176063 
384 0.778212 -0.293735 -0.251384 1.07195 181.752 181.76 181.768 -0.00788953 -0.00191276 0.00657844 0.0155309 -0.00191331 0.00652498 0.0154519 
392 0.760295 -0.311893 -0.248402 1.07219 181.759 181.754 181.765 0.00525785 -0.00433568 0.00290717 0.014068 -0.00433071 0.00285513 0.0139894 
400 0.745315 -0.319139 -0.269581 1.06445 181.766 181.749 181.762 0.0170398 -0.00588159 8.71424e-06 0.0126544 -0.00587511 -4.46461e-05 0.0125756 
408 0.734751 -0.335013 -0.295752 1.06976 181.768 181.748 181.763 0.0197327 -0.00647387 -0.00176446 0.0135655 -0.00647063 -0.00182329 0.0134874 
416 0.724143 -0.353672 -0.315491 1.07782 181.769 181.748 181.765 0.0203964 -0.00725432 -0.00348279 0.0157626 -0.00725567 -0.00354707 0.015686 
424 0.696383 -0.349667 -0.323141 1.04605 181.766 181.751 181.766 0.0146115 -0.00976301 -0.00297073 0.0156316 -0.00976671 -0.00303548 0.0155589 
432 0.659614 -0.315431 -0.322847 0.975045 181.761 181.758 181.764 0.00286599 -0.0135204 -0.00160061 0.0104713 -0.013524 -0.00166189 0.0104031 
440 0.615387 -0.26843 -0.304052 0.883817 181.762 181.761 181.761 0.000353024 -0.0180768 0.0040482 0.00244994 -0.0180791 0.00399037 0.00238512 
448 0.554572 -0.222126 -0.290463 0.776698 181.764 181.761 181.758 0.0033746 -0.014891 0.0103215 -0.00459702 -0.0148919 0.0102659 -0.00466012 
456 0.493221 -0.184465 -0.306065 0.677686 181.762 181.763 181.757 -0.00183181 -0.00667847 0.0149259 -0.00395386 -0.00667781 0.0148706 -0.00401522 
464 0.422732 -0.165088 -0.324931 0.587821 181.757 181.767 181.758 -0.0092167 0.000201881 0.0146248 0.000424776 0.000202592 0.0145691 0.000366286 
472 0.355314 -0.154823 -0.341934 0.510137 181.757 181.765 181.759 -0.00732847 0.000498614 0.00992599 0.00169893 0.000496851 0.00987022 0.0016416 
480 0.292941 -0.147711 -0.334606 0.440652 181.761 181.758 181.759 0.00224789 -0.00138069 0.00599846 -0.0025307 -0.00138512 0.0059433 -0.002587 
488 0.23216 -0.127179 -0.313633 0.359339 181.763 181.752 181.762 0.0103719 -0.00404497 0.00752871 -0.00759356 -0.00405057 0.00747502 -0.00764671 
496 0.152232 -0.109938 -0.27266 0.26217 181.762 181.749 181.767 0.0129658 -0.00613423 0.0114455 -0.00829295 -0.00614035 0.0113916 -0.00833914 
504 0.0599582 -0.0974764 -0.231991 0.157434 181.76 181.745 181.771 0.0157786 -0.00754563 0.00795132 -0.00711226 -0.00755132 0.00789696 -0.00714978 
512 -0.0414362 -0.0891906 -0.207449 0.0477544 181.76 181.741 181.775 0.0197085 -0.00815506 0.00508641 -0.00796486 -0.00816094 0.00503332 -0.0079958 
520 -0.14021 -0.0780682 -0.213904 -0.0621421 181.763 181.739 181.775 0.0245912 -0.00705623 0.00949621 -0.00966045 -0.00706357 0.00944737 -0.00968513 
528 -0.231128 -0.0768881 -0.241718 -0.154239 181.767 181.74 181.772 0.0261726 -0.00686603 0.0168178 -0.0066869 -0.00687554 0.0167731 -0.00670306 
536 -0.304398 -0.0778212 -0.264101 -0.226576 181.77 181.742 181.768 0.0278121 -0.00748877 0.0240409 -0.00179946 -0.00750048 0.0239983 -0.00180808 
544 -0.365867 -0.0774301 -0.283668 -0.288437 181.773 181.738 181.77 0.0355013 -0.0075799 0.0262711 0.00538261 -0.00759216 0.0262265 0.00537764 
552 -0.425547 -0.0624075 -0.303041 -0.363139 181.777 181.737 181.769 0.0400644 -0.00693662 0.02185 0.0114257 -0.00694827 0.0218015 0.0114214 
560 -0.489963 -0.0520554 -0.310504 -0.437908 181.776 181.746 181.763 0.0299113 -0.00346122 0.0157474 0.0122406 -0.00347296 0.0156968 0.0122368 
568 -0.574626 -0.0555669 -0.302716 -0.51906 181.77 181.756 181.761 0.0141542 0.000335359 0.0105939 0.00767417 0.000322178 0.0105424 0.00767205 
576 -0.665975 -0.043295 -0.281318 -0.622681 181.766 181.759 181.762 0.00723661 0.00336113 0.00533281 0.00227755 0.00334597 0.00528266 0.00227861 
584 -0.757199 -0.00892604 -0.268067 -0.748273 181.769 181.759 181.761 0.0103744 0.0075499 -0.000303511 -0.00301388 0.00753462 -0.000348211 -0.0030076 
592 -0.84454 0.0380926 -0.260176 -0.882632 181.771 181.76 181.758 0.0109516 0.00972723 -0.00333283 -0.00640517 0.00971198 -0.00336934 -0.00639304 
600 -0.936035 0.084615 -0.248003 -1.02065 181.769 181.761 181.757 0.00796646 0.00488868 -0.00261793 -0.00879429 0.00487086 -0.0026458 -0.00877789 
608 -1.03172 0.108999 -0.231098 -1.14071 181.766 181.761 181.761 0.00554956 -0.0024649 -0.000312114 -0.00841037 -0.00248505 -0.000334306 -0.00838966 
616 -1.14867 0.114682 -0.221033 -1.26335 181.76 181.76 181.768 -8.52694e-05 -0.00628733 0.00315654 -0.00825535 -0.00630603 0.00313812 -0.00822804 
624 -1.2826 0.113584 -0.226395 -1.39619 181.756 181.762 181.771 -0.00587296 -0.00452942 0.00736486 -0.00938099 -0.00454485 0.00734905 -0.00934416 
632 -1.41578 0.108581 -0.239353 -1.52436 181.757 181.763 181.77 -0.00579931 -0.000827294 0.00863618 -0.00950859 -0.000839148 0.00862173 -0.00946236 
640 -1.5447 0.100789 -0.237523 -1.64549 181.76 181.764 181.767 -0.0036935 0.000212284 0.00563372 -0.00753393 0.000203469 0.00561819 -0.00748037 
648 -1.68944 0.0958443 -0.226784 -1.78528 181.762 181.765 181.765 -0.00276881 -0.00276927 0.00118537 -0.00534641 -0.00277617 0.00116735 -0.00528597 
656 -1.8463 0.0987018 -0.214833 -1.94501 181.763 181.767 181.764 -0.00389558 -0.00668284 -0.000273047 -0.0044703 -0.00668877 -0.000290723 -0.0044 
664 -2.01662 0.0980882 -0.207647 -2.11471 181.765 181.766 181.762 -0.00100379 -0.00521798 0.00272999 -0.00593342 -0.00522264 0.00271391 -0.00584881 
672 -2.19106 0.0981328 -0.213138 -2.28919 181.766 181.76 181.765 0.00622952 -0.00389997 0.00418053 -0.0075388 -0.00390533 0.00416593 -0.00743906 
680 -2.36348 0.111816 -0.238743 -2.47529 181.765 181.753 181.77 0.0118577 -0.0039121 0.00240525 -0.0091711 -0.00392089 0.00239211 -0.00905819 
688 -2.52787 0.133819 -0.271487 -2.66169 181.762 181.753 181.77 0.0096924 -0.004128 -0.000484037 -0.00925969 -0.00414065 -0.00049444 -0.00913688 
696 -2.70701 0.14283 -0.300239 -2.84984 181.759 181.76 181.766 -0.000817492 -0.00835286 0.000501398 -0.00580738 -0.00836423 0.000493423 -0.00567579 
704 -2.90991 0.141483 -0.317859 -3.05139 181.756 181.763 181.767 -0.00770051 -0.0144396 0.00158901 -0.00150881 -0.0144465 0.00158309 -0.00136705 
712 -3.13058 0.133019 -0.32862 -3.2636 181.754 181.761 181.771 -0.00709775 -0.0174031 -0.00147109 0.00181399 -0.0174049 -0.00147526 0.00196883 
720 -3.3585 0.113336 -0.342187 -3.47183 181.756 181.757 181.774 -0.00108016 -0.013409 -0.00580922 0.0016763 -0.0134073 -0.00581484 0.0018478 
728 -3.59078 0.0953315 -0.363049 -3.68612 181.758 181.754 181.776 0.0036223 -0.00586329 -0.00821526 0.000810303 -0.00585994 -0.00822485 0.00100113 
736 -3.82017 0.0788933 -0.377626 -3.89907 181.761 181.752 181.776 0.00830384 -0.00372976 -0.00906452 -0.000573356 -0.00372555 -0.00907652 -0.000364933 
744 -4.04743 0.0618588 -0.381169 -4.10929 181.764 181.749 181.777 0.0156669 -0.00647054 -0.00872061 -0.00227521 -0.00646495 -0.00873184 -0.00205418 
752 -4.28087 0.0409531 -0.367205 -4.32182 181.767 181.745 181.779 0.0218505 -0.00874766 -0.00764294 -0.00369764 -0.00874256 -0.00765112 -0.00346722 
760 -4.52836 0.0461505 -0.343155 -4.57451 181.765 181.745 181.783 0.0200552 -0.00952431 -0.00858739 -0.00362971 -0.00951939 -0.00859203 -0.00339086 
768 -4.78696 0.0670401 -0.319686 -4.854 181.758 181.746 181.788 0.0118418 -0.00836882 -0.0122491 -0.00529639 -0.00836336 -0.0122519 -0.00504599 
776 -5.05895 0.102842 -0.308025 -5.16179 181.753 181.749 181.788 0.00373521 -0.00329172 -0.014967 -0.00605065 -0.00328345 -0.014969 -0.00578342 
784 -5.34937 0.132084 -0.307323 -5.48145 181.751 181.753 181.787 -0.00140551 0.00113654 -0.0151632 -0.00640129 0.00114884 -0.0151642 -0.00611342 
792 -5.66193 0.160744 -0.3082 -5.82267 181.753 181.755 181.785 -0.00206831 0.00389936 -0.0113305 -0.00587723 0.00391505 -0.0113318 -0.00556676 
800 -5.99567 0.170734 -0.304286 -6.16641 181.757 181.756 181.782 0.00088207 0.00549057 -0.00419478 -0.00327646 0.00550933 -0.00419908 -0.00294228 
808 -6.34231 0.151807 -0.294209 -6.49412 181.762 181.754 181.779 0.00719023 0.00570722 0.000751395 -0.000240906 0.00572785 0.00074111 0.000115504 
816 -6.70366 0.11653 -0.280402 -6.82019 181.765 181.754 181.778 0.0109328 0.000955338 0.0027246 0.00115024 0.000973722 0.00270804 0.00152942 
824 -7.07686 0.088891 -0.272207 -7.16575 181.77 181.755 181.776 0.0146983 -0.00422253 0.00347461 -0.00192821 -0.00420737 0.00345412 -0.00152785 
832 -7.45181 0.088312 -0.275525 -7.54012 181.776 181.753 181.773 0.0226293 -0.00585632 0.00301058 -0.00739734 -0.00584111 0.00298998 -0.00697898 
840 -7.85735 0.107202 -0.286213 -7.96455 181.781 181.748 181.771 0.0330439 -0.00860749 0.00194573 -0.0114197 -0.00858965 0.00192711 -0.0109817 
848 -8.3148 0.136258 -0.29519 -8.45106 181.781 181.746 181.773 0.0348199 -0.0107561 0.00392315 -0.013092 -0.010735 0.00390623 -0.0126288 
856 -8.81186 0.147916 -0.32201 -8.95978 181.776 181.744 181.777 0.0320356 -0.00830527 0.00747666 -0.0103189 -0.00827905 0.00746002 -0.00982518 
864 -9.30081 0.139869 -0.343967 -9.44068 181.772 181.741 181.782 0.0314123 -0.00283049 0.00889261 -0.00583222 -0.00280179 0.00887825 -0.00530742 
872 -9.78378 0.113886 -0.35004 -9.89766 181.77 181.737 181.788 0.032943 0.00300372 0.00704022 -0.00389444 0.00303017 0.00702995 -0.00333822 
880 -10.2737 0.0884792 -0.338071 -10.3622 181.769 181.737 181.789 0.031362 0.0075333 0.00288783 -0.00519342 0.00755587 0.00288126 -0.00460736 
888 -10.7802 0.0768597 -0.316734 -10.8571 181.768 181.74 181.786 0.0283906 0.0100926 -0.00155895 -0.00524565 0.0101118 -0.00156584 -0.00462947 
896 -11.3103 0.0845259 -0.300682 -11.3948 181.769 181.747 181.78 0.0220969 0.00984163 -0.00264834 -0.00476565 0.00985779 -0.00265674 -0.00411811 
904 -11.879 0.0922934 -0.290054 -11.9713 181.768 181.751 181.777 0.0166346 0.00850999 0.00188368 -0.00324584 0.00852353 0.00187558 -0.00256531 
912 -12.4931 0.100629 -0.287214 -12.5937 181.772 181.751 181.775 0.0211124 0.00770485 0.00794915 -7.38224e-05 0.00771669 0.00794087 0.000640748 
920 -13.125 0.116174 -0.293497 -13.2411 181.776 181.751 181.771 0.0249371 0.00741295 0.0130364 0.00324393 0.00742278 0.0130261 0.00399379 
928 -13.7646 0.141666 -0.300569 -13.9063 181.775 181.752 181.771 0.0227389 0.00505761 0.0124854 0.00482931 0.00506557 0.0124733 0.00561611 
936 -14.4101 0.174714 -0.301105 -14.5848 181.773 181.75 181.773 0.0226721 0.00455715 0.00967449 0.0038703 0.00456271 0.00966609 0.00469306 
944 -15.0777 0.20723 -0.309927 -15.2849 181.775 181.747 181.772 0.0280208 0.0067275 0.0072708 -0.000714986 0.00673358 0.00726725 0.000142522 
952 -15.7662 0.230008 -0.326629 -15.9962 181.779 181.747 181.768 0.0328383 0.00793941 0.00636075 -0.00305145 0.0079479 0.00635898 -0.0021583 
960 -16.4593 0.236727 -0.3368 -16.696 181.784 181.746 181.763 0.038714 0.0046607 0.00886647 -0.00321539 0.00467136 0.00886308 -0.00228552 
968 -17.1435 0.233347 -0.325117 -17.3769 181.79 181.745 181.758 0.0450791 0.00296073 0.0147383 -0.00166991 0.00297125 0.0147331 -0.00070256 
976 -17.822 0.234577 -0.316816 -18.0566 181.793 181.745 181.753 0.0487957 0.00429622 0.0181181 0.00193615 0.00430467 0.018113 0.00294237 
984 -18.5032 0.244998 -0.31313 -18.7482 181.795 181.744 181.752 0.0510159 0.00901878 0.0160901 0.00712509 0.00902524 0.0160875 0.00817257 
992 -19.1991 0.266674 -0.312102 -19.4657 181.795 181.742 181.753 0.0532789 0.0149205 0.0109904 0.00972734 0.0149276 0.0109928 0.0108179 
1000 -19.9206 0.291784 -0.299219 -20.2124 181.792 181.742 181.754 0.0502227 0.0163636 0.00793626 0.00820253 0.0163735 0.00794408 0.00933819 
1008 -20.6697 0.303049 -0.277911 -20.9728 181.791 181.744 181.753 0.046809 0.0113129 0.0103312 0.0060889 0.011325 0.0103426 0.00727105 
1016 -21.4338 0.298273 -0.256708 -21.732 181.795 181.743 181.751 0.0518615 0.00509016 0.0155471 0.0058325 0.00510296 0.0155582 0.00706013 
1024 -22.1937 0.290876 -0.248026 -22.4846 181.803 181.738 181.75 0.0649038 0.000853352 0.0213894 0.00758789 0.000865359 0.0213971 0.00886 
1032 -22.9436 0.292223 -0.243299 -23.2358 181.809 181.733 181.749 0.0759837 -0.00281242 0.026131 0.00960032 -0.00280369 0.0261333 0.0109177 
1040 -23.6765 0.304364 -0.248167 -23.9808 181.811 181.731 181.749 0.0795677 -0.00399473 0.0269673 0.00942012 -0.00399028 0.0269646 0.0107817 
1048 -24.4045 0.323773 -0.259001 -24.7283 181.81 181.73 181.753 0.0801867 -0.000812854 0.0222436 0.0105348 -0.000811015 0.0222378 0.011938 
1056 -25.1215 0.349295 -0.276453 -25.4708 181.808 181.731 181.755 0.0774771 0.00292381 0.0147622 0.0116167 0.0029254 0.0147571 0.0130603 
1064 -25.8294 0.368507 -0.276256 -26.1979 181.809 181.735 181.753 0.0748096 0.0025541 0.0102328 0.0131724 0.00255635 0.0102311 0.0146579 
1072 -26.5302 0.382191 -0.245635 -26.9124 181.813 181.737 181.746 0.0756908 0.0020117 0.00927084 0.0139622 0.00201526 0.00927284 0.0154901 
1080 -27.2254 0.386381 -0.196694 -27.6118 181.818 181.739 181.739 0.0793294 0.00558418 0.00921486 0.0117684 0.0055887 0.00921985 0.0133374 
1088 -27.9092 0.381902 -0.159901 -28.2911 181.819 181.739 181.737 0.0802709 0.0145666 0.0104697 0.00792959 0.0145709 0.0104748 0.00953897 
1096 -28.578 0.363507 -0.121911 -28.9415 181.821 181.738 181.738 0.0830235 0.0200361 0.0124774 0.00564455 0.0200377 0.0124799 0.00729269 
1104 -29.2111 0.352307 -0.0847864 -29.5634 181.822 181.74 181.736 0.08208 0.0183039 0.0179534 0.0069616 0.0183036 0.0179533 0.00864455 
1112 -29.7997 0.33987 -0.0526204 -30.1395 181.82 181.745 181.733 0.0749874 0.00827598 0.0232737 0.0115691 0.00827559 0.0232727 0.0132835 
1120 -30.3414 0.331973 -0.0340081 -30.6734 181.817 181.75 181.732 0.0673859 -0.00283711 0.0250732 0.0138357 -0.00283654 0.0250718 0.0155792 
1128 -30.845 0.308076 -0.0253775 -31.1531 181.814 181.757 181.729 0.0577379 -0.00704365 0.0231753 0.0117009 -0.00704387 0.0231695 0.0134717 
1136 -31.3256 0.277716 -0.0202408 -31.6034 181.811 181.762 181.727 0.0494252 -0.0028169 0.0185298 0.00928017 -0.00281859 0.0185175 0.011079 
1144 -31.7929 0.25005 -0.0252566 -32.043 181.811 181.761 181.729 0.0501455 0.00185329 0.0156919 0.00572535 0.00185216 0.0156742 0.00755335 
1152 -32.2253 0.240124 -0.0331613 -32.4654 181.813 181.756 181.733 0.0569317 0.0021588 0.017823 -0.000538644 0.00215923 0.0178048 0.00131879 
1160 -32.61 0.240223 -0.0312314 -32.8503 181.816 181.753 181.734 0.0636624 0.00191184 0.0223423 -0.00425065 0.0019117 0.0223272 -0.00236675 
1168 -32.928 0.258046 -0.02831 -33.186 181.82 181.751 181.733 0.0686047 0.00119277 0.0229169 -0.00237033 0.0011909 0.0229076 -0.000467454 
1176 -33.163 0.279455 -0.0459755 -33.4425 181.819 181.754 181.731 0.0650874 -0.000174146 0.0210754 -0.001244 -0.000173849 0.0210726 0.000671171 
1184 -33.3204 0.284912 -0.0878325 -33.6053 181.815 181.76 181.729 0.0551901 0.00339817 0.018247 -0.00204167 0.00340449 0.0182503 -0.000117721 
1192 -33.3988 0.275438 -0.137084 -33.6743 181.811 181.763 181.729 0.0484319 0.00761655 0.0167177 -0.00171457 0.00762779 0.0167243 0.000214508 
1200 -33.4037 0.267776 -0.168885 -33.6715 181.81 181.763 181.729 0.0472344 0.00848987 0.0148853 -0.000807837 0.00850196 0.0148938 0.00112126 
1208 -33.3553 0.28037 -0.180591 -33.6357 181.81 181.76 181.73 0.0504586 0.00648 0.0133418 -0.000450069 0.00648971 0.0133507 0.00147531 
1216 -33.2574 0.296379 -0.17308 -33.5537 181.808 181.752 181.739 0.0556293 0.00343332 0.0115772 0.00392373 0.00343892 0.011585 0.00584164 
1224 -33.1036 0.30635 -0.158546 -33.41 181.803 181.743 181.751 0.0603069 -0.00206306 0.0120965 0.0081851 -0.00206224 0.0121027 0.0100939 
1232 -32.8864 0.306208 -0.142982 -33.1926 181.801 181.74 181.756 0.0610514 -0.00803021 0.0131743 0.0140067 -0.00803417 0.0131784 0.0159057 
1240 -32.5872 0.295389 -0.140432 -32.8826 181.799 181.746 181.753 0.0526471 -0.0104462 0.0151164 0.0233814 -0.0104525 0.0151178 0.0252647 
1248 -32.1839 0.267061 -0.140993 -32.451 181.797 181.756 181.747 0.0408832 -0.00862341 0.0168026 0.0316528 -0.00862992 0.0168017 0.0335126 
1256 -31.6555 0.238327 -0.13784 -31.8938 181.799 181.761 181.739 0.0370928 -0.00175268 0.0176475 0.0368478 -0.00175679 0.0176458 0.038676 
1264 -31.0237 0.222127 -0.135524 -31.2459 181.8 181.761 181.736 0.0383978 0.00610804 0.0159932 0.0380304 0.00610845 0.0159923 0.0398222 
1272 -30.3069 0.223928 -0.150089 -30.5308 181.798 181.762 181.736 0.0355203 0.0100764 0.0142212 0.0357886 0.0100824 0.0142222 0.0375413 
1280 -29.5084 0.226546 -0.162107 -29.7349 181.793 181.763 181.739 0.0296039 0.0105684 0.0158071 0.0309287 0.010578 0.0158092 0.0326397 
1288 -28.6062 0.232383 -0.160117 -28.8386 181.786 181.761 181.748 0.0247695 0.0103007 0.0167641 0.024626 0.0103082 0.0167663 0.026288 
1296 -27.6249 0.242424 -0.146423 -27.8674 181.78 181.755 181.761 0.0248426 0.0123128 0.0127511 0.0217715 0.0123149 0.0127524 0.0233767 
1304 -26.5987 0.252023 -0.122639 -26.8508 181.774 181.753 181.771 0.0208453 0.0155644 0.00640251 0.0195043 0.0155612 0.00640331 0.0210455 
1312 -25.5008 0.254416 -0.110737 -25.7552 181.767 181.755 181.776 0.0122847 0.0142186 0.000185606 0.0180369 0.014213 0.000186891 0.0195079 
1320 -24.3229 0.247396 -0.115595 -24.5703 181.763 181.76 181.774 0.00308594 0.00965513 -0.00249711 0.0186162 0.00965018 -0.00249506 0.0200145 
1328 -23.0637 0.244245 -0.131879 -23.308 181.76 181.767 181.769 -0.00640101 0.00446969 -0.0023316 0.0197123 0.00446731 -0.00232995 0.0210383 
1336 -21.7101 0.234598 -0.148127 -21.9447 181.752 181.771 181.773 -0.0188 0.00030039 -0.000285377 0.0188228 0.000300873 -0.000285643 0.0200735 
1344 -20.244 0.217666 -0.144327 -20.4617 181.74 181.776 181.781 -0.0361998 0.00174877 0.000434752 0.0158024 0.00175162 0.000432149 0.0169722 
1352 -18.6887 0.203187 -0.128949 -18.8919 181.731 181.781 181.784 -0.0503378 0.00307419 0.000980577 0.0159229 0.00307807 0.000977598 0.0170057 
1360 -17.0869 0.20193 -0.104278 -17.2888 181.726 181.783 181.786 -0.0569995 0.0035846 0.00237842 0.0177229 0.00358739 0.00237858 0.0187142 
1368 -15.4765 0.211082 -0.0886833 -15.6876 181.722 181.783 181.791 -0.0602439 0.00552552 0.00431312 0.0190107 0.00552589 0.00431549 0.0199086 
1376 -13.8509 0.229645 -0.0988636 -14.0806 181.719 181.782 181.796 -0.0636912 0.00974946 0.00419835 0.0192639 0.00974938 0.00420011 0.0200679 
1384 -12.2094 0.252888 -0.130452 -12.4622 181.713 181.786 181.8 -0.072208 0.0101967 0.000830207 0.0182424 0.0101973 0.000830028 0.0189502 
1392 -10.5343 0.255489 -0.163927 -10.7898 181.708 181.791 181.801 -0.0823534 0.00676742 -0.00208398 0.0175551 0.00676945 -0.00208578 0.0181631 
1400 -8.82644 0.242019 -0.188607 -9.06846 181.707 181.793 181.801 -0.0861384 0.00183224 -0.00117336 0.0169557 0.00183651 -0.00117312 0.0174598 
1408 -7.10211 0.228039 -0.187173 -7.33015 181.708 181.789 181.805 -0.0817399 -0.000780942 0.00458155 0.0126929 -0.000775078 0.00458555 0.01309 
1416 -5.38696 0.221979 -0.164014 -5.60894 181.709 181.783 181.811 -0.0733602 -0.00171205 0.0121244 0.00612035 -0.00170652 0.0121294 0.0064116 
1424 -3.69471 0.219643 -0.130937 -3.91436 181.712 181.78 181.811 -0.0677739 -0.002236 0.014991 0.00106359 -0.00223325 0.0149943 0.0012551 
1432 -2.03062 0.199559 -0.107496 -2.23018 181.714 181.78 181.809 -0.065793 -0.0049105 0.0130488 -0.00252422 -0.00491131 0.0130492 -0.00242449 
1440 -0.393943 0.168146 -0.104628 -0.562089 181.715 181.778 181.811 -0.063003 -0.00705867 0.0090931 -0.00467703 -0.00706196 0.00909049 -0.0046638 
1448 1.22779 0.154448 -0.109565 1.07334 181.715 181.775 181.813 -0.0600683 -0.00813637 0.00377593 -0.000844382 -0.00813897 0.00377255 -0.000918332 
1456 2.84914 0.169572 -0.107902 2.67956 181.712 181.776 181.816 -0.0636227 -0.00729712 -0.00215732 0.00705825 -0.00729642 -0.00215771 0.00689252 
1464 4.45488 0.200708 -0.101922 4.25417 181.707 181.779 181.819 -0.0721769 -0.00353001 -0.00413987 0.0132226 -0.00352505 -0.00413587 0.0129622 
1472 6.04058 0.231647 -0.0885161 5.80894 181.705 181.784 181.818 -0.0782313 -0.00218055 -0.000807632 0.0147774 -0.0021743 -0.00080058 0.0144209 
1480 7.59435 0.265373 -0.0729988 7.32898 181.708 181.787 181.813 -0.0789917 -0.00236877 0.00501262 0.0141242 -0.00236296 0.00502117 0.0136754 
1488 9.11531 0.274389 -0.066646 8.84092 181.715 181.791 181.805 -0.0768245 -0.00166674 0.00652732 0.0109752 -0.00166159 0.00653266 0.0104393 
1496 10.5922 0.258437 -0.0673316 10.3337 181.725 181.794 181.795 -0.0686275 -0.00103955 0.00368109 0.00645787 -0.00103482 0.00367979 0.00584 
1504 12.0035 0.23032 -0.0661783 11.7732 181.734 181.792 181.788 -0.0576315 -0.00223133 0.00260475 0.00417071 -0.00222579 0.00259629 0.00347495 
1512 13.342 0.200867 -0.062781 13.1412 181.737 181.789 181.788 -0.0524807 -0.00634083 0.00588961 0.00652907 -0.00633402 0.00587796 0.00575824 
1520 14.6172 0.166315 -0.0464195 14.4509 181.733 181.788 181.792 -0.0544628 -0.0119125 0.00888938 0.0114253 -0.0119045 0.00887721 0.0105807 
1528 15.8429 0.129548 -0.0293399 15.7133 181.728 181.785 181.802 -0.0570874 -0.0189041 0.0116536 0.0112492 -0.0188959 0.0116424 0.010332 
1536 17.037 0.10644 -0.0177371 16.9306 181.724 181.78 181.815 -0.0562515 -0.0225326 0.0148357 0.00746677 -0.0225252 0.0148258 0.00648032 
1544 18.1777 0.10213 -0.0149215 18.0756 181.727 181.772 181.822 -0.0452733 -0.0228585 0.0150729 0.00127313 -0.0228524 0.0150627 0.000222563 
1552 19.2549 0.1128 -0.0232372 19.1421 181.735 181.766 181.822 -0.0307658 -0.0204604 0.012877 -0.00275098 -0.0204543 0.012863 -0.00386096 
1560 20.2523 0.140341 -0.0380176 20.112 181.739 181.764 181.82 -0.0251852 -0.0162287 0.0115242 -0.00573514 -0.0162208 0.0115052 -0.00690085 
1568 21.1699 0.168255 -0.0397631 21.0016 181.742 181.767 181.817 -0.0250483 -0.0125323 0.00948853 -0.00515048 -0.0125221 0.00946672 -0.00637007 
1576 21.9978 0.184425 -0.0132621 21.8133 181.745 181.768 181.814 -0.0226815 -0.0122298 0.00468227 0.00153736 -0.0122184 0.00466239 0.000266654 
1584 22.7366 0.172255 0.0375426 22.5643 181.751 181.765 181.813 -0.0139826 -0.013533 0.00194481 0.00471625 -0.0135239 0.00192843 0.00339945 
1592 23.3907 0.138152 0.0850202 23.2525 181.758 181.764 181.807 -0.00582353 -0.0119781 0.0013569 0.000220254 -0.0119749 0.00134217 -0.00113476 
1600 23.9618 0.111342 0.111269 23.8504 181.762 181.765 181.799 -0.00314265 -0.00787006 0.00557406 -0.00798028 -0.00787231 0.00555751 -0.00936473 
1608 24.4369 0.108848 0.0963797 24.3281 181.765 181.767 181.79 -0.0023162 -0.00293553 0.0128029 -0.00973803 -0.00293973 0.0127854 -0.011145 
1616 24.8228 0.121872 0.0478572 24.7009 181.768 181.77 181.783 -0.00260822 -0.00288009 0.0189393 -0.00354019 -0.00288286 0.0189238 -0.00496431 
1624 25.104 0.140752 -0.0102288 24.9632 181.767 181.773 181.782 -0.00660602 -0.009568 0.0214124 0.00505206 -0.00956534 0.0214007 0.00361571 
1632 25.2933 0.154918 -0.0734792 25.1383 181.765 181.771 181.788 -0.00639151 -0.0166975 0.0212032 0.010281 -0.0166865 0.0211936 0.00883596 
1640 25.389 0.16236 -0.109101 25.2267 181.763 181.769 181.794 -0.00598192 -0.0196143 0.0194773 0.0127295 -0.0195993 0.0194661 0.0112786 
1648 25.4085 0.166885 -0.107383 25.2416 181.764 181.766 181.797 -0.00245781 -0.0171566 0.018565 0.0126184 -0.0171455 0.0185502 0.0111642 
1656 25.3746 0.168069 -0.0903998 25.2065 181.764 181.767 181.797 -0.00247763 -0.00776765 0.0186498 0.0122198 -0.00776357 0.0186326 0.0107658 
1664 25.2928 0.158377 -0.0649594 25.1344 181.765 181.769 181.796 -0.00339939 0.00143624 0.0185364 0.0116532 0.00143416 0.0185176 0.0102043 
1672 25.1612 0.136454 -0.0318474 25.0248 181.769 181.769 181.794 -0.000486087 0.0036849 0.0169174 0.0108627 0.00368202 0.0168972 0.00942237 
1680 24.9654 0.122268 -0.00304554 24.8431 181.771 181.769 181.791 0.00259063 0.00308232 0.0138024 0.00707051 0.0030835 0.0137829 0.0056422 
1688 24.6998 0.110897 0.0139892 24.5889 181.771 181.77 181.789 0.000913102 -0.000205224 0.0112501 0.00513762 -0.000199203 0.0112315 0.00372617 
1696 24.3692 0.114422 0.0335107 24.2548 181.77 181.776 181.783 -0.00601633 -0.00490265 0.00959661 0.00939073 -0.00489516 0.00957845 0.00799962 
1704 23.9782 0.139186 0.0527729 23.839 181.767 181.786 181.776 -0.0192228 -0.00729803 0.0067147 0.0166153 -0.00729253 0.00669806 0.0152477 
1712 23.5285 0.182507 0.0689203 23.346 181.759 181.793 181.776 -0.0337252 -0.00700177 0.0029839 0.0213623 -0.00700102 0.00297095 0.0200208 
1720 23.046 0.207747 0.0804052 22.8383 181.753 181.793 181.782 -0.0394593 -0.00445986 -0.000384033 0.0215626 -0.00446207 -0.000395306 0.0202464 
1728 22.5549 0.217817 0.0857795 22.3371 181.754 181.785 181.79 -0.0305415 -0.00398011 -0.00251553 0.018884 -0.00398313 -0.00252864 0.0175933 
1736 22.0352 0.20159 0.0945099 21.8336 181.759 181.772 181.798 -0.0129946 -0.00399507 -0.00366839 0.0153428 -0.00399936 -0.00368609 0.0140808 
1744 21.4887 0.179298 0.104619 21.3094 181.765 181.764 181.803 0.000743281 0.000242201 -0.00345084 0.011614 0.0002364 -0.00347228 0.0103826 
1752 20.9179 0.16002 0.111959 20.7579 181.771 181.764 181.799 0.00658929 0.00932379 -0.000620198 0.0106524 0.00931661 -0.00064079 0.00945126 
1760 20.3195 0.149531 0.106751 20.1699 181.773 181.77 181.791 0.00248588 0.0181099 0.0033933 0.0093256 0.0181016 0.00337761 0.00815471 
1768 19.7177 0.151147 0.109052 19.5665 181.771 181.774 181.788 -0.00373462 0.0207095 0.00978021 0.00302496 0.0207022 0.00976891 0.00188646 
1776 19.1346 0.162511 0.106056 18.972 181.769 181.774 181.789 -0.00521765 0.0162921 0.0151056 -0.00535876 0.0162889 0.0150955 -0.00646305 
1784 18.5679 0.189148 0.095119 18.3787 181.768 181.772 181.79 -0.00436181 0.00695299 0.0137297 -0.00874971 0.00695395 0.0137185 -0.00981899 
1792 17.9967 0.212516 0.0748902 17.7841 181.768 181.77 181.788 -0.00177758 -0.0028884 0.00891492 -0.005101 -0.00288666 0.00890168 -0.00613478 
1800 17.4333 0.229639 0.0574044 17.2037 181.768 181.77 181.785 -0.00227609 -0.00670653 0.00352154 -0.00256276 -0.00670532 0.00350657 -0.00356088 
1808 16.8615 0.237164 0.0530173 16.6243 181.768 181.771 181.784 -0.00291537 -0.00688323 0.00223046 -0.00255342 -0.00688308 0.00221481 -0.00351568 
1816 16.2755 0.23833 0.0530878 16.0372 181.769 181.771 181.785 -0.00259919 -0.00554934 0.00291827 -0.00294763 -0.00555161 0.00290229 -0.00387508 
1824 15.6797 0.241128 0.0516518 15.4385 181.767 181.769 181.79 -0.00184691 -0.000426289 0.00458406 -0.00618299 -0.000431313 0.00456809 -0.0070767 
1832 15.1023 0.253862 0.0592964 14.8485 181.764 181.765 181.797 -0.00158517 0.0038845 0.005069 -0.0104413 0.00387603 0.00505451 -0.0113028 
1840 14.545 0.284278 0.064648 14.2607 181.76 181.764 181.801 -0.00370353 0.00718557 0.00679555 -0.0125255 0.0071766 0.0067867 -0.0133552 
1848 14.0139 0.318811 0.0762762 13.6951 181.758 181.767 181.797 -0.00907872 0.0108453 0.0144631 -0.0126776 0.0108383 0.0144599 -0.0134757 
1856 13.4986 0.342268 0.0884526 13.1563 181.757 181.77 181.792 -0.0129216 0.0150817 0.0244989 -0.0136672 0.0150761 0.024498 -0.0144319 
1864 13.0007 0.348926 0.076773 12.6518 181.758 181.772 181.787 -0.0139179 0.0157531 0.027272 -0.0165043 0.0157508 0.0272693 -0.0172361 
1872 12.5098 0.345523 0.0349801 12.1643 181.759 181.774 181.783 -0.0149465 0.0125155 0.0220273 -0.0163655 0.0125197 0.0220219 -0.0170667 
1880 12.0346 0.32824 -0.0104925 11.7064 181.76 181.775 181.781 -0.0144253 0.0105873 0.0157372 -0.0126963 0.0106014 0.0157281 -0.013369 
1888 11.5561 0.317309 -0.0420055 11.2388 181.763 181.769 181.782 -0.00553696 0.0124113 0.00777156 -0.0074023 0.0124349 0.00776062 -0.00804725 
1896 11.0881 0.316021 -0.0586158 10.7721 181.766 181.765 181.785 0.00134424 0.0143087 0.00130736 -0.00367409 0.0143361 0.00129564 -0.00429052 
1904 10.6523 0.311422 -0.0439465 10.3408 181.767 181.766 181.787 0.000617648 0.0142026 -0.00416012 -0.000907452 0.0142283 -0.00417507 -0.0014958 
1912 10.2733 0.304031 -0.00628803 9.96928 181.767 181.772 181.783 -0.00493141 0.012669 -0.00782729 0.000810342 0.0126907 -0.00784708 0.00024547 
1920 9.93665 0.294558 0.0278732 9.64209 181.765 181.78 181.78 -0.0154732 0.0118796 -0.00404601 0.00178146 0.0118969 -0.0040678 0.0012354 
1928 9.63021 0.296142 0.0481827 9.33406 181.763 181.784 181.78 -0.0212085 0.013103 0.00215578 0.00140027 0.0131152 0.00213646 0.000868435 
1936 9.33808 0.307292 0.0640591 9.03078 181.767 181.78 181.78 -0.0133559 0.0118367 0.00624603 -0.00280842 0.0118449 0.00623124 -0.00332781 
1944 9.04406 0.328043 0.0765878 8.71601 181.776 181.774 181.779 0.00187669 0.00928402 0.00978664 -0.0065807 0.00928913 0.0097765 -0.00708642 
1952 8.76029 0.35978 0.0747354 8.40051 181.785 181.77 181.775 0.0145505 0.00723189 0.01054 -0.00771952 0.00723613 0.0105344 -0.00821046 
1960 8.49995 0.37603 0.0631981 8.12392 181.788 181.772 181.77 0.0160665 0.00532755 0.00894054 -0.00740364 0.00533422 0.00893589 -0.00788052 
1968 8.26806 0.373815 0.0457789 7.89424 181.787 181.773 181.768 0.0142801 0.00304111 0.00997856 -0.00979781 0.00305385 0.00997162 -0.0102624 
1976 8.0618 0.354953 0.0265351 7.70685 181.785 181.771 181.772 0.0139874 0.00352261 0.0128683 -0.0123071 0.00354149 0.0128587 -0.0127622 
1984 7.88124 0.330826 0.00813009 7.55041 181.78 181.773 181.778 0.00714353 0.00890518 0.0136865 -0.0117592 0.00892638 0.0136755 -0.0122077 
1992 7.71143 0.305763 0.00752481 7.40567 181.771 181.777 181.784 -0.00611485 0.0159563 0.0140471 -0.00930398 0.0159743 0.0140335 -0.00974597 
2000 7.5489 0.2915 0.0314449 7.2574 181.762 181.779 181.79 -0.0166686 0.0185509 0.011051 -0.00627471 0.0185651 0.0110344 -0.00670818 
2008 7.38889 0.288714 0.0665822 7.10018 181.761 181.776 181.793 -0.0151569 0.0164477 0.00514152 -0.0033711 0.0164598 0.0051231 -0.00379509 
2016 7.24387 0.289782 0.0837078 6.95409 181.767 181.771 181.789 -0.0040137 0.0175197 0.00059075 -0.000813059 0.0175326 0.000573669 -0.00122785 
2024 7.1123 0.295264 0.0719879 6.81704 181.774 181.767 181.783 0.00716837 0.0220097 -0.00132647 0.00187661 0.0220254 -0.00133883 0.00146963 
2032 6.98738 0.312482 0.0546413 6.6749 181.779 181.764 181.78 0.0152433 0.0213583 -0.00164804 0.00324521 0.0213752 -0.00165544 0.00284426 
2040 6.86578 0.347373 0.0425657 6.51841 181.784 181.764 181.776 0.0202376 0.0161332 -0.000162857 0.0017423 0.0161482 -0.000166876 0.00134589 
2048 6.75028 0.387651 0.0326496 6.36263 181.788 181.765 181.772 0.0231817 0.0101515 -0.00118384 -0.000780116 0.0101636 -0.00118659 -0.00117109 
2056 6.66029 0.414463 0.0398229 6.24583 181.786 181.767 181.773 0.0191651 0.0033504 -0.00347589 -0.0020125 0.00336189 -0.00347951 -0.00239853 
2064 6.60973 0.4095 0.0564608 6.20023 181.777 181.775 181.774 0.00230047 0.000598972 -0.00483019 -0.0028297 0.000612948 -0.00483642 -0.00321307 
2072 6.56668 0.392257 0.0853697 6.17442 181.766 181.786 181.773 -0.0204859 0.00186428 -0.000896382 -0.00530787 0.00188101 -0.000904724 -0.00568872 
2080 6.52317 0.376402 0.10241 6.14677 181.757 181.793 181.774 -0.036605 0.00227097 0.00462189 -0.00647563 0.00228928 0.00461254 -0.00685401 
2088 6.48207 0.34514 0.0982269 6.13693 181.753 181.791 181.778 -0.0373893 0.00185687 0.00803739 -0.00649328 0.00187602 0.00802899 -0.00686965 
2096 6.4351 0.292673 0.0654811 6.14243 181.757 181.782 181.779 -0.0252807 0.00322551 0.0104936 -0.00643567 0.00324797 0.0104849 -0.00681082 
2104 6.3892 0.225713 0.0300206 6.16348 181.766 181.775 181.778 -0.00870825 0.00453769 0.0150806 -0.0066498 0.00456452 0.0150673 -0.00702448 
2112 6.34771 0.161254 0.00883269 6.18646 181.775 181.774 181.772 0.000595862 0.000219892 0.0199273 -0.00926829 0.000250998 0.0199053 -0.00964265 
2120 6.30464 0.118633 0.00760991 6.186 181.779 181.776 181.77 0.00281882 -0.00441297 0.018407 -0.0115059 -0.00438198 0.0183784 -0.0118776 
2128 6.2592 0.114033 0.0418418 6.14516 181.781 181.774 181.773 0.0072748 -0.00542203 0.0175763 -0.010464 -0.00539656 0.0175474 -0.0108296 
2136 6.22732 0.125997 0.0958281 6.10132 181.782 181.769 181.778 0.0130582 -0.000895591 0.0205045 -0.0100499 -0.000877903 0.0204795 -0.0104098 
2144 6.21932 0.137277 0.147121 6.08204 181.784 181.763 181.783 0.0205565 0.00554122 0.0197234 -0.00922114 0.00555521 0.0197029 -0.00957627 
2152 6.21598 0.126088 0.190078 6.08989 181.785 181.761 181.782 0.0247161 0.010205 0.0156809 -0.00822577 0.0102188 0.0156633 -0.00857514 
2160 6.1904 0.0903783 0.205507 6.10002 181.781 181.765 181.78 0.0165413 0.0131624 0.0072458 -0.00983022 0.0131775 0.00723008 -0.0101737 
2168 6.13939 0.0501288 0.213496 6.08926 181.776 181.767 181.779 0.00876299 0.0149875 -0.000630487 -0.0133613 0.0150024 -0.000646709 -0.0137021 
2176 6.07905 0.0326913 0.218059 6.04635 181.776 181.768 181.777 0.00814693 0.0136707 -0.00359478 -0.0114416 0.0136847 -0.0036136 -0.0117833 
2184 6.02531 0.0518495 0.216882 5.97346 181.779 181.767 181.773 0.0118554 0.00979748 -0.000855962 -0.00621558 0.00981009 -0.000878206 -0.00655997 
2192 5.97958 0.072487 0.21476 5.90709 181.782 181.768 181.768 0.013554 0.0102093 0.00527156 -0.00060494 0.0102182 0.00524462 -0.000951364 
2200 5.92921 0.0777888 0.223422 5.85142 181.783 181.769 181.765 0.0139038 0.0145533 0.00960113 0.00220937 0.0145561 0.0095705 0.00186244 
2208 5.8917 0.0703499 0.237332 5.82135 181.785 181.77 181.762 0.0152171 0.0177488 0.0124294 0.00214587 0.017746 0.0123974 0.00180003 
2216 5.86042 0.0532021 0.240555 5.80722 181.788 181.771 181.758 0.0176351 0.0191131 0.0137892 -0.000668085 0.0191073 0.0137598 -0.00101239 
2224 5.82899 0.0454829 0.232057 5.7835 181.79 181.772 181.755 0.0182607 0.0161171 0.0148433 -0.00470177 0.0161137 0.0148181 -0.00504538 
2232 5.77755 0.0456984 0.221407 5.73185 181.79 181.773 181.752 0.0164379 0.0123658 0.0129401 -0.00902662 0.0123687 0.012918 -0.00937001 
2240 5.72244 0.0555046 0.213875 5.66694 181.787 181.773 181.754 0.0142416 0.0109324 0.00812548 -0.0113819 0.010941 0.00810624 -0.0117246 
2248 5.66208 0.0781908 0.218986 5.58389 181.78 181.772 181.762 0.00772481 0.0106134 0.00393787 -0.00799272 0.0106228 0.00392142 -0.00833247 
2256 5.6007 0.113542 0.230756 5.48715 181.77 181.769 181.773 0.00130542 0.00929574 0.000386291 -0.0014452 0.00930287 0.000370477 -0.00177893 
2264 5.52901 0.145368 0.243146 5.38364 181.769 181.766 181.776 0.00315175 0.00754546 -0.00333906 0.00627568 0.00755172 -0.00335569 0.00594987 
2272 5.46775 0.159665 0.243309 5.30809 181.778 181.761 181.773 0.016193 0.00447594 -0.00316309 0.0126559 0.0044838 -0.00317993 0.0123378 
2280 5.42197 0.162078 0.234261 5.25989 181.788 181.756 181.767 0.0326132 0.000931072 0.00207808 0.0174084 0.000944006 0.00206124 0.0170959 
2288 5.38821 0.171305 0.226343 5.21691 181.798 181.753 181.759 0.0455848 -0.0034245 0.00464342 0.0174743 -0.00340424 0.00462732 0.0171645 
2296 5.37787 0.190697 0.225304 5.18717 181.804 181.752 181.755 0.0512107 -0.00563214 0.00283986 0.0137876 -0.00560783 0.00282444 0.0134759 
2304 5.3924 0.200519 0.229896 5.19188 181.802 181.757 181.753 0.0446914 -0.00594746 -0.00159291 0.0088168 -0.00592544 -0.00160891 0.00850005 
2312 5.39688 0.192792 0.245475 5.20409 181.793 181.765 181.754 0.027862 -0.00662784 -0.00571194 0.00681854 -0.00661111 -0.00573084 0.00649885 
2320 5.37766 0.176137 0.276892 5.20152 181.784 181.769 181.761 0.014847 -0.00515299 -0.00348509 0.00488858 -0.00514221 -0.0035072 0.00457008 
2328 5.34004 0.166555 0.299412 5.17349 181.778 181.767 181.772 0.011576 -0.00290116 0.00104537 0.00451906 -0.0028926 0.00102329 0.00420508 
2336 5.29562 0.163189 0.300419 5.13243 181.778 181.763 181.779 0.0150504 -0.000323764 0.00372221 0.00843219 -0.00031298 0.00370291 0.00812417 
2344 5.24731 0.158507 0.279774 5.08881 181.779 181.76 181.782 0.0199257 -0.000896599 0.0020292 0.0113726 -0.000880316 0.00201249 0.0110689 
2352 5.2055 0.137139 0.258211 5.06836 181.781 181.758 181.782 0.0229784 -0.00505223 -0.0026096 0.0117327 -0.00503208 -0.00262676 0.0114305 
2360 5.16646 0.11328 0.242157 5.05319 181.781 181.757 181.78 0.0241223 -0.010423 -0.00534736 0.00743716 -0.010401 -0.00536902 0.00713451 
2368 5.12491 0.10063 0.215497 5.02428 181.782 181.757 181.777 0.0258654 -0.0112527 -0.00484267 0.00457095 -0.0112284 -0.00487444 0.00426811 
2376 5.07679 0.100567 0.198467 4.97622 181.78 181.755 181.781 0.0247499 -0.00588631 -0.00221134 0.00647736 -0.00586104 -0.00225324 0.00617542 
2384 5.04136 0.102142 0.201904 4.93922 181.778 181.755 181.787 0.0226303 -0.000610427 -0.000805457 0.00858125 -0.000587602 -0.000852595 0.00828021 
2392 5.02642 0.115485 0.218806 4.91093 181.777 181.757 181.786 0.0199129 7.91552e-05 -0.00036255 0.0112509 9.75931e-05 -0.000408131 0.0109506 
2400 5.02892 0.123224 0.239368 4.9057 181.776 181.762 181.783 0.0141743 -0.00151347 -0.00118906 0.0138996 -0.00149954 -0.00122857 0.0136008 
2408 5.00998 0.118979 0.264108 4.891 181.775 181.767 181.779 0.00776992 -0.00106869 -0.00238518 0.014257 -0.00106107 -0.00241888 0.0139624 
2416 4.96215 0.112555 0.267201 4.8496 181.776 181.769 181.775 0.00658052 -0.00113689 -0.00131913 0.0118318 -0.00113254 -0.0013497 0.011543 
2424 4.89695 0.121776 0.242013 4.77518 181.776 181.769 181.773 0.0062871 -0.00220455 0.00133015 0.00990433 -0.00219819 0.00130036 0.00962178 
2432 4.83273 0.142082 0.199832 4.69065 181.77 181.773 181.774 -0.00285532 -0.0015061 0.00458739 0.0113001 -0.00149443 0.00455734 0.0110216 
2440 4.78373 0.159333 0.1561 4.6244 181.763 181.778 181.776 -0.0145614 -0.000888078 0.00773351 0.0119609 -0.000869794 0.00770181 0.0116836 
2448 4.76069 0.162211 0.144799 4.59848 181.758 181.782 181.777 -0.0241022 0.000722463 0.00923161 0.0123671 0.000744859 0.00919839 0.0120874 
2456 4.75314 0.139813 0.172363 4.61333 181.754 181.787 181.777 -0.0326511 0.00620634 0.00705841 0.0115365 0.00622807 0.00702519 0.0112532 
2464 4.73535 0.113962 0.209057 4.62138 181.753 181.788 181.775 -0.034433 0.0113962 0.00390667 0.011198 0.0114134 0.00387485 0.0109112 
2472 4.69557 0.106258 0.217656 4.58931 181.759 181.781 181.774 -0.022672 0.012604 0.00422363 0.0129566 0.0126169 0.00419331 0.0126688 
2480 4.63873 0.119119 0.191449 4.51961 181.765 181.771 181.776 -0.00544636 0.0121145 0.00729917 0.0130853 0.0121254 0.00726972 0.0128009 
2488 4.57284 0.130401 0.157823 4.44244 181.772 181.766 181.775 0.00587248 0.0139487 0.00860407 0.00931722 0.0139602 0.00857426 0.00903997 
2496 4.50922 0.126107 0.146693 4.38312 181.778 181.766 181.769 0.0117079 0.0194179 0.00927551 0.0079112 0.0194298 0.00924599 0.00764267 
2504 4.46507 0.115364 0.146419 4.3497 181.781 181.768 181.767 0.0124439 0.0213812 0.00988184 0.0106847 0.0213919 0.00985465 0.0104227 
2512 4.43944 0.109757 0.156704 4.32969 181.778 181.769 181.771 0.00865972 0.0185865 0.0100407 0.0140483 0.0185949 0.0100182 0.0137889 
2520 4.42359 0.105288 0.165724 4.3183 181.774 181.77 181.776 0.0043035 0.0172477 0.00834552 0.0136669 0.0172544 0.00832734 0.013406 
2528 4.40093 0.109672 0.176334 4.29126 181.77 181.773 181.78 -0.00274317 0.0192192 0.00444499 0.0107085 0.0192256 0.0044296 0.0104465 
2536 4.37213 0.127599 0.171648 4.24453 181.766 181.778 181.781 -0.0114645 0.0217497 0.000517294 0.0104731 0.0217561 0.000502307 0.0102122 
2544 4.34555 0.154202 0.157212 4.19135 181.767 181.782 181.777 -0.0149269 0.0235227 -0.002543 0.0142214 0.0235272 -0.00255982 0.0139614 
2552 4.31057 0.16497 0.138098 4.1456 181.768 181.784 181.774 -0.0155081 0.0232445 -0.00468496 0.0195677 0.0232491 -0.00470471 0.0193077 
2560 4.26222 0.161386 0.115705 4.10084 181.77 181.784 181.771 -0.0139965 0.0199688 -0.00619966 0.0230734 0.0199774 -0.00622023 0.0228133 
2568 4.225 0.147748 0.0850964 4.07725 181.774 181.783 181.769 -0.0083683 0.013491 -0.0039214 0.0237562 0.0135041 -0.00393986 0.0234957 
2576 4.20664 0.139744 0.0665543 4.0669 181.777 181.779 181.77 -0.00178656 0.00823069 -0.00144854 0.0241307 0.0082464 -0.00146293 0.0238691 
2584 4.2008 0.13571 0.0589126 4.06509 181.776 181.777 181.774 -0.000986324 0.00346324 -0.00263412 0.0224541 0.00348044 -0.00264657 0.0221916 
2592 4.19538 0.14644 0.0627356 4.04894 181.773 181.777 181.775 -0.00482825 0.00102886 -0.00300061 0.0216353 0.00104663 -0.00301478 0.0213728 
2600 4.17574 0.161239 0.0772328 4.0145 181.77 181.778 181.775 -0.00825238 0.00217921 -0.00176489 0.0181893 0.00219515 -0.00178118 0.0179293 
2608 4.13725 0.178606 0.0835164 3.95864 181.768 181.777 181.777 -0.00895009 0.00433584 -0.000397229 0.0127796 0.00434895 -0.000412727 0.0125244 
2616 4.09079 0.180637 0.0818479 3.91015 181.764 181.774 181.781 -0.0104356 0.00713929 -0.000481506 0.0086572 0.0071504 -0.000495677 0.00840855 
2624 4.04639 0.167575 0.0735457 3.87881 181.761 181.772 181.785 -0.0112814 0.00752765 -0.00109508 0.00872059 0.00753831 -0.00110921 0.00847914 
2632 4.00053 0.164022 0.0649749 3.83651 181.758 181.773 181.789 -0.015009 0.00574529 0.00377009 0.0103042 0.00575841 0.00375409 0.0100683 
2640 3.95575 0.169958 0.0432246 3.78579 181.756 181.775 181.789 -0.0190614 0.00214725 0.010861 0.0121263 0.00216684 0.0108439 0.0118926 
2648 3.9085 0.1781 0.0178299 3.7304 181.758 181.778 181.784 -0.0196702 0.00205775 0.0179409 0.0177509 0.00208333 0.0179245 0.0175175 
2656 3.88749 0.19327 0.00165595 3.69422 181.764 181.78 181.775 -0.0157133 0.00559398 0.0198555 0.0216147 0.00562052 0.0198425 0.0213793 
2664 3.88234 0.216493 -0.00557544 3.66585 181.772 181.781 181.765 -0.00948014 0.0109251 0.0164238 0.0201902 0.0109502 0.0164159 0.0199511 
2672 3.8802 0.23691 -0.00642251 3.64329 181.778 181.782 181.757 -0.00378936 0.0111443 0.00794947 0.0142809 0.0111697 0.00794486 0.0140378 
2680 3.87623 0.245384 0.00974712 3.63085 181.779 181.781 181.757 -0.00204096 0.00570747 0.00300579 0.0107983 0.00573625 0.00300219 0.010554 
2688 3.87094 0.251934 0.0447366 3.619 181.778 181.78 181.76 -0.0022373 0.000757752 0.00232961 0.0138661 0.000790116 0.00232595 0.0136236 
2696 3.8678 0.255104 0.0844879 3.6127 181.778 181.775 181.765 0.0030213 0.00023199 0.00525303 0.0172572 0.00026489 0.00524928 0.0170168 
2704 3.87037 0.252357 0.117254 3.61801 181.779 181.769 181.768 0.00995812 0.00320721 0.00632153 0.0180654 0.00323855 0.00631717 0.0178245 
2712 3.8727 0.250316 0.141404 3.62238 181.777 181.766 181.77 0.0107657 0.00704749 0.00510614 0.0180268 0.00707754 0.0051004 0.0177839 
2720 3.84755 0.253481 0.16376 3.59407 181.772 181.764 181.773 0.00777612 0.0131199 0.0045383 0.0171174 0.0131474 0.00453048 0.0168761 
2728 3.79601 0.264515 0.189817 3.5315 181.769 181.767 181.772 0.00161186 0.020895 0.00513504 0.0150596 0.0209193 0.00512631 0.0148233 
2736 3.74548 0.278769 0.206098 3.46672 181.769 181.773 181.767 -0.00386894 0.0233566 0.00466629 0.0151721 0.0233808 0.00465814 0.0149419 
2744 3.71128 0.297424 0.200187 3.41385 181.771 181.774 181.766 -0.00264406 0.0194362 0.00522254 0.0161869 0.0194608 0.00521545 0.0159616 
2752 3.6971 0.309723 0.175881 3.38738 181.776 181.772 181.765 0.00385159 0.0106522 0.00649361 0.0189911 0.0106753 0.006487 0.0187684 
2760 3.68722 0.303652 0.14144 3.38357 181.784 181.772 181.759 0.0114623 -5.66421e-05 0.00359419 0.0250012 -3.65495e-05 0.00358581 0.02478 
2768 3.67493 0.2807 0.107996 3.39423 181.79 181.771 181.755 0.0190183 -0.00802175 -0.00211932 0.0273674 -0.00800347 -0.00213014 0.0271466 
2776 3.64064 0.258032 0.0885162 3.38261 181.794 181.77 181.754 0.0231701 -0.00990344 -0.00349651 0.0233143 -0.00988555 -0.00350805 0.0230938 
2784 3.59052 0.256301 0.0899152 3.33422 181.793 181.77 181.755 0.0228381 -0.00156445 -0.00136169 0.018809 -0.00154626 -0.00137134 0.0185912 
2792 3.53396 0.272154 0.0930148 3.26181 181.79 181.768 181.758 0.0222411 0.00783468 0.00076447 0.0194351 0.00785503 0.000757119 0.0192203 
2800 3.49515 0.296533 0.0943675 3.19861 181.79 181.764 181.762 0.0257053 0.0119285 0.0065317 0.0223324 0.0119519 0.00652482 0.0221183 
2808 3.47993 0.323779 0.101043 3.15615 181.792 181.762 181.763 0.0303192 0.0128316 0.011539 0.0248844 0.0128583 0.011532 0.0246701 
2816 3.48541 0.341235 0.104137 3.14418 181.793 181.761 181.764 0.0315264 0.0120412 0.0132052 0.0232023 0.0120698 0.0131992 0.0229863 
2824 3.48477 0.348126 0.0907563 3.13664 181.792 181.76 181.768 0.0323433 0.0107014 0.0112415 0.0167359 0.0107289 0.0112394 0.0165181 
2832 3.46431 0.339696 0.0691778 3.12461 181.791 181.758 181.771 0.0334302 0.00913519 0.00566563 0.011616 0.00916088 0.00567014 0.0113974 
2840 3.42186 0.32135 0.0527464 3.10051 181.788 181.756 181.777 0.0318675 0.00829185 -0.00122449 0.0122837 0.00831733 -0.00121355 0.0120651 
2848 3.37585 0.296855 0.0505646 3.079 181.781 181.756 181.783 0.024947 0.00848245 -0.00684299 0.0131285 0.00850736 -0.0068288 0.0129094 
2856 3.34748 0.288671 0.0580436 3.05881 181.779 181.755 181.785 0.0237278 0.00791905 -0.00963646 0.011761 0.00794065 -0.00962214 0.0115416 
2864 3.33717 0.30248 0.0717044 3.03469 181.779 181.752 181.787 0.027051 0.00628586 -0.00973702 0.0101281 0.00630297 -0.00972414 0.00991032 
2872 3.329 0.327894 0.0915354 3.00111 181.783 181.751 181.787 0.0322859 0.00491874 -0.00828582 0.00984946 0.00493081 -0.00827629 0.00963555 
2880 3.3084 0.339622 0.114078 2.96877 181.789 181.749 181.785 0.0401084 0.00764982 -0.00848502 0.00948964 0.00766101 -0.00848043 0.00928086 
2888 3.26947 0.33338 0.134128 2.93609 181.792 181.749 181.783 0.0430745 0.0142426 -0.00906159 0.00935423 0.0142568 -0.00906093 0.00915327 
2896 3.22744 0.33167 0.145078 2.89577 181.79 181.753 181.78 0.0370589 0.0196282 -0.0112315 0.00697574 0.0196489 -0.0112315 0.0067828 
2904 3.20571 0.325793 0.151034 2.87992 181.788 181.757 181.778 0.0307639 0.0202298 -0.0142282 0.00426384 0.0202561 -0.0142268 0.00407494 
2912 3.20232 0.31768 0.151578 2.88464 181.788 181.758 181.778 0.0304691 0.0179228 -0.0133286 0.0040303 0.017951 -0.013327 0.00383871 
2920 3.1971 0.323296 0.144123 2.87381 181.789 181.757 181.778 0.0326139 0.013498 -0.0106107 0.00534038 0.0135233 -0.0106107 0.00514347 
2928 3.17437 0.344276 0.140191 2.83009 181.788 181.757 181.78 0.0304337 0.00871806 -0.00863437 0.00823963 0.00873878 -0.00863628 0.00803844 
2936 3.13717 0.358996 0.138178 2.77818 181.786 181.758 181.783 0.0275731 0.00340406 -0.00690426 0.0117925 0.0034206 -0.00690705 0.0115879 
2944 3.10513 0.341215 0.128874 2.76392 181.784 181.758 181.785 0.0264219 0.000967844 -0.00499567 0.0140074 0.000983781 -0.00499847 0.0138001 
2952 3.08707 0.296077 0.114827 2.79099 181.78 181.759 181.788 0.0204778 -0.00117804 -0.00207457 0.0152629 -0.00115856 -0.00207739 0.0150552 
2960 3.07805 0.242103 0.100647 2.83594 181.779 181.76 181.786 0.0190471 -0.00377213 0.00222622 0.0122121 -0.00374812 0.00222067 0.0120063 
2968 3.07831 0.204738 0.102611 2.87358 181.787 181.755 181.785 0.0318632 -0.00580777 0.00348662 0.00772509 -0.0057825 0.00347726 0.00752169 
2976 3.07488 0.185703 0.103354 2.88918 181.794 181.745 181.788 0.0489835 -0.00923913 -0.000273082 0.00285817 -0.00921418 -0.000285039 0.00265728 
2984 3.04505 0.20399 0.108431 2.84106 181.797 181.738 181.792 0.0591908 -0.0107366 -0.00343666 -0.00190331 -0.0107133 -0.00344645 -0.00210245 
2992 2.984 0.241955 0.114173 2.74204 181.8 181.735 181.791 0.0656902 -0.00843355 -0.00291229 -0.00161296 -0.00840993 -0.00291722 -0.00181156 
3000 2.91298 0.27672 0.1205 2.63626 181.802 181.737 181.785 0.0646461 -0.00589674 -0.00378533 0.00575166 -0.00587198 -0.00378447 0.00555128 
3008 2.85651 0.290981 0.132628 2.56553 181.801 181.742 181.78 0.0582766 -0.00247759 -0.00492507 0.016574 -0.00245218 -0.00492063 0.0163716 
3016 2.83838 0.299437 0.127174 2.53895 181.802 181.745 181.777 0.0570687 0.000745542 -0.00710731 0.0234643 0.000770651 -0.00710104 0.023262 
3024 2.8564 0.316365 0.101839 2.54003 181.802 181.748 181.775 0.0542012 0.00237801 -0.00964838 0.0242234 0.00240235 -0.00964156 0.0240249 
3032 2.87847 0.333079 0.0757826 2.5454 181.803 181.751 181.772 0.0524201 0.0046649 -0.0096267 0.0217897 0.00468723 -0.00962084 0.0215974 
3040 2.86645 0.353419 0.0609976 2.51303 181.806 181.75 181.77 0.0568633 0.00533592 -0.00738094 0.0169242 0.00535577 -0.00737497 0.0167377 
3048 2.82618 0.368552 0.062929 2.45763 181.808 181.747 181.77 0.0610093 0.00309479 -0.00511787 0.0147614 0.00311249 -0.00511154 0.0145775 
3056 2.78158 0.378476 0.0681889 2.40311 181.804 181.749 181.773 0.055031 -0.000656538 -0.00614827 0.0181315 -0.000640314 -0.00614372 0.0179473 
3064 2.74406 0.377419 0.0838646 2.36664 181.796 181.757 181.776 0.0382008 -0.00367056 -0.0110297 0.0239639 -0.00365463 -0.0110299 0.0237781 
3072 2.70466 0.36842 0.0977595 2.33624 181.786 181.768 181.778 0.0185388 -0.00334503 -0.0167375 0.0291255 -0.00332919 -0.0167414 0.0289402 
3080 2.66706 0.359568 0.116421 2.30749 181.778 181.771 181.784 0.00679818 0.00335343 -0.022038 0.028521 0.00336797 -0.0220413 0.0283391 
3088 2.64553 0.359627 0.124898 2.2859 181.771 181.773 181.791 -0.00252148 0.0108113 -0.0250158 0.0263902 0.010825 -0.0250174 0.0262136 
3096 2.64645 0.361356 0.12268 2.28509 181.768 181.777 181.789 -0.00922252 0.0117574 -0.0214046 0.0244961 0.0117725 -0.0214045 0.0243247 
3104 2.65508 0.360946 0.126361 2.29413 181.77 181.777 181.785 -0.00687764 0.0074563 -0.0151598 0.0207586 0.00747179 -0.0151576 0.0205901 
3112 2.65624 0.331915 0.143268 2.32433 181.775 181.769 181.787 0.00649405 0.00278728 -0.0101982 0.0166477 0.0028028 -0.0101959 0.0164786 
3120 2.63559 0.280584 0.161399 2.35501 181.778 181.763 181.79 0.0157155 -0.000870533 -0.0103704 0.013522 -0.000855285 -0.0103698 0.0133505 
3128 2.59229 0.239983 0.169093 2.35231 181.778 181.766 181.788 0.0118349 -0.00440244 -0.0141495 0.00874651 -0.00438834 -0.0141524 0.00857344 
3136 2.53892 0.231349 0.169774 2.30757 181.776 181.771 181.786 0.00500791 -0.00711583 -0.0193862 0.0064245 -0.00710392 -0.0193908 0.00625406 
3144 2.49895 0.264882 0.1556 2.23406 181.775 181.768 181.79 0.00629483 -0.00503976 -0.0225577 0.00971038 -0.00502795 -0.0225577 0.00954613 
3152 2.49107 0.320012 0.146909 2.17106 181.774 181.766 181.793 0.0081815 -0.00225249 -0.0206936 0.0129017 -0.00224145 -0.0206863 0.0127433 
3160 2.50267 0.368384 0.174967 2.13429 181.775 181.768 181.79 0.00718306 0.000810201 -0.0174994 0.00974241 0.00082007 -0.0174873 0.00958578 
3168 2.50134 0.386399 0.228332 2.11494 181.781 181.77 181.782 0.0111894 0.00269126 -0.0152352 0.00729806 0.00270009 -0.0152219 0.00714094 
3176 2.48523 0.378499 0.272049 2.10673 181.784 181.768 181.779 0.016537 0.00337063 -0.0136833 0.00808906 0.00337865 -0.0136714 0.00793068 
3184 2.45238 0.366878 0.291847 2.0855 181.785 181.765 181.782 0.0191949 0.00242122 -0.0140129 0.00822968 0.00242961 -0.0140027 0.00807225 
3192 2.39425 0.358221 0.272127 2.03603 181.783 181.763 181.784 0.0199114 -0.00164448 -0.0195621 0.00734954 -0.00163386 -0.0195528 0.00719539 
3200 2.34654 0.348462 0.227378 1.99808 181.779 181.763 181.788 0.0167859 -0.00931502 -0.0254296 0.00820993 -0.00930342 -0.0254213 0.00805945 
3208 2.31047 0.338218 0.177468 1.97225 181.777 181.762 181.789 0.0148631 -0.0129054 -0.0294752 0.0104502 -0.0128942 -0.0294701 0.0103037 
3216 2.28707 0.329982 0.149297 1.95709 181.776 181.763 181.787 0.0129194 -0.0105857 -0.030517 0.0122634 -0.0105741 -0.0305155 0.0121196 
3224 2.27409 0.318082 0.163804 1.95601 181.778 181.768 181.782 0.0101401 -0.008607 -0.0287969 0.0131362 -0.0085942 -0.0287975 0.0129923 
3232 2.27978 0.304238 0.195395 1.97554 181.779 181.772 181.776 0.00713198 -0.00970974 -0.0234173 0.0100145 -0.00969769 -0.0234172 0.0098681 
3240 2.28256 0.304592 0.22144 1.97797 181.778 181.775 181.774 0.00317789 -0.0119303 -0.0208244 0.00635735 -0.0119196 -0.0208219 0.00620978 
3248 2.28018 0.319448 0.21354 1.96074 181.774 181.781 181.772 -0.00740661 -0.0151399 -0.0190333 0.00633944 -0.0151285 -0.019029 0.00619287 
3256 2.27072 0.341125 0.194509 1.92959 181.77 181.788 181.769 -0.0177868 -0.0169764 -0.0179751 0.00874045 -0.0169631 -0.0179706 0.00859662 
3264 2.25164 0.348306 0.173623 1.90333 181.77 181.792 181.766 -0.021852 -0.0179905 -0.0143722 0.00733917 -0.0179725 -0.014369 0.00719871 
3272 2.22339 0.334926 0.168874 1.88847 181.77 181.792 181.766 -0.0218683 -0.0188169 -0.0101274 0.00344036 -0.0187939 -0.0101261 0.00330202 
3280 2.17663 0.314919 0.16569 1.86171 181.767 181.79 181.772 -0.0232648 -0.021954 -0.00682829 0.000560355 -0.0219289 -0.00683063 0.000423388 
3288 2.11729 0.300069 0.159554 1.81722 181.764 181.787 181.78 -0.0233992 -0.0233418 -0.00420173 -0.000330504 -0.0233176 -0.00420644 -0.000464558 
3296 2.06774 0.298625 0.136417 1.76911 181.762 181.784 181.786 -0.0218619 -0.0208225 -0.000678683 -0.00407113 -0.0208011 -0.000684366 -0.0042011 
3304 2.03969 0.302038 0.108644 1.73765 181.764 181.781 181.788 -0.01712 -0.0135097 0.00199616 -0.00865558 -0.0134912 0.00199072 -0.0087839 
3312 2.02344 0.299615 0.091855 1.72383 181.766 181.776 181.791 -0.0102952 -0.00755261 0.00062804 -0.0078653 -0.00753351 0.000623203 -0.00799365 
3320 2.00633 0.289295 0.103437 1.71704 181.768 181.773 181.793 -0.00466092 -0.00455756 -0.00370694 -0.0046791 -0.00453493 -0.00371041 -0.00480705 
3328 1.99084 0.279358 0.11836 1.71148 181.77 181.775 181.79 -0.00511085 -0.00343775 -0.00821887 -0.00141273 -0.00341153 -0.0082195 -0.00153939 
3336 1.97014 0.265944 0.121647 1.7042 181.772 181.778 181.786 -0.00584663 -0.0031508 -0.0121503 0.000733825 -0.0031238 -0.0121478 0.000610452 
3344 1.92938 0.264173 0.131146 1.66521 181.774 181.78 181.782 -0.005937 -0.00259234 -0.0166236 0.00140124 -0.00256913 -0.0166197 0.00128363 
3352 1.8852 0.268984 0.153988 1.61622 181.776 181.784 181.776 -0.00817801 -0.000874032 -0.021661 0.000851005 -0.000857604 -0.0216578 0.000738126 
3360 1.85373 0.27765 0.175626 1.57608 181.779 181.784 181.773 -0.00557116 3.40076e-05 -0.0260383 -0.000494759 4.5038e-05 -0.0260371 -0.000606072 
3368 1.82705 0.304694 0.174975 1.52236 181.782 181.78 181.772 0.00208404 0.00139839 -0.0241482 -0.00135182 0.00140806 -0.0241459 -0.00146191 
3376 1.80533 0.33213 0.15709 1.4732 181.783 181.774 181.775 0.00873512 0.00428483 -0.0163252 -0.00378474 0.00429559 -0.0163199 -0.00389274 
3384 1.79665 0.335015 0.142429 1.46164 181.782 181.766 181.784 0.0162039 0.00797266 -0.00906318 -0.00706181 0.00798541 -0.00905525 -0.00716778 
3392 1.80551 0.328707 0.126219 1.4768 181.781 181.76 181.792 0.0208403 0.0107811 -0.00446383 -0.0101086 0.0107972 -0.00445582 -0.0102147 
3400 1.8028 0.319754 0.111005 1.48304 181.779 181.764 181.789 0.0148158 0.00899749 -0.000576434 -0.00823679 0.0090155 -0.000570816 -0.00834449 
3408 1.7942 0.310822 0.0964824 1.48338 181.775 181.773 181.781 0.00147151 0.00422327 0.00308079 -0.00348373 0.00423995 0.00308376 -0.00359563 
3416 1.78431 0.302478 0.0842945 1.48183 181.775 181.777 181.775 -0.00181896 -0.00125372 0.00487389 -0.000532652 -0.00124027 0.0048761 -0.000647735 
3424 1.77157 0.299636 0.0761306 1.47193 181.778 181.779 181.77 -0.00107941 -0.00718686 0.00265553 -0.00226018 -0.00717628 0.00265799 -0.00237538 
3432 1.7458 0.305096 0.0819549 1.4407 181.777 181.78 181.771 -0.00340962 -0.00935418 -0.00302822 -0.00532261 -0.00934479 -0.00302499 -0.00543388 
3440 1.7158 0.301015 0.109422 1.41478 181.773 181.781 181.778 -0.00785437 -0.00359759 -0.00775664 -0.00354581 -0.00358744 -0.00775566 -0.00365271 
3448 1.68909 0.299154 0.138375 1.38993 181.772 181.78 181.78 -0.00782343 0.00415678 -0.0109214 0.00158729 0.00416831 -0.0109248 0.00148333 
3456 1.67198 0.279841 0.150404 1.39214 181.775 181.779 181.777 -0.00360595 0.00473589 -0.0119354 0.00384014 0.00474949 -0.011943 0.00373619 
3464 1.68606 0.266528 0.155739 1.41953 181.78 181.776 181.772 0.00343281 0.000383642 -0.010987 -0.000644701 0.000397204 -0.0109945 -0.000752687 
3472 1.70909 0.270351 0.155705 1.43874 181.781 181.773 181.771 0.00859673 -0.000323953 -0.0105549 -0.00775921 -0.000310271 -0.0105591 -0.00787256 
3480 1.71501 0.280972 0.14915 1.43403 181.779 181.774 181.772 0.00571993 0.0034474 -0.00872946 -0.00906365 0.00346217 -0.00873034 -0.00918043 
3488 1.70148 0.302802 0.144071 1.39868 181.778 181.776 181.772 0.00174872 0.00699646 -0.00552338 -0.00730427 0.00701229 -0.00552338 -0.00742167 
3496 1.68083 0.319799 0.147187 1.36103 181.783 181.775 181.77 0.00777416 0.007046 -0.00691713 -0.00395701 0.00706122 -0.00691915 -0.00407569 
3504 1.6522 0.328572 0.150242 1.32363 181.789 181.77 181.769 0.0189097 0.00390103 -0.0113759 -0.000515732 0.00391546 -0.01138 -0.000636532 
3512 1.62702 0.319885 0.134039 1.30714 181.793 181.765 181.769 0.0286963 -0.000395084 -0.0130396 0.000862719 -0.000379416 -0.0130457 0.000741578 
3520 1.619 0.289243 0.102263 1.32976 181.799 181.762 181.767 0.0374488 -0.00264027 -0.0139089 -0.00116792 -0.00262061 -0.0139162 -0.00128739 
3528 1.62631 0.256787 0.0741941 1.36952 181.806 181.761 181.76 0.0448271 -8.95306e-05 -0.0135487 -0.00172877 -6.58742e-05 -0.0135562 -0.00184648 
3536 1.63543 0.240537 0.0719104 1.39489 181.81 181.767 181.751 0.0430208 0.000530598 -0.0117109 0.000770196 0.000556403 -0.0117169 0.00065313 
3544 1.64019 0.251081 0.0945478 1.38911 181.808 181.771 181.748 0.0373129 -0.00404802 -0.00815051 0.000940312 -0.00402306 -0.00815402 0.000821651 
3552 1.64028 0.288292 0.119342 1.35198 181.803 181.771 181.753 0.0326552 -0.00742712 -0.00357747 -0.00140273 -0.00740504 -0.00357698 -0.00152398 
3560 1.64121 0.332118 0.125221 1.30909 181.798 181.766 181.762 0.0317215 -0.00965603 0.0015778 -0.00455364 -0.00963738 0.00158206 -0.00467712 
3568 1.64379 0.364858 0.123545 1.27893 181.795 181.759 181.772 0.0357911 -0.0112273 0.00707824 -0.00433584 -0.0112113 0.00708482 -0.00446089 
3576 1.6506 0.35687 0.112165 1.29373 181.794 181.754 181.778 0.0404025 -0.0108024 0.0123214 -0.000129574 -0.0107868 0.0123271 -0.000256609 
3584 1.66113 0.309636 0.097767 1.35149 181.796 181.753 181.778 0.0429458 -0.0108397 0.0137277 0.0041255 -0.0108235 0.0137308 0.00399684 
3592 1.66991 0.25888 0.0785801 1.41103 181.795 181.756 181.776 0.0385239 -0.0132225 0.0118375 0.00529356 -0.0132054 0.0118382 0.00516418 
3600 1.6765 0.232382 0.0456914 1.44411 181.792 181.76 181.775 0.0314765 -0.0133379 0.00876056 0.00269922 -0.0133191 0.00875926 0.0025693 
3608 1.6679 0.244761 0.0184856 1.42314 181.787 181.763 181.776 0.0239972 -0.0107781 0.00790458 -0.00445509 -0.0107571 0.00790197 -0.00458408 
3616 1.62619 0.271441 -0.00521439 1.35475 181.781 181.768 181.777 0.0131378 -0.00479543 0.00822957 -0.0101159 -0.00477187 0.00822494 -0.010241 
3624 1.58098 0.291105 -0.0223473 1.28987 181.771 181.776 181.778 -0.00527183 -0.000985973 0.00546524 -0.0117048 -0.000958815 0.00545844 -0.0118245 
3632 1.54739 0.290622 -0.0263567 1.25677 181.759 181.786 181.778 -0.0266942 0.000325392 0.00346284 -0.00837697 0.000356154 0.00345412 -0.00849133 
3640 1.5124 0.28282 -0.0103071 1.22958 181.751 181.789 181.781 -0.0385168 0.000564962 0.00160087 -0.00376399 0.000597946 0.001591 -0.00387223 
3648 1.46758 0.273426 0.0231164 1.19415 181.751 181.785 181.783 -0.0332124 0.00363026 -3.48219e-05 0.000418922 0.00366253 -4.58513e-05 0.000316693 
3656 1.42322 0.274899 0.0613746 1.14832 181.76 181.778 181.78 -0.0182462 0.00547522 -0.00248523 0.00101901 0.00550341 -0.00249542 0.000922658 
3664 1.39376 0.296334 0.0982827 1.09743 181.77 181.773 181.778 -0.00334155 0.00334968 -0.00583033 -0.00133513 0.00337222 -0.00583686 -0.00143044 
3672 1.38244 0.337551 0.129001 1.04489 181.776 181.766 181.781 0.00936093 -0.00186041 -0.00847566 -0.00558083 -0.00184245 -0.00847606 -0.00568042 
3680 1.37855 0.371831 0.151942 1.00671 181.779 181.758 181.785 0.020771 -0.00677998 -0.00778534 -0.00645465 -0.00676452 -0.00777908 -0.00656037 
3688 1.39048 0.391175 0.155379 0.999308 181.778 181.753 181.789 0.0250101 -0.00686523 -0.000599993 -0.00566378 -0.00684883 -0.000588046 -0.00577344 
3696 1.40433 0.404442 0.128515 0.999889 181.775 181.754 181.793 0.0207978 -0.00437477 0.0084317 -0.00543733 -0.00435357 0.00844632 -0.00554684 
3704 1.42115 0.400829 0.0934188 1.02032 181.772 181.761 181.789 0.0115224 -0.00194534 0.0149141 -0.00498298 -0.00191969 0.0149281 -0.00508785 
3712 1.41355 0.390883 0.067978 1.02267 181.77 181.772 181.78 -0.00136463 -1.50825e-05 0.0129071 -0.00514114 1.03262e-05 0.0129192 -0.00523898 
3720 1.38718 0.4002 0.0719239 0.986979 181.766 181.781 181.776 -0.0148741 0.00239755 0.00479425 -0.00632929 0.00241743 0.0048065 -0.00642224 
3728 1.33926 0.42074 0.0979344 0.918518 181.758 181.787 181.777 -0.028778 0.00490221 -0.00315986 -0.00886396 0.00491523 -0.00314733 -0.00895358 
3736 1.293 0.434899 0.139036 0.858105 181.75 181.788 181.782 -0.0374992 0.00823122 -0.00590651 -0.0135445 0.0082397 -0.00589577 -0.0136316 
3744 1.27233 0.441907 0.17323 0.830418 181.746 181.784 181.789 -0.0375335 0.00913994 -0.00464443 -0.0184568 0.00914796 -0.00463458 -0.0185424 
3752 1.27555 0.432141 0.183861 0.843406 181.747 181.78 181.792 -0.0322404 0.0080365 -0.00427179 -0.0222099 0.00804784 -0.00426113 -0.0222976 
3760 1.29092 0.408442 0.173391 0.882473 181.751 181.78 181.789 -0.0294723 0.00249748 -0.00480435 -0.023202 0.00251164 -0.00479305 -0.0232929 
3768 1.29559 0.379543 0.161964 0.916046 181.754 181.781 181.785 -0.0275288 -0.00276445 -0.00312914 -0.0180975 -0.00275079 -0.00311721 -0.0181909 
3776 1.29394 0.359303 0.165245 0.934641 181.756 181.782 181.782 -0.0254299 -0.00422893 -0.000303209 -0.0113218 -0.00421789 -0.000288609 -0.0114164 
3784 1.27203 0.348393 0.174013 0.923633 181.759 181.781 181.783 -0.022318 -0.00211861 0.00293208 -0.00517267 -0.00211068 0.00294968 -0.00526484 
3792 1.22995 0.349224 0.171736 0.880724 181.762 181.777 181.787 -0.0155237 0.0020503 0.00692695 -0.00214524 0.00205751 0.00694644 -0.00222993 
3800 1.19351 0.362827 0.187604 0.830683 181.765 181.77 181.793 -0.00468171 0.00560638 0.0118603 -0.00332425 0.0056142 0.0118816 -0.00340108 
3808 1.17886 0.388845 0.221646 0.790011 181.769 181.764 181.796 0.004862 0.00670722 0.0155789 -0.00858367 0.00671529 0.0156006 -0.00865812 
3816 1.17395 0.415365 0.244703 0.758583 181.771 181.762 181.796 0.00858501 0.00241222 0.0145026 -0.0146563 0.00242023 0.0145225 -0.014736 
3824 1.16545 0.420489 0.248047 0.744957 181.771 181.763 181.796 0.00867698 -0.00558533 0.0104533 -0.020969 -0.00557788 0.01047 -0.0210566 
3832 1.15917 0.406416 0.243138 0.752754 181.772 181.765 181.794 0.00684021 -0.0134497 0.00548024 -0.0238552 -0.013442 0.0054943 -0.023949 
3840 1.15357 0.387627 0.220378 0.765943 181.772 181.766 181.793 0.0059273 -0.0177335 -8.35831e-05 -0.0250855 -0.0177247 -7.13761e-05 -0.0251814 
3848 1.14033 0.377708 0.183246 0.762618 181.774 181.769 181.789 0.00505256 -0.0205605 -0.00407413 -0.0242093 -0.0205513 -0.00405984 -0.0243031 
3856 1.1239 0.376858 0.14928 0.747041 181.775 181.773 181.784 0.00251586 -0.0214301 -0.00431881 -0.0204768 -0.0214198 -0.00430049 -0.0205669 
3864 1.1074 0.385926 0.126384 0.721471 181.774 181.776 181.781 -0.00170785 -0.0158627 -0.00237503 -0.0156459 -0.0158507 -0.00235369 -0.0157317 
3872 1.08898 0.393386 0.117021 0.69559 181.77 181.777 181.783 -0.0069104 -0.00680655 -0.00377485 -0.011917 -0.00679491 -0.00375047 -0.0120012 
3880 1.06737 0.39526 0.119746 0.672114 181.766 181.778 181.786 -0.012159 -0.00312877 -0.00451825 -0.00924936 -0.00312126 -0.00449139 -0.00933649 
3888 1.04419 0.389248 0.116939 0.654946 181.761 181.775 181.792 -0.0141742 -0.0023629 -0.00385762 -0.00658577 -0.00235865 -0.00382986 -0.00667544 
3896 1.02853 0.379337 0.118244 0.649191 181.76 181.771 181.796 -0.0117553 -0.00205448 -0.00314434 -0.00114919 -0.00205025 -0.00311699 -0.00123929 
3904 1.01963 0.372957 0.116557 0.646669 181.761 181.768 181.797 -0.00692424 -0.00189141 -0.00306459 0.00562759 -0.00188707 -0.0030372 0.00554029 
3912 1.02692 0.374644 0.105558 0.652276 181.764 181.765 181.798 -0.00122133 -0.00323625 -0.00571872 0.0119552 -0.00323292 -0.00568958 0.0118699 
3920 1.04329 0.378569 0.0922369 0.664719 181.769 181.762 181.796 0.00612505 -0.00585146 -0.00807582 0.011374 -0.00585276 -0.00804594 0.0112881 
3928 1.04511 0.38315 0.0884139 0.661957 181.771 181.764 181.792 0.00709152 -0.00960382 -0.0064351 0.00512354 -0.00961184 -0.00640508 0.00503554 
3936 1.02304 0.382722 0.0866265 0.640321 181.772 181.769 181.786 0.00287096 -0.0132513 -0.00382441 4.71647e-05 -0.0132656 -0.00379371 -4.04274e-05 
3944 0.989193 0.385576 0.0775207 0.603618 181.772 181.772 181.781 0.000618459 -0.0148282 -0.00122777 -0.00218643 -0.0148432 -0.00119435 -0.00227054 
3952 0.964112 0.370477 0.0598235 0.593636 181.771 181.771 181.778 0.00016907 -0.0157484 -0.00165514 -0.00530293 -0.0157557 -0.00161858 -0.00538273 
3960 0.951763 0.343612 0.0375433 0.608151 181.768 181.772 181.778 -0.00415551 -0.0190038 -0.0020208 -0.00922589 -0.018999 -0.00198423 -0.00930169 
3968 0.943698 0.306421 0.0298055 0.637277 181.762 181.777 181.777 -0.0156347 -0.017986 -0.00245449 -0.0084755 -0.0179722 -0.00242307 -0.00854501 
3976 0.959465 0.268821 0.0294717 0.690645 181.758 181.778 181.779 -0.0200924 -0.0134353 -0.00416664 -0.00579997 -0.0134192 -0.00414222 -0.0058647 
3984 0.991554 0.238727 0.0381702 0.752827 181.758 181.773 181.787 -0.0150334 -0.0078922 -0.00500913 -0.00335671 -0.00788175 -0.00499183 -0.00341997 
3992 1.01565 0.234475 0.0548729 0.781173 181.756 181.768 181.794 -0.0121036 -0.00405234 -0.00501809 -0.00425683 -0.00405111 -0.00500674 -0.00432132 
