0 2.68019 3.82942 1.79686 -1.14924 164.079 164.132 164.268 -0.0530637 0.0167745 0.0373267 -0.0968701 0.0167093 0.0375211 -0.0970683 
8 2.57958 3.68095 1.78278 -1.10137 164.091 164.143 164.24 -0.0522118 0.00443605 0.026477 -0.0588853 0.00438315 0.0266683 -0.0590783 
16 2.44067 3.60898 1.73844 -1.16832 164.107 164.171 164.196 -0.0641323 0.0116519 0.0188146 -0.040625 0.0116098 0.0190048 -0.0408054 
24 2.36129 3.58011 1.73484 -1.21882 164.129 164.184 164.157 -0.0550234 0.00788228 -0.00311623 -0.0246763 0.00783952 -0.00292588 -0.0248364 
32 2.30954 3.5734 1.71503 -1.26385 164.163 164.183 164.123 -0.0203813 0.00683017 -0.0210785 -0.00457518 0.0067761 -0.0208944 -0.00471618 
40 2.32909 3.69383 1.71045 -1.36473 164.193 164.196 164.078 -0.00339148 0.0211538 -0.0307219 0.00267188 0.0210827 -0.0305396 0.00253619 
48 2.362 3.86834 1.7349 -1.50634 164.198 164.22 164.048 -0.0228224 0.0462726 -0.0455481 0.0144704 0.0461929 -0.0453682 0.0143343 
56 2.35637 3.95544 1.80594 -1.59907 164.194 164.234 164.038 -0.039757 0.0682578 -0.0571309 0.0203408 0.0681861 -0.0569616 0.0202142 
64 2.34121 3.98936 1.8385 -1.64815 164.199 164.232 164.034 -0.0326367 0.0902653 -0.040587 0.0158558 0.0902178 -0.0404315 0.0157407 
72 2.36404 4.00845 1.82437 -1.64441 164.201 164.225 164.031 -0.024238 0.104934 -0.0171586 0.00292135 0.104908 -0.0170122 0.00280036 
80 2.43298 4.04804 1.87975 -1.61505 164.18 164.231 164.032 -0.0509695 0.111095 -0.0269566 -0.019177 0.111065 -0.0268241 -0.0193314 
88 2.48591 4.03434 2.10916 -1.54844 164.165 164.242 164.028 -0.0773382 0.110917 -0.0404968 -0.0538216 0.110861 -0.0403783 -0.0540148 
96 2.4627 3.92614 2.30723 -1.46344 164.151 164.243 164.044 -0.0924201 0.102566 -0.0412263 -0.0911859 0.102489 -0.041116 -0.091398 
104 2.35494 3.79467 2.37367 -1.43972 164.153 164.212 164.082 -0.05887 0.0750672 -0.0346592 -0.125821 0.0749818 -0.034548 -0.12602 
112 2.25493 3.68556 2.32537 -1.43062 164.185 164.163 164.111 0.0225577 0.0518973 -0.0166827 -0.139469 0.0518131 -0.0165705 -0.139647 
120 2.24721 3.65042 2.23438 -1.40321 164.212 164.141 164.124 0.0714178 0.0655122 0.000749897 -0.127154 0.0654305 0.000858725 -0.127331 
128 2.18198 3.63393 2.17513 -1.45195 164.213 164.147 164.139 0.0663221 0.104398 0.0199293 -0.0764808 0.104314 0.0200252 -0.076669 
136 2.12484 3.62773 2.17778 -1.50289 164.179 164.181 164.152 -0.0017165 0.135365 0.0306222 -0.0295201 0.135276 0.0307113 -0.0297168 
144 2.16185 3.68044 2.19126 -1.51858 164.156 164.213 164.154 -0.0577304 0.13841 0.0260268 -0.0187052 0.138308 0.0261209 -0.0188977 
152 2.2422 3.70433 2.20183 -1.46212 164.151 164.198 164.179 -0.046944 0.120267 0.0177932 -0.0413031 0.120141 0.0178939 -0.0414986 
160 2.27582 3.69216 2.17 -1.41634 164.152 164.175 164.204 -0.0229177 0.090611 0.0167502 -0.0634442 0.09046 0.0168509 -0.06365 
168 2.32688 3.72029 2.0719 -1.39341 164.143 164.197 164.182 -0.0538041 0.0600014 0.0271187 -0.0623263 0.0598381 0.0272272 -0.0625497 
176 2.44168 3.74532 1.90799 -1.30363 164.116 164.258 164.136 -0.141964 0.0489967 0.0528223 -0.0487898 0.0488396 0.0529365 -0.0490342 
184 2.66321 3.82224 1.83131 -1.15903 164.1 164.284 164.121 -0.183567 0.0495711 0.086968 -0.0327936 0.049422 0.0870827 -0.0330654 
192 2.9648 3.91324 1.98398 -0.948443 164.11 164.256 164.141 -0.146296 0.0454273 0.104895 -0.00681763 0.0452765 0.105006 -0.00710912 
200 3.2638 3.95439 2.30325 -0.690591 164.129 164.218 164.16 -0.0891212 0.0512159 0.0983275 0.0285058 0.0510683 0.0984395 0.0282018 
208 3.43308 3.91613 2.59597 -0.483047 164.159 164.192 164.158 -0.0328719 0.090045 0.0779473 0.0596731 0.089915 0.0780566 0.059363 
216 3.58201 3.81408 2.75982 -0.232074 164.204 164.175 164.137 0.0286502 0.125264 0.0499781 0.0716191 0.125158 0.0500873 0.0712978 
224 3.71676 3.73171 2.75709 -0.0149475 164.228 164.178 164.119 0.0502589 0.115284 0.0366787 0.0580228 0.115198 0.0367996 0.0576868 
232 3.77412 3.68221 2.5545 0.0919105 164.23 164.202 164.098 0.0275345 0.081011 0.0401353 0.0151907 0.0809484 0.0402717 0.0148404 
240 3.73975 3.67502 2.26472 0.0647343 164.21 164.234 164.086 -0.0242139 0.0652514 0.0556201 -0.0183902 0.0652185 0.0557581 -0.018743 
248 3.62794 3.70888 1.95747 -0.0809445 164.185 164.26 164.082 -0.0750222 0.084824 0.0642933 -0.0306713 0.0848241 0.0644165 -0.0310093 
256 3.41717 3.80592 1.76292 -0.388744 164.162 164.278 164.088 -0.116243 0.115358 0.0786438 -0.042588 0.115367 0.0787578 -0.0428938 
264 3.19885 3.83232 1.70191 -0.633466 164.157 164.287 164.084 -0.130525 0.140791 0.0998858 -0.0566945 0.140775 0.100007 -0.0569644 
272 3.05798 3.80114 1.70824 -0.743162 164.173 164.29 164.066 -0.117067 0.145645 0.119498 -0.0583103 0.145595 0.119642 -0.0585578 
280 2.95669 3.72784 1.74661 -0.77114 164.195 164.27 164.063 -0.0744186 0.127927 0.129176 -0.0576195 0.127854 0.129338 -0.0578676 
288 2.89348 3.70122 1.75774 -0.807737 164.218 164.224 164.084 -0.00612427 0.103262 0.130146 -0.0573627 0.103198 0.130313 -0.0576232 
296 2.88112 3.75512 1.76827 -0.873994 164.228 164.176 164.121 0.0519441 0.0752529 0.103428 -0.0354501 0.0752086 0.103583 -0.0357194 
304 2.9228 3.93597 1.80415 -1.01317 164.198 164.148 164.17 0.050306 0.0539002 0.0662868 0.0112109 0.0538661 0.0664235 0.0109212 
312 2.88008 4.08144 1.90487 -1.20136 164.133 164.134 164.235 -0.000841997 0.0521342 0.045129 0.0502151 0.0521043 0.0452558 0.0499043 
320 2.78947 4.15593 2.03622 -1.36646 164.089 164.131 164.281 -0.0411742 0.0609029 0.0342782 0.0553132 0.0608689 0.0344204 0.0549851 
328 2.76354 4.16164 2.10366 -1.3981 164.104 164.129 164.281 -0.0247878 0.0541645 0.0447671 0.031239 0.0541158 0.0449498 0.0309026 
336 2.85682 4.11312 1.97413 -1.25631 164.141 164.127 164.248 0.0138463 0.03712 0.0632975 0.00859155 0.0370521 0.0635247 0.00825095 
344 2.98587 3.99279 1.73062 -1.00692 164.17 164.126 164.205 0.0438343 0.0499644 0.0638977 -0.0098586 0.049893 0.0641576 -0.0101975 
352 3.08137 3.87166 1.47607 -0.790298 164.175 164.126 164.185 0.048622 0.0756477 0.0475887 -0.0415527 0.0755866 0.0478585 -0.0418813 
360 3.11854 3.84561 1.25185 -0.727069 164.163 164.127 164.203 0.0362364 0.0804304 0.0393258 -0.055755 0.0803836 0.0395988 -0.0560631 
368 3.16204 3.79373 1.12035 -0.631685 164.155 164.142 164.209 0.0131738 0.0756377 0.0537124 -0.040863 0.075608 0.0539695 -0.041159 
376 3.26912 3.64295 1.14767 -0.373828 164.157 164.179 164.171 -0.021797 0.0743182 0.0658962 -0.0248445 0.0742996 0.0661241 -0.0251366 
384 3.29401 3.4619 1.26602 -0.167887 164.169 164.192 164.141 -0.0226578 0.083349 0.0643326 -0.0403309 0.0833383 0.0645331 -0.0406125 
392 3.16069 3.30613 1.33492 -0.145443 164.159 164.171 164.162 -0.0116937 0.0886817 0.0567148 -0.0622421 0.0886783 0.0569026 -0.0625087 
400 2.97028 3.20607 1.24418 -0.235795 164.124 164.16 164.204 -0.0354252 0.0793835 0.0517241 -0.0643798 0.0793856 0.0518978 -0.0646405 
408 2.81446 3.06643 1.05257 -0.251961 164.098 164.165 164.23 -0.0665438 0.0589529 0.047581 -0.0563613 0.0589627 0.0477281 -0.0566098 
416 2.7872 2.92253 0.983975 -0.135331 164.094 164.165 164.237 -0.0709187 0.0352405 0.0470507 -0.0391861 0.0352415 0.0471681 -0.0394207 
424 2.88636 2.79279 1.01576 0.0935665 164.109 164.132 164.256 -0.0235749 -0.00158017 0.0413219 -0.0207501 -0.00159739 0.0414253 -0.0209865 
432 2.97403 2.73791 0.969536 0.236121 164.133 164.083 164.278 0.050112 -0.0306765 0.028913 -0.00390967 -0.0307104 0.0290132 -0.00414869 
440 3.01032 2.81428 0.915372 0.196038 164.154 164.055 164.282 0.0989525 -0.0364188 0.0157443 -0.010046 -0.0364598 0.0158424 -0.0102897 
448 3.02242 2.98985 0.931782 0.0325729 164.176 164.044 164.276 0.131465 -0.0235613 0.000834248 -0.0302946 -0.0236016 0.000941146 -0.030543 
456 2.9701 3.1215 1.04541 -0.15139 164.2 164.033 164.274 0.16707 0.00446161 -0.00828637 -0.0431878 0.00442649 -0.00816544 -0.0434441 
464 2.88208 3.12923 1.20035 -0.247153 164.224 164.032 164.256 0.192366 0.0314297 -0.00721079 -0.0690466 0.0314056 -0.0070879 -0.0693085 
472 2.74169 3.01553 1.36402 -0.273839 164.24 164.043 164.227 0.196804 0.0615046 0.00746445 -0.106722 0.0614822 0.00757572 -0.106979 
480 2.58382 2.86383 1.52796 -0.280005 164.243 164.063 164.206 0.179924 0.0981031 0.0287749 -0.14865 0.0980667 0.0288715 -0.148906 
488 2.39914 2.77628 1.63038 -0.377132 164.246 164.093 164.181 0.152504 0.137132 0.0587523 -0.149936 0.137083 0.0588246 -0.150191 
496 2.19932 2.76505 1.62438 -0.565727 164.26 164.129 164.144 0.131134 0.156198 0.074472 -0.117062 0.15615 0.0745278 -0.117312 
504 2.03076 2.83673 1.45395 -0.805972 164.253 164.171 164.115 0.0818858 0.153935 0.0769109 -0.0700316 0.153902 0.0769737 -0.070271 
512 1.8172 2.98065 1.2658 -1.16345 164.231 164.204 164.108 0.027081 0.136995 0.0644091 -0.0372553 0.136984 0.0644933 -0.0374743 
520 1.60963 3.17129 1.12078 -1.56166 164.216 164.214 164.12 0.00155486 0.113499 0.0330151 -0.023284 0.113509 0.0331315 -0.0234829 
528 1.46991 3.27919 1.06423 -1.80928 164.192 164.218 164.145 -0.0258876 0.0723898 0.00492008 -0.0107954 0.0723992 0.00507639 -0.0109865 
536 1.44121 3.30821 1.06047 -1.86701 164.173 164.217 164.166 -0.0439443 0.0272739 0.0019624 -0.00988183 0.0272589 0.00215166 -0.010077 
544 1.48534 3.27234 1.01936 -1.78701 164.173 164.206 164.176 -0.0326273 0.00568641 0.0121156 -0.0160356 0.00564823 0.0123188 -0.016234 
552 1.51943 3.18161 0.896137 -1.66219 164.175 164.209 164.17 -0.0340503 0.0127595 0.0262003 -0.0379065 0.0127111 0.0264117 -0.0380869 
560 1.45269 2.99407 0.684436 -1.54138 164.171 164.223 164.155 -0.0523456 0.0260344 0.0252008 -0.0619888 0.0259862 0.0254138 -0.0621229 
568 1.30711 2.79127 0.395211 -1.48416 164.176 164.254 164.11 -0.0784971 0.0451468 0.0161328 -0.0545404 0.0451074 0.0163295 -0.0546261 
576 1.13722 2.53415 0.218531 -1.39693 164.187 164.261 164.078 -0.0737643 0.064725 0.000894264 -0.0263357 0.0647007 0.00106069 -0.0263912 
584 0.847249 2.35413 0.148961 -1.50688 164.169 164.229 164.116 -0.0601361 0.0849979 -0.0189378 -0.01519 0.0849794 -0.0187935 -0.0152335 
592 0.459561 2.2435 0.0730864 -1.78395 164.137 164.202 164.169 -0.0646485 0.0924508 -0.0252885 -0.0202741 0.092436 -0.0251637 -0.0203212 
600 0.12669 2.32385 0.0635495 -2.19716 164.133 164.191 164.182 -0.0582804 0.0639521 -0.0227355 -0.0404365 0.0639466 -0.0226277 -0.0404965 
608 -0.0694781 2.51066 0.141168 -2.58014 164.15 164.177 164.182 -0.0267822 0.0333783 -0.0183978 -0.0641108 0.0333749 -0.0183075 -0.0641886 
616 -0.0488789 2.67482 0.226283 -2.72369 164.142 164.187 164.188 -0.0453147 0.0323554 -0.0238588 -0.0834584 0.0323427 -0.0237861 -0.0835537 
624 0.119365 2.72651 0.302618 -2.60715 164.112 164.215 164.202 -0.103469 0.0594078 -0.0187847 -0.100255 0.0593748 -0.0187315 -0.100355 
632 0.243832 2.69771 0.366233 -2.45388 164.089 164.246 164.207 -0.157389 0.0817389 -0.00622151 -0.106858 0.0816875 -0.0061766 -0.106948 
640 0.228669 2.56438 0.411192 -2.33571 164.103 164.259 164.193 -0.1552 0.0901971 -0.0109746 -0.104157 0.0901328 -0.0109264 -0.104235 
648 -0.0330066 2.44646 0.389402 -2.47946 164.142 164.242 164.179 -0.100093 0.086995 -0.023139 -0.106902 0.086929 -0.0230809 -0.106968 
656 -0.432382 2.44836 0.357401 -2.88074 164.188 164.202 164.181 -0.0135402 0.0624545 -0.0444613 -0.0945753 0.0623846 -0.0443946 -0.0946253 
664 -0.830312 2.57071 0.351952 -3.40103 164.222 164.15 164.2 0.0718073 0.032428 -0.0662321 -0.0774862 0.0323464 -0.0661617 -0.0775014 
672 -1.06937 2.74802 0.291012 -3.81739 164.232 164.123 164.21 0.108775 0.00733881 -0.0611507 -0.0698536 0.0072574 -0.0610744 -0.0698207 
680 -1.13251 2.91633 0.212337 -4.04883 164.219 164.125 164.216 0.093614 -0.00770983 -0.0335897 -0.0611808 -0.00777943 -0.0334847 -0.0611134 
688 -1.05087 2.98917 0.201611 -4.04004 164.2 164.14 164.223 0.0602234 -0.00976856 -0.00539393 -0.0627347 -0.00982395 -0.00524568 -0.0626535 
696 -0.959915 2.91452 0.336775 -3.87443 164.178 164.155 164.237 0.0231248 -0.00137148 0.0267502 -0.0619633 -0.0014266 0.0269314 -0.0618779 
704 -0.953424 2.72875 0.492507 -3.68217 164.139 164.179 164.261 -0.0400367 0.0134575 0.0386413 -0.0324969 0.0133858 0.0388316 -0.032417 
712 -1.03462 2.60245 0.611011 -3.63707 164.074 164.218 164.291 -0.14429 0.026394 0.0122736 0.00271643 0.0262949 0.0124687 0.0027731 
720 -1.15507 2.63308 0.617589 -3.78815 164.01 164.263 164.305 -0.252357 0.0217703 -0.0188319 0.0054086 0.0216612 -0.0186379 0.00543964 
728 -1.31978 2.72212 0.562909 -4.04191 163.98 164.289 164.294 -0.308999 0.0104589 -0.0446093 0.00466147 0.0103688 -0.0444314 0.0046718 
736 -1.52835 2.71491 0.435693 -4.24326 163.976 164.287 164.278 -0.310644 0.00825829 -0.0553901 0.015187 0.00820697 -0.0552308 0.0151987 
744 -1.76855 2.66281 0.340037 -4.43135 164.003 164.275 164.253 -0.272333 0.0206404 -0.0475869 0.0439127 0.0206162 -0.0474302 0.0439536 
752 -2.09491 2.67191 0.292827 -4.76682 164.064 164.26 164.21 -0.195982 0.0345704 -0.0139493 0.0606171 0.0345451 -0.0137845 0.0607038 
760 -2.42325 2.69228 0.230808 -5.11553 164.115 164.25 164.176 -0.135278 0.0266758 0.027243 0.0530204 0.0266316 0.0274094 0.0531496 
768 -2.65993 2.73403 0.0837006 -5.39395 164.13 164.256 164.162 -0.125498 0.0051001 0.0473762 0.0291597 0.00504713 0.0475412 0.0293097 
776 -2.81963 2.75774 -0.0468007 -5.57737 164.132 164.243 164.172 -0.110823 0.00419958 0.0556378 -0.0159084 0.00414589 0.0558034 -0.0157502 
784 -2.89191 2.78013 -0.117496 -5.67205 164.126 164.199 164.206 -0.0733013 0.0395598 0.0539131 -0.0677831 0.0395071 0.0540903 -0.0676165 
792 -2.88434 2.80547 -0.129023 -5.68981 164.112 164.144 164.247 -0.0321769 0.0783627 0.042674 -0.10711 0.0783113 0.0428697 -0.106937 
800 -2.95716 2.82455 -0.00879654 -5.78171 164.101 164.109 164.277 -0.00831136 0.105935 0.0337995 -0.125995 0.105889 0.0340111 -0.125812 
808 -3.11066 2.82398 0.205319 -5.93464 164.107 164.094 164.292 0.0125301 0.122573 0.0281539 -0.109104 0.122535 0.0283782 -0.108922 
816 -3.3925 2.78366 0.328804 -6.17616 164.119 164.093 164.293 0.0266019 0.134722 0.0405103 -0.0654063 0.134701 0.0407484 -0.0652265 
824 -3.82443 2.76595 0.272493 -6.59037 164.127 164.104 164.285 0.0239254 0.154725 0.0609735 -0.021024 0.154725 0.0612272 -0.0208338 
832 -4.3015 2.77845 0.0958334 -7.07995 164.127 164.147 164.247 -0.0202303 0.175616 0.072423 -0.0123789 0.175631 0.072686 -0.0121713 
840 -4.80623 2.7393 -0.0824366 -7.54553 164.125 164.199 164.199 -0.0745339 0.18551 0.0907358 -0.0384532 0.18553 0.0909922 -0.0382112 
848 -5.31528 2.59265 -0.0743319 -7.90792 164.139 164.247 164.139 -0.107429 0.173035 0.104144 -0.0842259 0.173048 0.104367 -0.0839444 
856 -5.84274 2.45196 0.138344 -8.29469 164.142 164.276 164.106 -0.134415 0.152618 0.121749 -0.12749 0.15262 0.121934 -0.127178 
864 -6.38561 2.31147 0.307037 -8.69708 164.108 164.292 164.116 -0.183565 0.145725 0.136179 -0.142686 0.145724 0.136338 -0.142352 
872 -6.94865 2.23774 0.27789 -9.18639 164.052 164.299 164.166 -0.247231 0.140863 0.140856 -0.120459 0.140868 0.141018 -0.1201 
880 -7.42766 2.3093 0.063438 -9.73696 163.987 164.305 164.22 -0.317702 0.146458 0.135288 -0.0835024 0.146474 0.135469 -0.0831113 
888 -7.82125 2.54599 -0.165006 -10.3672 163.942 164.289 164.275 -0.347074 0.146916 0.105494 -0.0657946 0.146944 0.105692 -0.0653634 
896 -8.17955 2.68702 -0.356942 -10.8666 163.955 164.244 164.305 -0.288406 0.136694 0.0453499 -0.0854113 0.136732 0.0455505 -0.0849478 
904 -8.57954 2.77666 -0.437774 -11.3562 164.006 164.216 164.286 -0.210645 0.12709 -0.00113128 -0.0961316 0.127139 -0.000919132 -0.0956414 
912 -9.09014 2.73742 -0.405817 -11.8276 164.049 164.223 164.238 -0.174136 0.129677 -0.0138923 -0.0717915 0.129734 -0.0136715 -0.0712688 
920 -9.66984 2.62193 -0.321219 -12.2918 164.073 164.237 164.209 -0.164303 0.147823 0.0104981 -0.0273844 0.147885 0.0107194 -0.0268245 
928 -10.2796 2.51506 -0.163081 -12.7946 164.089 164.261 164.178 -0.172267 0.163732 0.0657291 0.0107362 0.163793 0.0659488 0.0113381 
936 -10.9426 2.48272 -0.0453479 -13.4253 164.11 164.282 164.142 -0.171714 0.183048 0.121237 0.0135452 0.183106 0.121458 0.0141967 
944 -11.6358 2.5616 0.0346744 -14.1974 164.115 164.295 164.121 -0.180781 0.186441 0.153898 0.000792064 0.186492 0.154119 0.00149637 
952 -12.3378 2.72173 0.109482 -15.0595 164.109 164.316 164.102 -0.206983 0.170161 0.168304 -0.00598558 0.170196 0.16852 -0.00523078 
960 -13.0619 2.87383 0.129567 -15.9357 164.123 164.332 164.071 -0.208994 0.136412 0.159268 -0.000511769 0.136425 0.159477 0.000277948 
968 -13.8107 2.93991 0.0446529 -16.7506 164.156 164.316 164.05 -0.16011 0.0897333 0.112873 -0.0129381 0.0897282 0.113082 -0.0121304 
976 -14.6042 2.93804 -0.00874513 -17.5422 164.171 164.284 164.065 -0.11286 0.0523716 0.0471738 -0.0291183 0.0523532 0.0473912 -0.0282813 
984 -15.4753 2.92489 0.0411929 -18.4002 164.168 164.257 164.096 -0.0888342 0.0471421 0.00479888 -0.0325284 0.0471206 0.00502685 -0.0316383 
992 -16.416 2.83359 0.165908 -19.2496 164.171 164.241 164.107 -0.0697609 0.0706797 0.00855 -0.0412567 0.0706685 0.00877559 -0.0403055 
1000 -17.3018 2.80247 0.323678 -20.1043 164.175 164.222 164.125 -0.0467987 0.0893592 0.0419251 -0.0395005 0.0893677 0.042138 -0.0385043 
1008 -18.04 2.88842 0.537081 -20.9284 164.161 164.21 164.158 -0.0483671 0.0833408 0.0686279 -0.0216991 0.0833584 0.0688328 -0.0206692 
1016 -18.7469 3.014 0.776808 -21.7609 164.153 164.203 164.169 -0.0506214 0.0587194 0.0686532 -0.0219171 0.0587329 0.068854 -0.0208437 
1024 -19.507 3.12512 0.902137 -22.6321 164.152 164.191 164.171 -0.0386365 0.04246 0.0455415 -0.0371066 0.0424583 0.0457364 -0.0359793 
1032 -20.2644 3.06659 0.835429 -23.331 164.152 164.187 164.17 -0.0351516 0.0480147 0.0218267 -0.0329085 0.0479981 0.0220014 -0.0317271 
1040 -20.9733 2.82072 0.563997 -23.7941 164.15 164.217 164.15 -0.0674402 0.0689933 0.0148046 -0.0159283 0.0689765 0.0149519 -0.0146979 
1048 -21.7398 2.52858 0.296647 -24.2684 164.138 164.255 164.129 -0.117278 0.087536 0.0207526 -0.0108889 0.0875244 0.0208805 -0.00962082 
1056 -22.5221 2.32591 0.202928 -24.848 164.128 164.27 164.125 -0.14162 0.0937564 0.0432255 -0.0150033 0.0937487 0.0433473 -0.0137033 
1064 -23.2789 2.16184 0.206036 -25.4407 164.14 164.266 164.11 -0.126129 0.0787073 0.0684795 -0.0229538 0.0787032 0.0685923 -0.0216242 
1072 -23.978 1.98542 0.324031 -25.9634 164.162 164.261 164.089 -0.0988618 0.0562035 0.0864897 -0.0181173 0.0561958 0.0865968 -0.0167572 
1080 -24.6751 1.93613 0.553233 -26.6112 164.181 164.275 164.063 -0.0941834 0.0316126 0.100743 -0.0220668 0.0315819 0.100861 -0.0206649 
1088 -25.434 2.00995 0.788327 -27.444 164.186 164.283 164.059 -0.0965723 0.0177029 0.11931 -0.038923 0.0176451 0.119449 -0.0374615 
1096 -26.2909 2.14294 0.941576 -28.4338 164.199 164.26 164.077 -0.0612021 0.0370006 0.122005 -0.0290402 0.0369245 0.122159 -0.0275189 
1104 -27.2505 2.34746 1.05707 -29.598 164.209 164.221 164.102 -0.0124762 0.0753446 0.107473 -0.0325019 0.0752558 0.107632 -0.0309335 
1112 -28.2741 2.57171 1.10853 -30.8458 164.202 164.19 164.125 0.0126055 0.0913117 0.0686594 -0.0403875 0.0912191 0.0688222 -0.0387828 
1120 -29.1697 2.80949 1.03614 -31.9792 164.183 164.174 164.146 0.00926215 0.082441 0.0423841 -0.0379688 0.0823637 0.042555 -0.0363281 
1128 -29.9496 2.93091 1.00831 -32.8805 164.187 164.173 164.139 0.0137613 0.0822447 0.026925 -0.01559 0.0821945 0.0271042 -0.0139067 
1136 -30.609 2.85497 1.01919 -33.464 164.209 164.177 164.113 0.0318908 0.107107 0.0286039 0.0145751 0.107082 0.0287946 0.0163074 
1144 -31.2256 2.66991 0.971187 -33.8955 164.244 164.189 164.068 0.0551734 0.139098 0.0585592 0.0286773 0.139076 0.0587561 0.0304674 
1152 -31.7097 2.49116 0.855909 -34.2009 164.275 164.201 164.027 0.0738673 0.14125 0.0717746 0.0241768 0.141199 0.0719683 0.0260166 
1160 -32.1418 2.45799 0.828367 -34.5997 164.291 164.204 164.014 0.0873584 0.119465 0.0410825 0.0110325 0.119375 0.0412692 0.0129074 
1168 -32.6143 2.56169 0.929699 -35.176 164.286 164.216 164.021 0.0698909 0.0711146 0.0227718 -0.00743451 0.0709932 0.0229502 -0.00553799 
1176 -33.0496 2.66835 1.13445 -35.7179 164.264 164.222 164.054 0.0418964 0.0192327 0.0404151 -0.0138559 0.0190883 0.0405878 -0.0119446 
1184 -33.3714 2.67601 1.31111 -36.0474 164.244 164.208 164.093 0.0360543 -0.000772413 0.0579389 0.00717223 -0.000939589 0.0581038 0.0090976 
1192 -33.4785 2.5771 1.39463 -36.0556 164.237 164.182 164.127 0.0549905 0.0165587 0.0674886 0.0246542 0.0163747 0.067643 0.0265729 
1200 -33.4891 2.48936 1.39376 -35.9784 164.245 164.161 164.134 0.0835656 0.0360371 0.0792505 0.0177321 0.035847 0.0794016 0.0196325 
1208 -33.5538 2.33605 1.38829 -35.8898 164.275 164.145 164.117 0.130477 0.0326557 0.0709476 0.00892145 0.0324748 0.0710856 0.0108084 
1216 -33.7346 2.1325 1.45539 -35.8671 164.304 164.16 164.074 0.14356 0.0313919 0.0413788 0.000130007 0.0312261 0.0414897 0.00202809 
1224 -33.8958 1.95802 1.52394 -35.8538 164.316 164.211 164.017 0.105717 0.048185 0.0123945 -0.00238872 0.0480366 0.0124851 -0.000474788 
1232 -33.9056 1.91226 1.61786 -35.8179 164.304 164.263 163.98 0.0412935 0.0745781 0.00738432 -0.00773116 0.0744426 0.00746682 -0.00581128 
1240 -33.5956 1.95 1.70442 -35.5456 164.276 164.293 163.985 -0.0165819 0.0820664 0.0307481 -0.00549649 0.0819352 0.0308232 -0.00359668 
1248 -32.9727 1.96469 1.73569 -34.9373 164.261 164.276 164.024 -0.0149258 0.0692662 0.0632842 -0.00339571 0.0691419 0.0633558 -0.00155082 
1256 -32.1891 2.01058 1.63757 -34.1997 164.254 164.227 164.081 0.0276844 0.0418608 0.0815219 -0.0021038 0.0417505 0.0815884 -0.000324364 
1264 -31.393 2.12708 1.4736 -33.5201 164.246 164.186 164.138 0.0592183 0.0241314 0.0974562 -0.0149853 0.0240321 0.0975135 -0.0132634 
1272 -30.5894 2.24594 1.38793 -32.8354 164.246 164.149 164.184 0.0974545 0.0129791 0.10129 -0.0454404 0.0128753 0.101339 -0.0437525 
1280 -29.7355 2.36744 1.34814 -32.103 164.261 164.119 164.202 0.141775 0.00123408 0.0970176 -0.0664528 0.0011111 0.0970682 -0.0647825 
1288 -28.912 2.45807 1.42357 -31.37 164.255 164.12 164.207 0.135646 -0.00063943 0.0734082 -0.0763616 -0.000794026 0.0734602 -0.0747124 
1296 -28.0907 2.52363 1.61371 -30.6143 164.226 164.151 164.207 0.0744369 0.0104101 0.0612242 -0.0619144 0.0102162 0.061281 -0.0603036 
1304 -27.2308 2.47638 1.80932 -29.7071 164.213 164.171 164.203 0.0418374 0.0328449 0.0632343 -0.0473789 0.0326254 0.0633102 -0.0458185 
1312 -26.3025 2.38256 1.92235 -28.685 164.219 164.177 164.193 0.0420337 0.0578531 0.0854426 -0.0460221 0.0576369 0.085542 -0.044521 
1320 -25.2778 2.25879 1.91078 -27.5366 164.226 164.191 164.176 0.035849 0.0882645 0.0974942 -0.0486785 0.0880591 0.0976062 -0.0472413 
1328 -24.0922 2.04565 1.80214 -26.1378 164.224 164.205 164.162 0.0185122 0.114176 0.0886695 -0.046244 0.11398 0.0887698 -0.0448814 
1336 -22.7006 1.7634 1.64619 -24.464 164.217 164.206 164.154 0.0104311 0.101382 0.0756755 -0.0427702 0.10118 0.0757462 -0.0414853 
1344 -21.2594 1.50529 1.51913 -22.7647 164.205 164.198 164.155 0.00754999 0.067831 0.06924 -0.0475395 0.0676124 0.069282 -0.0463264 
1352 -19.8584 1.38488 1.49101 -21.2433 164.194 164.184 164.171 0.0102689 0.0460984 0.062408 -0.0419352 0.0458684 0.0624389 -0.0407983 
1360 -18.4376 1.41289 1.47993 -19.8505 164.205 164.172 164.172 0.0326649 0.0141965 0.0698957 -0.0317492 0.0139591 0.0699299 -0.0306989 
1368 -16.8969 1.5789 1.47642 -18.4758 164.218 164.159 164.172 0.0591107 -0.0148285 0.103249 -0.0117325 -0.0150832 0.103295 -0.0107637 
1376 -15.2713 1.83974 1.43642 -17.111 164.211 164.153 164.185 0.0581554 -0.0380823 0.117881 0.00662614 -0.0383595 0.11794 0.00751883 
1384 -13.5253 2.12919 1.40393 -15.6544 164.186 164.148 164.215 0.0381783 -0.0571693 0.115518 0.0168568 -0.0574617 0.115602 0.0176566 
1392 -11.7718 2.28556 1.3969 -14.0574 164.174 164.145 164.235 0.0295274 -0.0497346 0.109605 0.0291558 -0.0500428 0.109721 0.0298443 
1400 -10.0128 2.26633 1.47507 -12.2791 164.173 164.146 164.239 0.0273995 -0.0215929 0.101883 0.0401091 -0.0219127 0.102037 0.0406803 
1408 -8.19524 2.18976 1.56986 -10.385 164.164 164.157 164.234 0.00720341 0.00597491 0.0900181 0.0577363 0.00566634 0.090205 0.0582007 
1416 -6.26776 2.16403 1.68937 -8.43179 164.155 164.176 164.221 -0.0208679 0.0337987 0.0721304 0.0596202 0.0335069 0.0723378 0.0599848 
1424 -4.34617 2.18835 1.72719 -6.53452 164.153 164.179 164.219 -0.0267523 0.0697821 0.0722532 0.0398938 0.0695089 0.0724601 0.0401476 
1432 -2.51841 2.24293 1.74084 -4.76134 164.153 164.172 164.23 -0.0184393 0.0922487 0.0754981 0.00130594 0.0919904 0.0756989 0.00144361 
1440 -0.845948 2.31238 1.6296 -3.15833 164.153 164.154 164.252 -0.000910676 0.0887504 0.072455 -0.0350116 0.0885003 0.0726556 -0.0349822 
1448 0.62878 2.30675 1.55517 -1.67798 164.135 164.154 164.273 -0.0191178 0.0703787 0.0618699 -0.0496704 0.0701132 0.0620754 -0.049724 
1456 2.04808 2.182 1.49975 -0.133918 164.124 164.174 164.266 -0.0506426 0.0464734 0.0439681 -0.0476891 0.0461825 0.044172 -0.0478175 
1464 3.52438 1.98344 1.54718 1.54095 164.128 164.189 164.248 -0.060349 0.0251502 0.0450669 -0.0365821 0.0248543 0.0452577 -0.0367922 
1472 5.06326 1.78672 1.62534 3.27654 164.134 164.195 164.24 -0.061327 0.00933099 0.0589351 -0.0184365 0.00905486 0.0591138 -0.018736 
1480 6.59854 1.67852 1.71928 4.92001 164.151 164.219 164.203 -0.0677702 0.00209081 0.0791566 -0.00798329 0.00184631 0.0793263 -0.00837953 
1488 8.11886 1.72845 1.79298 6.39041 164.186 164.247 164.139 -0.0615648 -0.00233627 0.0882302 0.000666907 -0.00254915 0.0883935 0.000179635 
1496 9.63533 1.78152 1.8686 7.85381 164.211 164.256 164.111 -0.0457609 -0.00483896 0.083276 0.0291152 -0.00504323 0.0834316 0.0285457 
1504 11.1971 1.75715 2.00877 9.43995 164.214 164.244 164.13 -0.0294068 0.00559214 0.0850246 0.0560497 0.00536354 0.0851724 0.0554006 
1512 12.7405 1.69499 2.16277 11.0455 164.21 164.22 164.164 -0.0108993 0.0132521 0.0721714 0.0571738 0.0129901 0.0723233 0.0564372 
1520 14.1963 1.70921 2.16176 12.4871 164.167 164.203 164.226 -0.0357901 0.00949827 0.0654543 0.0594181 0.0092202 0.0656233 0.0585801 
1528 15.5364 1.77326 1.99232 13.7632 164.109 164.203 164.279 -0.0933675 -0.0172942 0.0602352 0.0552218 -0.0175564 0.0604189 0.0542938 
1536 16.7927 1.77037 1.83963 15.0223 164.091 164.195 164.29 -0.104891 -0.0705674 0.0604496 0.0448708 -0.0708097 0.0606301 0.043873 
1544 17.9557 1.71207 1.85962 16.2436 164.112 164.189 164.259 -0.0762127 -0.107234 0.0686871 0.0161003 -0.107475 0.0688553 0.0150486 
1552 19.106 1.55112 2.05459 17.5549 164.143 164.191 164.214 -0.0483986 -0.13099 0.0889543 -0.0373929 -0.131252 0.0891075 -0.0385013 
1560 20.289 1.43 2.28985 18.859 164.174 164.18 164.183 -0.00518704 -0.129291 0.105439 -0.0877883 -0.129573 0.105583 -0.0889669 
1568 21.4771 1.41891 2.4297 20.0582 164.199 164.152 164.174 0.0472696 -0.100758 0.0929722 -0.108049 -0.101049 0.0931074 -0.109313 
1576 22.615 1.43061 2.40757 21.1844 164.205 164.14 164.167 0.0648787 -0.0827578 0.0745879 -0.0996145 -0.0830479 0.074711 -0.100964 
1584 23.5918 1.47571 2.26569 22.116 164.201 164.161 164.145 0.0405128 -0.0844847 0.0537377 -0.0769685 -0.0847698 0.0538612 -0.0783846 
1592 24.4179 1.56531 2.01476 22.8526 164.2 164.181 164.13 0.0187065 -0.0949854 0.0241337 -0.0639819 -0.095255 0.0242713 -0.0654385 
1600 25.1415 1.73452 1.72987 23.407 164.196 164.195 164.132 0.00144226 -0.0950931 0.000929626 -0.0643683 -0.0953346 0.00107653 -0.0658384 
1608 25.7975 1.92465 1.568 23.8729 164.2 164.191 164.15 0.00905931 -0.0800603 -0.00408774 -0.0742103 -0.0802775 -0.00392412 -0.0756688 
1616 26.3519 2.12655 1.53901 24.2254 164.199 164.19 164.165 0.00932304 -0.0680209 0.0107294 -0.0865626 -0.0682269 0.010921 -0.0880068 
1624 26.7997 2.31143 1.50401 24.4882 164.198 164.202 164.161 -0.00326769 -0.0601893 0.00792889 -0.0994624 -0.0603932 0.00814766 -0.100915 
1632 27.0805 2.40591 1.40509 24.6746 164.214 164.215 164.134 -0.000290182 -0.0801083 -0.00138967 -0.11025 -0.0803222 -0.00116908 -0.111728 
1640 27.2203 2.29356 1.22322 24.9268 164.224 164.226 164.118 -0.0016456 -0.110093 0.0186116 -0.102221 -0.110319 0.0188077 -0.103738 
1648 27.2594 2.00616 1.07069 25.2532 164.228 164.246 164.102 -0.0178235 -0.114438 0.0419408 -0.088292 -0.114674 0.0421106 -0.0898491 
1656 27.2163 1.64069 1.01213 25.5756 164.248 164.27 164.065 -0.0212686 -0.102236 0.0555191 -0.0766868 -0.102469 0.0556778 -0.078279 
1664 27.0704 1.33819 1.06858 25.7322 164.283 164.248 164.055 0.0358329 -0.0955053 0.0592142 -0.0708933 -0.0957386 0.0593689 -0.0725029 
1672 26.8867 1.21276 1.13324 25.674 164.298 164.192 164.101 0.106506 -0.0902056 0.0535879 -0.0591843 -0.090439 0.0537461 -0.0607914 
1680 26.7004 1.19646 1.20169 25.5039 164.299 164.141 164.156 0.157755 -0.0681253 0.0256816 -0.0352197 -0.0683579 0.0258462 -0.0368109 
1688 26.5238 1.24686 1.24086 25.2769 164.273 164.134 164.194 0.138314 -0.0542064 -0.00556211 -0.0071433 -0.0544268 -0.00539499 -0.00870185 
1696 26.2593 1.38641 1.27756 24.8729 164.222 164.143 164.225 0.0787812 -0.0514835 -0.0265619 0.00931596 -0.0516878 -0.0264048 0.00780396 
1704 25.9732 1.54905 1.29205 24.4241 164.187 164.158 164.235 0.0285063 -0.0393992 -0.0421259 -0.00180386 -0.0395867 -0.0419882 -0.00327302 
1712 25.7294 1.61415 1.27142 24.1152 164.185 164.171 164.219 0.0143358 -0.0182618 -0.0425729 -0.0393838 -0.018428 -0.0424589 -0.040827 
1720 25.5316 1.53202 1.20992 23.9995 164.209 164.176 164.19 0.032258 -0.0023305 -0.0289616 -0.062537 -0.00247099 -0.0288756 -0.063965 
1728 25.3207 1.30744 1.20943 24.0133 164.225 164.191 164.165 0.034123 -0.0209066 -0.0129254 -0.0709522 -0.0210252 -0.0128797 -0.0723625 
1736 25.0084 0.995697 1.23795 24.0127 164.218 164.242 164.127 -0.0233035 -0.0538987 0.0128041 -0.0728143 -0.0540017 0.0128093 -0.0741792 
1744 24.5628 0.809033 1.21475 23.7538 164.231 164.282 164.075 -0.0511185 -0.0772681 0.0388263 -0.080361 -0.0773688 0.0388166 -0.0816588 
1752 24.1177 0.760788 1.11987 23.3569 164.274 164.278 164.03 -0.00334085 -0.0832034 0.0625044 -0.0681758 -0.0833159 0.0625098 -0.0694239 
1760 23.6281 0.67449 1.05686 22.9537 164.309 164.255 164.019 0.0543096 -0.0538667 0.0829895 -0.0470669 -0.0540063 0.0830091 -0.0482905 
1768 22.9976 0.420268 1.03483 22.5773 164.285 164.249 164.055 0.0362081 -0.0206492 0.116916 -0.0531869 -0.0208107 0.11693 -0.054392 
1776 22.2416 0.0934471 1.01482 22.1482 164.198 164.253 164.136 -0.054554 -0.0100699 0.141448 -0.0918986 -0.0102457 0.141446 -0.0930808 
1784 21.4272 -0.0236831 0.925585 21.4509 164.114 164.254 164.209 -0.139741 -0.0287266 0.155913 -0.117078 -0.0289085 0.1559 -0.118236 
1792 20.6167 0.0945137 0.869146 20.5222 164.075 164.262 164.235 -0.187298 -0.0498447 0.171374 -0.117629 -0.0500435 0.171349 -0.11876 
1800 19.8152 0.30942 0.85183 19.5058 164.055 164.271 164.24 -0.215917 -0.0476581 0.170818 -0.103228 -0.0478788 0.170786 -0.104316 
1808 19.0428 0.488991 0.959966 18.5538 164.034 164.26 164.265 -0.225718 -0.0231934 0.14881 -0.0820449 -0.023443 0.148775 -0.0830752 
1816 18.3381 0.602191 1.15358 17.7359 164.033 164.248 164.276 -0.215064 0.015092 0.132976 -0.0691752 0.0148194 0.132956 -0.0701508 
1824 17.679 0.575508 1.4431 17.1035 164.054 164.247 164.254 -0.193382 0.0381985 0.12516 -0.0724189 0.0379016 0.12517 -0.0733416 
1832 17.0372 0.427352 1.69166 16.6098 164.077 164.234 164.235 -0.156833 0.0369499 0.110782 -0.0803983 0.0366494 0.11082 -0.081268 
1840 16.4198 0.318301 1.81624 16.1015 164.087 164.208 164.244 -0.12096 0.00680237 0.0921568 -0.0982866 0.00650931 0.0922018 -0.0991098 
1848 15.9188 0.287345 1.7822 15.6314 164.086 164.19 164.262 -0.10397 -0.0359633 0.0815575 -0.0894926 -0.0362525 0.0815882 -0.0902952 
1856 15.5047 0.313678 1.68127 15.191 164.072 164.187 164.275 -0.11589 -0.0773338 0.0695967 -0.0683271 -0.0776245 0.0696012 -0.0691215 
1864 15.088 0.401555 1.58292 14.6864 164.049 164.205 164.274 -0.155892 -0.116158 0.0546431 -0.0504429 -0.11645 0.0546326 -0.0512262 
1872 14.6151 0.484147 1.57126 14.131 164.028 164.211 164.283 -0.182627 -0.128557 0.0298082 -0.0486288 -0.12885 0.0297945 -0.049388 
1880 14.143 0.486804 1.55928 13.6562 164.035 164.199 164.284 -0.163912 -0.139205 0.00165039 -0.0544501 -0.139498 0.001642 -0.0551755 
1888 13.7272 0.442089 1.54054 13.2851 164.058 164.186 164.273 -0.127879 -0.150727 -0.00816107 -0.0431476 -0.151021 -0.0081621 -0.0438385 
1896 13.2946 0.358598 1.52039 12.936 164.095 164.178 164.259 -0.0832034 -0.141739 -0.00143822 -0.0128387 -0.142039 -0.00143834 -0.0134852 
1904 12.8471 0.353569 1.47468 12.4936 164.129 164.167 164.253 -0.0381673 -0.0988985 0.0119323 0.0108362 -0.0992017 0.0119123 0.0102303 
1912 12.4212 0.414809 1.43366 12.0064 164.142 164.162 164.261 -0.0198313 -0.0483506 0.0365771 0.0145581 -0.0486421 0.0365246 0.0139654 
1920 11.9845 0.479967 1.39635 11.5046 164.154 164.166 164.253 -0.011889 -0.0246071 0.0639003 0.000198926 -0.0248699 0.0638283 -0.000410785 
1928 11.478 0.481337 1.40722 10.9966 164.183 164.17 164.218 0.0129731 -0.0265453 0.0690287 -0.0228983 -0.026769 0.0689643 -0.0235378 
1936 10.8994 0.438568 1.40432 10.4609 164.226 164.173 164.167 0.0531841 -0.037009 0.0703226 -0.0376826 -0.0371935 0.0702947 -0.0383292 
1944 10.2889 0.396009 1.3479 9.89293 164.266 164.144 164.151 0.121704 -0.0512895 0.0646168 -0.062975 -0.0514481 0.0646251 -0.0636004 
1952 9.82143 0.35581 1.27529 9.46562 164.293 164.097 164.176 0.196127 -0.0464899 0.0600793 -0.1016 -0.046647 0.0600948 -0.102197 
1960 9.44833 0.321649 1.17379 9.12668 164.307 164.069 164.206 0.238041 -0.0238712 0.0425186 -0.116035 -0.0240362 0.0425242 -0.11661 
1968 9.21747 0.271591 1.04727 8.94588 164.3 164.069 164.22 0.230904 -0.00883288 0.0129684 -0.0893655 -0.00900279 0.0129604 -0.0899286 
1976 9.17619 0.236377 0.932021 8.93982 164.294 164.075 164.219 0.218499 0.0196122 -0.0283741 -0.0447923 0.019449 -0.0283853 -0.0453516 
1984 9.14274 0.151744 0.908163 8.99099 164.298 164.071 164.21 0.226045 0.0536515 -0.0592813 -0.00475219 0.0534958 -0.0592835 -0.00529889 
1992 9.02156 0.0669209 0.862313 8.95464 164.284 164.069 164.218 0.214659 0.0614835 -0.0643828 0.0131238 0.0613423 -0.0643826 0.0126066 
2000 8.84235 0.0230277 0.781405 8.81933 164.253 164.07 164.242 0.183494 0.044182 -0.050645 0.00189906 0.0440629 -0.0506513 0.00141198 
2008 8.66354 -0.010172 0.730125 8.67371 164.233 164.058 164.273 0.174772 0.0327752 -0.00654644 -0.017905 0.0326707 -0.00654915 -0.0183799 
2016 8.4466 -0.0927699 0.641229 8.53937 164.235 164.034 164.29 0.200576 0.0161558 0.0537036 -0.0472117 0.0160519 0.0537116 -0.0476754 
2024 8.23465 -0.197101 0.541065 8.43175 164.243 164.024 164.29 0.218848 0.00651841 0.0834169 -0.0793024 0.00641257 0.0834151 -0.0797485 
2032 8.15848 -0.337687 0.550857 8.49617 164.249 164.036 164.274 0.212812 0.0108005 0.0996583 -0.0949565 0.0107012 0.0996125 -0.0953783 
2040 8.1149 -0.38161 0.650647 8.49652 164.246 164.076 164.246 0.169386 0.0250878 0.114149 -0.0811946 0.0249978 0.114054 -0.0815876 
2048 8.05704 -0.272254 0.656945 8.32929 164.252 164.124 164.205 0.128195 0.0333223 0.110753 -0.0692388 0.0332344 0.110616 -0.0696022 
2056 7.95654 -0.155889 0.573355 8.11243 164.268 164.151 164.165 0.117268 0.0407 0.0735228 -0.0644182 0.0405962 0.0733598 -0.0647618 
2064 7.78276 -0.0493086 0.517126 7.83207 164.268 164.159 164.15 0.109364 0.0372181 0.0288676 -0.0721956 0.0370816 0.0286993 -0.0725359 
2072 7.67079 0.071992 0.559311 7.5988 164.248 164.158 164.164 0.0906303 0.00641562 0.00224731 -0.0793247 0.00624232 0.00210017 -0.0796821 
2080 7.66189 0.154947 0.635126 7.50694 164.227 164.154 164.182 0.0730698 -0.0221373 -0.0111975 -0.0749211 -0.0223432 -0.0113034 -0.075303 
2088 7.60852 0.146161 0.659289 7.46236 164.209 164.158 164.187 0.0502091 -0.0202114 -0.00688574 -0.0691868 -0.0204308 -0.00694434 -0.0695818 
2096 7.45071 -0.0130085 0.620306 7.46372 164.203 164.163 164.185 0.0394634 -0.00854048 0.00303805 -0.0648673 -0.00875165 0.00300931 -0.0652575 
2104 7.30198 -0.199655 0.524617 7.50163 164.205 164.162 164.181 0.0425824 -0.0213928 0.00682264 -0.0326599 -0.0215898 0.00679791 -0.0330452 
2112 7.186 -0.309876 0.422814 7.49587 164.21 164.143 164.192 0.0668181 -0.042393 0.00891852 -0.000390784 -0.0425873 0.00888008 -0.000778093 
2120 7.09549 -0.305776 0.353281 7.40126 164.232 164.095 164.218 0.137204 -0.0500319 0.0189617 0.0214898 -0.0502265 0.018908 0.0210968 
2128 7.05241 -0.264638 0.408755 7.31705 164.268 164.044 164.234 0.223772 -0.0450234 0.0358217 0.0316223 -0.0452198 0.0357552 0.031227 
2136 7.05284 -0.231381 0.47917 7.28422 164.284 164.037 164.228 0.246813 -0.0182766 0.0566223 0.0313979 -0.01848 0.0565436 0.031 
2144 7.06191 -0.206461 0.55339 7.26837 164.279 164.066 164.212 0.213037 0.0130208 0.0880325 0.0347857 0.0128138 0.0879519 0.0344017 
2152 7.04371 -0.217286 0.674765 7.26099 164.264 164.102 164.202 0.161856 0.0357433 0.112044 0.0322187 0.0355413 0.111974 0.0318549 
2160 6.93411 -0.248322 0.8012 7.18243 164.249 164.134 164.184 0.115432 0.0452476 0.127473 0.00434051 0.045052 0.127425 0.00399951 
2168 6.84896 -0.208256 0.843537 7.05721 164.233 164.155 164.166 0.077852 0.0499007 0.145073 -0.0338715 0.0497093 0.145043 -0.0342008 
2176 6.8514 -0.136771 0.785991 6.98817 164.217 164.166 164.154 0.0506045 0.0429943 0.170108 -0.0821588 0.0427899 0.17008 -0.0824875 
2184 6.90502 -0.00497305 0.668227 6.90999 164.21 164.173 164.14 0.0366056 0.0122855 0.187304 -0.130538 0.0120604 0.187262 -0.130886 
2192 7.04316 0.165472 0.590534 6.87769 164.217 164.17 164.137 0.0470215 -0.028358 0.18106 -0.167673 -0.0285932 0.180994 -0.168057 
2200 7.2299 0.326556 0.583438 6.90334 164.215 164.163 164.155 0.0523833 -0.050851 0.153696 -0.180272 -0.0510729 0.15361 -0.180696 
2208 7.40412 0.389769 0.618191 7.01435 164.211 164.165 164.162 0.0464194 -0.0394239 0.136092 -0.173752 -0.0396202 0.135987 -0.174201 
2216 7.45895 0.337914 0.612949 7.12104 164.214 164.173 164.153 0.0403682 -0.0187988 0.132141 -0.158558 -0.0189681 0.132024 -0.159014 
2224 7.46649 0.288095 0.553814 7.1784 164.204 164.19 164.144 0.0139202 -0.0165087 0.122329 -0.138952 -0.0166627 0.122223 -0.139405 
2232 7.42006 0.259948 0.395613 7.16011 164.185 164.204 164.147 -0.0182835 -0.0272746 0.10041 -0.12142 -0.0274255 0.100336 -0.121875 
2240 7.33683 0.166309 0.200781 7.17053 164.156 164.223 164.153 -0.0670228 -0.0550389 0.0855855 -0.117143 -0.0551963 0.0855333 -0.117593 
2248 7.21428 -0.0150543 0.125865 7.22933 164.127 164.245 164.157 -0.117926 -0.0872893 0.0628535 -0.101555 -0.0874493 0.0628002 -0.101995 
2256 7.0889 -0.195797 0.159629 7.28469 164.114 164.247 164.17 -0.133064 -0.124293 0.0369159 -0.097554 -0.124459 0.0368553 -0.097977 
2264 7.06437 -0.277955 0.278382 7.34232 164.123 164.234 164.174 -0.111181 -0.150708 0.0344929 -0.0974209 -0.150883 0.0344103 -0.0978264 
2272 7.18277 -0.333653 0.432952 7.51642 164.153 164.216 164.159 -0.0632527 -0.134714 0.0621478 -0.105845 -0.134901 0.0620326 -0.106249 
2280 7.33139 -0.359396 0.545128 7.69079 164.169 164.214 164.143 -0.0452238 -0.0824257 0.080732 -0.106085 -0.0826213 0.0805855 -0.106507 
2288 7.41193 -0.404333 0.607429 7.81627 164.164 164.213 164.145 -0.0492002 -0.0398109 0.0845456 -0.0781264 -0.0400175 0.0843784 -0.0785793 
2296 7.312 -0.426882 0.675491 7.73888 164.153 164.215 164.15 -0.0619623 -0.0345794 0.0650373 -0.0296492 -0.0348049 0.0648595 -0.0301189 
2304 7.10272 -0.424923 0.6898 7.52764 164.161 164.207 164.146 -0.0455642 -0.0293982 0.037388 -0.00837961 -0.029647 0.0372137 -0.00883308 
2312 6.79606 -0.351612 0.747457 7.14767 164.176 164.202 164.141 -0.0256295 -0.00653681 0.0302073 -0.0274963 -0.00679966 0.0300475 -0.0279114 
2320 6.45876 -0.239369 0.779544 6.69813 164.187 164.198 164.147 -0.0115097 -0.0002292 0.0187099 -0.0466168 -0.000478608 0.0185636 -0.0470107 
2328 6.14149 -0.182051 0.70877 6.32354 164.2 164.199 164.145 0.00108464 -0.00917361 -0.0083638 -0.0269061 -0.00939582 -0.00850187 -0.0273052 
2336 6.00835 -0.18644 0.465348 6.19479 164.209 164.203 164.136 0.00632288 -0.0246992 -0.0161382 0.00722612 -0.0248973 -0.0162785 0.00682659 
2344 6.07096 -0.197072 0.126868 6.26804 164.236 164.19 164.116 0.0460796 -0.0378163 0.00303154 0.0135553 -0.0379993 0.00288354 0.0131646 
2352 6.24004 -0.231526 -0.113814 6.47156 164.254 164.175 164.102 0.0785769 -0.0368616 0.0191128 -0.00414977 -0.0370218 0.0189529 -0.0045471 
2360 6.39125 -0.203756 -0.185474 6.595 164.242 164.153 164.119 0.0890194 -0.0213886 0.0251298 -0.0287004 -0.0215251 0.0249601 -0.0291132 
2368 6.53543 -0.195706 -0.0632071 6.73113 164.213 164.128 164.166 0.0847582 -0.000988613 0.0171068 -0.0582654 -0.00111828 0.0169217 -0.0586843 
2376 6.62698 -0.116875 0.202421 6.74385 164.202 164.101 164.206 0.100567 0.0254766 0.0129141 -0.0870853 0.0253352 0.0127222 -0.0875028 
2384 6.63846 0.0921984 0.51493 6.54626 164.215 164.098 164.21 0.117232 0.0542385 0.0360218 -0.109817 0.0540778 0.0358499 -0.110227 
2392 6.5318 0.353574 0.719229 6.17823 164.251 164.124 164.157 0.12706 0.0799379 0.0674749 -0.116497 0.0797591 0.0673299 -0.116878 
2400 6.39582 0.47999 0.790875 5.91583 164.287 164.164 164.095 0.1228 0.0893437 0.0652593 -0.0939269 0.0891579 0.0651341 -0.0942753 
2408 6.29722 0.451292 0.772334 5.84593 164.324 164.172 164.052 0.152658 0.0740233 0.0387905 -0.0587304 0.0738375 0.0386733 -0.0590545 
2416 6.24067 0.37745 0.757921 5.86322 164.36 164.147 164.029 0.21268 0.0559002 0.00644442 -0.0142937 0.0557141 0.00632789 -0.0145928 
2424 6.19944 0.30322 0.804915 5.89621 164.374 164.12 164.029 0.254015 0.0532615 -0.0113628 0.0303881 0.0530794 -0.011482 0.0301088 
2432 6.15777 0.23759 0.905974 5.92018 164.368 164.128 164.019 0.240448 0.0675219 -0.00903132 0.0381351 0.0673484 -0.00916193 0.0378712 
2440 6.08121 0.312359 0.889285 5.76884 164.344 164.167 164.007 0.176551 0.109648 0.00701458 0.0148538 0.109475 0.00688389 0.0146013 
2448 5.98062 0.431974 0.777843 5.54865 164.325 164.202 163.999 0.122596 0.139214 0.0239766 -0.00397376 0.139042 0.02385 -0.00421574 
2456 5.87557 0.487803 0.688946 5.38777 164.32 164.223 163.982 0.0963183 0.147091 0.0373399 -0.0082869 0.146923 0.0372292 -0.00852889 
2464 5.77088 0.444038 0.653157 5.32684 164.314 164.248 163.96 0.0666585 0.151661 0.035534 0.00768885 0.151499 0.0354414 0.00744491 
2472 5.60878 0.252453 0.670324 5.35632 164.291 164.259 163.983 0.0328167 0.158774 0.0227291 0.0482837 0.158619 0.0226365 0.0480494 
2480 5.42518 -0.0932515 0.77372 5.51843 164.251 164.256 164.041 -0.00532525 0.136301 0.00084788 0.0805703 0.136146 0.000728276 0.0803509 
2488 5.19404 -0.437489 0.976341 5.63153 164.208 164.265 164.09 -0.0571106 0.0986114 -0.0232316 0.10037 0.0984422 -0.0233863 0.100158 
2496 5.00845 -0.651014 1.06335 5.65947 164.176 164.303 164.093 -0.126139 0.0779427 -0.0297686 0.109451 0.0777635 -0.0299536 0.10924 
2504 4.96124 -0.758039 1.00315 5.71928 164.166 164.336 164.072 -0.16994 0.0587725 -0.0271765 0.102184 0.0585911 -0.0273823 0.10198 
2512 5.09663 -0.744574 0.84096 5.8412 164.181 164.344 164.037 -0.163337 0.038867 -0.0307055 0.0798149 0.038701 -0.0309121 0.0796109 
2520 5.36681 -0.570561 0.71805 5.93737 164.23 164.318 163.995 -0.0881079 0.0251284 -0.0397966 0.0702516 0.0249837 -0.039993 0.0700388 
2528 5.64 -0.366188 0.688981 6.00619 164.285 164.27 163.97 0.0157247 0.0401863 -0.0338196 0.0566157 0.0400549 -0.0340008 0.0563921 
2536 5.82437 -0.207311 0.770169 6.03168 164.306 164.231 163.976 0.0744579 0.0740128 0.00608491 0.0273437 0.0738753 0.00591721 0.0271175 
2544 5.92382 -0.173503 0.900912 6.09733 164.299 164.213 164.001 0.0862641 0.0869286 0.0406301 0.000245157 0.0867791 0.040478 1.02108e-05 
2552 5.90972 -0.227123 1.03376 6.13684 164.262 164.231 164.034 0.0307702 0.0619694 0.045535 -0.0354206 0.0618119 0.0453975 -0.0356704 
2560 5.87999 -0.126641 1.14158 6.00663 164.212 164.251 164.078 -0.0387228 0.0168919 0.0277404 -0.0645866 0.0167385 0.027619 -0.0648564 
2568 5.85966 0.0976854 1.18871 5.76197 164.18 164.259 164.107 -0.0780941 -0.000895844 0.0257533 -0.0585466 -0.00103712 0.0256476 -0.0588257 
2576 5.87434 0.390236 1.14027 5.48411 164.17 164.261 164.123 -0.0909572 0.00136296 0.0106749 -0.044609 0.00122614 0.0105854 -0.0449011 
2584 5.79152 0.602493 0.972388 5.18903 164.183 164.251 164.134 -0.0675993 -0.0228827 -0.0258486 -0.0470695 -0.0230122 -0.0259265 -0.0473699 
2592 5.57737 0.667355 0.770112 4.91001 164.218 164.241 164.118 -0.0233148 -0.0462185 -0.0699866 -0.0440983 -0.0463272 -0.0700621 -0.0443925 
2600 5.29168 0.620931 0.580889 4.67075 164.26 164.235 164.084 0.0243058 -0.0396079 -0.0878826 -0.0345419 -0.0396917 -0.0879592 -0.0348093 
2608 5.06199 0.42798 0.502392 4.63401 164.272 164.219 164.078 0.0524838 -0.0130135 -0.0613287 -0.0216306 -0.0130942 -0.0614203 -0.0218704 
2616 5.01281 0.167277 0.463971 4.84554 164.247 164.214 164.1 0.0332779 0.0148898 -0.0274866 -0.0216621 0.0148089 -0.0276169 -0.0218837 
2624 5.0639 0.00768041 0.478648 5.05622 164.216 164.22 164.122 -0.0037118 0.0116317 -0.0143668 -0.027596 0.0115639 -0.0145341 -0.0278033 
2632 5.12186 0.0521678 0.40984 5.06969 164.21 164.232 164.109 -0.0213885 -0.00343228 -0.0176474 -0.0380657 -0.00346393 -0.0178238 -0.0382565 
2640 5.18451 0.190783 0.33644 4.99373 164.213 164.256 164.076 -0.0427188 -0.0189506 -0.0226129 -0.065984 -0.0189555 -0.0227854 -0.0661699 
2648 5.17984 0.309256 0.300666 4.87058 164.208 164.284 164.053 -0.0757709 -0.0264136 -0.0185243 -0.105024 -0.0264049 -0.0186924 -0.105221 
2656 5.09648 0.426056 0.33828 4.67042 164.215 164.301 164.036 -0.0862817 -0.0206672 -0.00258881 -0.126892 -0.0206525 -0.00274584 -0.127109 
2664 4.97981 0.494801 0.374036 4.48501 164.216 164.296 164.042 -0.0801597 -0.00893314 0.00323503 -0.131169 -0.00891976 0.00309295 -0.131395 
2672 4.9118 0.485732 0.299534 4.42607 164.193 164.267 164.084 -0.0735407 0.0143852 -0.0215582 -0.126198 0.0143923 -0.021683 -0.126408 
2680 4.91419 0.415494 0.181135 4.49869 164.149 164.238 164.142 -0.0885516 0.0380193 -0.0559554 -0.116206 0.0380154 -0.056062 -0.116396 
2688 4.91306 0.380628 0.140175 4.53243 164.126 164.229 164.164 -0.102466 0.03776 -0.0924226 -0.10451 0.0377344 -0.0925076 -0.104689 
2696 4.88384 0.387062 0.128119 4.49678 164.126 164.229 164.152 -0.103674 0.0217507 -0.128095 -0.0693054 0.0217018 -0.128169 -0.0694867 
2704 4.81082 0.325334 0.032769 4.48548 164.129 164.227 164.137 -0.0982646 0.000148205 -0.135442 -0.0154924 9.82177e-05 -0.135523 -0.0156674 
2712 4.66082 0.202309 -0.134782 4.45852 164.165 164.201 164.126 -0.0355481 -0.0408759 -0.0974261 0.0194412 -0.0408951 -0.0975304 0.0192809 
2720 4.4989 0.0468757 -0.281469 4.45203 164.232 164.15 164.121 0.0823397 -0.0747706 -0.0493646 0.0112178 -0.0747532 -0.0494937 0.0110769 
2728 4.36899 -0.0469645 -0.401606 4.41595 164.291 164.107 164.122 0.184122 -0.0865028 0.000936035 -0.0192308 -0.086457 0.000795794 -0.0193509 
2736 4.30317 -0.0288701 -0.374751 4.33204 164.32 164.075 164.141 0.244923 -0.078581 0.0215308 -0.0441879 -0.0785234 0.0213945 -0.0442896 
2744 4.21723 0.131582 -0.260605 4.08564 164.302 164.073 164.165 0.22952 -0.0700936 0.00375603 -0.0617983 -0.0700445 0.00363848 -0.0618914 
2752 4.09358 0.378271 -0.178947 3.71531 164.252 164.102 164.185 0.150297 -0.0628447 -0.0181226 -0.092004 -0.062811 -0.0182207 -0.0921016 
2760 4.06006 0.677122 -0.159638 3.38294 164.221 164.125 164.2 0.0960176 -0.0657233 -0.0300634 -0.116473 -0.0657015 -0.0301362 -0.116568 
2768 4.11951 0.903666 -0.218753 3.21584 164.223 164.131 164.203 0.0916717 -0.0525255 -0.0364724 -0.12207 -0.0524986 -0.0365166 -0.12215 
2776 4.16822 1.09656 -0.339007 3.07167 164.218 164.147 164.202 0.0705353 -0.0362871 -0.0536013 -0.109001 -0.0362286 -0.0536153 -0.109081 
2784 4.11127 1.28389 -0.476482 2.82738 164.182 164.179 164.21 0.00270825 -0.0263836 -0.0661658 -0.0912043 -0.0262771 -0.0661588 -0.0912909 
2792 4.03025 1.43572 -0.567926 2.59452 164.154 164.189 164.231 -0.03498 -0.0317876 -0.0799022 -0.06701 -0.0316463 -0.0798864 -0.0670984 
2800 3.92171 1.51121 -0.590523 2.4105 164.164 164.166 164.24 -0.00206664 -0.0545997 -0.0856737 -0.0665146 -0.0544579 -0.0856593 -0.0665954 
2808 3.80064 1.46269 -0.573582 2.33794 164.177 164.139 164.243 0.0380676 -0.0689094 -0.0752514 -0.0835729 -0.0687933 -0.0752513 -0.0836474 
2816 3.77423 1.30278 -0.53291 2.47145 164.16 164.137 164.263 0.0230828 -0.0679522 -0.0591383 -0.0985782 -0.0678555 -0.0591598 -0.098666 
2824 3.83604 1.02495 -0.45941 2.81109 164.135 164.139 164.299 -0.00426906 -0.059955 -0.0429586 -0.0992703 -0.0598603 -0.042997 -0.0993806 
2832 3.93474 0.8029 -0.383284 3.13184 164.152 164.126 164.309 0.0263172 -0.0377223 -0.0114305 -0.0985932 -0.0376237 -0.0114744 -0.0987198 
2840 4.06206 0.6851 -0.237903 3.37696 164.204 164.103 164.291 0.100812 -0.0370766 0.00847574 -0.104971 -0.0369823 0.00843266 -0.105101 
2848 4.1722 0.694496 -0.0731134 3.4777 164.252 164.065 164.282 0.187087 -0.0664384 -0.00970641 -0.10202 -0.0663474 -0.00974721 -0.102152 
2856 4.18351 0.734281 0.143782 3.44923 164.272 164.015 164.306 0.256649 -0.0949841 -0.0571938 -0.094097 -0.0949101 -0.0572412 -0.0942297 
2864 4.11975 0.754118 0.544561 3.36563 164.276 163.958 164.346 0.317354 -0.0961543 -0.0882489 -0.0901905 -0.096116 -0.088312 -0.0903261 
2872 4.03293 0.826694 0.968491 3.20624 164.266 163.94 164.36 0.325955 -0.0595907 -0.0889837 -0.0794498 -0.059586 -0.089048 -0.0795939 
2880 3.9653 0.970652 1.12361 2.99464 164.233 163.989 164.338 0.243685 -0.0140695 -0.0891503 -0.0589187 -0.0140789 -0.0892097 -0.0590702 
2888 3.93238 1.14201 1.10664 2.79037 164.206 164.061 164.298 0.143982 0.0144706 -0.0998621 -0.0514313 0.0144579 -0.0999212 -0.0515852 
2896 3.94691 1.24517 1.06109 2.70173 164.201 164.122 164.249 0.0792336 0.0410167 -0.0816955 -0.0658762 0.0409968 -0.0817667 -0.0660315 
2904 4.01989 1.27215 0.961087 2.74774 164.208 164.153 164.216 0.0547123 0.0673779 -0.0520107 -0.0743746 0.0673511 -0.0520882 -0.0745387 
2912 4.12781 1.26329 0.836337 2.86451 164.224 164.156 164.202 0.0672613 0.0777234 -0.0389982 -0.0722926 0.07768 -0.039071 -0.0724623 
2920 4.16108 1.22538 0.79214 2.9357 164.244 164.149 164.198 0.0952346 0.0886041 -0.0295615 -0.0573464 0.0885489 -0.0296329 -0.0575119 
2928 4.05384 1.22443 0.8054 2.82941 164.251 164.137 164.209 0.11408 0.10729 -0.0269797 -0.0556235 0.107238 -0.0270465 -0.0557654 
2936 3.90268 1.30686 0.78063 2.59582 164.224 164.135 164.231 0.0890861 0.112993 -0.0159735 -0.0673951 0.112952 -0.0160282 -0.067504 
2944 3.78353 1.45314 0.724961 2.33039 164.213 164.132 164.234 0.0815288 0.113871 0.002732 -0.0672236 0.113821 0.00269188 -0.0672852 
2952 3.71058 1.59916 0.732619 2.11142 164.23 164.116 164.229 0.114601 0.0949659 0.0212982 -0.0652299 0.0948818 0.0212718 -0.0652532 
2960 3.68785 1.66042 0.735931 2.02743 164.238 164.107 164.23 0.131159 0.0598596 0.0286158 -0.0691333 0.0597384 0.0286056 -0.0691439 
2968 3.74392 1.6416 0.668194 2.10232 164.206 164.118 164.25 0.0880028 0.0348285 0.000682269 -0.0648401 0.0346949 0.000677223 -0.0648686 
2976 3.7478 1.66651 0.489004 2.0813 164.148 164.142 164.288 0.0059808 0.0190378 -0.0314348 -0.053554 0.0189286 -0.0314407 -0.0536141 
2984 3.64442 1.6851 0.141553 1.95932 164.101 164.175 164.308 -0.0736867 0.0222483 -0.0489298 -0.03305 0.0221863 -0.0489438 -0.0331381 
2992 3.44019 1.64018 -0.211601 1.80001 164.095 164.197 164.296 -0.102161 0.0479362 -0.0491075 -0.0165719 0.0479262 -0.049127 -0.0166771 
3000 3.16264 1.5016 -0.38271 1.66104 164.134 164.159 164.295 -0.0253197 0.0837695 -0.049851 -0.00609977 0.0837893 -0.0498793 -0.00620031 
3008 2.95012 1.36396 -0.29851 1.58616 164.189 164.086 164.314 0.102998 0.122409 -0.0407577 0.0107094 0.122431 -0.040798 0.0106436 
3016 2.86616 1.29132 -0.0282597 1.57484 164.238 164.044 164.293 0.193966 0.133319 -0.0390109 0.0310835 0.133329 -0.039056 0.0310619 
3024 2.84052 1.31743 0.373604 1.52308 164.256 164.058 164.237 0.198807 0.122943 -0.0399212 0.035681 0.122932 -0.0399635 0.0356892 
3032 2.88988 1.41416 0.750769 1.47572 164.269 164.09 164.178 0.17842 0.1102 -0.0288318 0.0307806 0.110174 -0.0288762 0.0307895 
3040 3.0765 1.61853 0.878071 1.45798 164.282 164.113 164.148 0.16912 0.118795 -0.0113741 0.0326071 0.118779 -0.0114105 0.0325941 
3048 3.28809 1.76762 0.790324 1.52047 164.283 164.143 164.125 0.140175 0.12498 0.0215608 0.0249583 0.124988 0.0215418 0.0249244 
3056 3.48396 1.79494 0.545405 1.68902 164.28 164.181 164.089 0.099243 0.131333 0.0624981 0.00787517 0.131356 0.0624918 0.00782462 
3064 3.58931 1.68114 0.340774 1.90817 164.254 164.236 164.053 0.0179245 0.127664 0.0853452 0.00779602 0.127682 0.0853387 0.00773063 
3072 3.50155 1.49624 0.312298 2.00531 164.176 164.285 164.077 -0.108944 0.113782 0.0916061 0.0265834 0.113787 0.0916 0.0265047 
3080 3.22506 1.29722 0.459572 1.92784 164.095 164.308 164.129 -0.213475 0.113856 0.0882959 0.0420778 0.113851 0.088295 0.0419974 
3088 2.91599 1.09629 0.622089 1.8197 164.062 164.318 164.151 -0.255747 0.10532 0.0672013 0.0418922 0.105316 0.0671971 0.0418206 
3096 2.6894 0.991165 0.713099 1.69823 164.052 164.315 164.169 -0.263239 0.0957986 0.0432551 0.0262134 0.095802 0.0432435 0.0261495 
3104 2.56781 1.03065 0.820954 1.53716 164.044 164.309 164.185 -0.265459 0.085238 0.0137013 0.00730312 0.0852435 0.0136905 0.00724478 
3112 2.56349 1.058 0.911444 1.50548 164.061 164.284 164.194 -0.223388 0.0703903 -0.0163227 -0.0212508 0.0703933 -0.0163386 -0.0213086 
3120 2.70543 1.04515 0.886851 1.66028 164.094 164.246 164.207 -0.151329 0.0603235 -0.0337426 -0.0442645 0.0603336 -0.0337714 -0.0443174 
3128 2.93863 1.00285 0.726887 1.93577 164.107 164.213 164.237 -0.105461 0.0569126 -0.0285556 -0.0486624 0.0569435 -0.0286027 -0.0486991 
3136 3.13435 0.921311 0.545285 2.21303 164.09 164.189 164.277 -0.09935 0.0431634 -0.0249475 -0.0401756 0.0432143 -0.0250007 -0.0401876 
3144 3.22141 0.84868 0.35352 2.37273 164.061 164.173 164.307 -0.111238 0.0250335 -0.0180002 -0.0195656 0.0251086 -0.0180426 -0.0195492 
3152 3.20205 0.817165 0.297548 2.38488 164.064 164.156 164.304 -0.0919853 0.00132048 0.013696 0.0102612 0.00141631 0.0136911 0.0103026 
3160 3.14607 0.720088 0.270334 2.42598 164.116 164.129 164.28 -0.0133623 -0.015007 0.0523298 0.0406084 -0.0148904 0.0523564 0.0406526 
3168 2.97829 0.56035 0.369267 2.41794 164.162 164.12 164.25 0.0422909 -0.024579 0.0635977 0.0513403 -0.0244606 0.0636406 0.0513724 
3176 2.81392 0.455037 0.577627 2.35889 164.191 164.119 164.227 0.0717663 -0.013503 0.0557797 0.0509217 -0.0134119 0.055827 0.0509373 
3184 2.7661 0.388237 0.87509 2.37786 164.207 164.123 164.211 0.0842476 0.0182982 0.0375412 0.0621366 0.0183475 0.0375873 0.0621518 
3192 2.81831 0.29603 1.14526 2.52228 164.206 164.142 164.204 0.0636176 0.0541298 0.0243152 0.0740604 0.0541425 0.0243567 0.0740981 
3200 2.82745 0.238108 1.35122 2.58934 164.202 164.17 164.194 0.0320478 0.0830941 0.00832533 0.0963846 0.0830932 0.00836442 0.0964547 
3208 2.71678 0.323697 1.49544 2.39309 164.21 164.185 164.174 0.0249933 0.102087 -0.0119 0.12236 0.10209 -0.0118477 0.122454 
3216 2.59839 0.453076 1.54694 2.14531 164.209 164.192 164.166 0.0172762 0.121722 -0.0113 0.110864 0.121735 -0.0112185 0.110963 
3224 2.50602 0.480422 1.57042 2.0256 164.186 164.21 164.165 -0.0242752 0.144351 0.00201977 0.0604406 0.14435 0.00211977 0.0605238 
3232 2.48022 0.426988 1.60233 2.05323 164.161 164.202 164.189 -0.0408257 0.14565 0.00912527 -0.00986295 0.145623 0.00921142 -0.00980448 
3240 2.55028 0.351949 1.59719 2.19833 164.152 164.159 164.231 -0.00696619 0.13874 0.00255754 -0.0734641 0.138695 0.00261521 -0.0734225 
3248 2.7506 0.364657 1.52785 2.38594 164.17 164.112 164.256 0.0578205 0.112192 0.00456445 -0.0986452 0.112148 0.00460676 -0.0986066 
3256 2.93778 0.415088 1.4126 2.52269 164.19 164.078 164.271 0.111347 0.0705257 0.0160782 -0.081361 0.0704961 0.0161242 -0.0813182 
3264 2.92806 0.516916 1.28997 2.41115 164.204 164.067 164.282 0.137243 0.0260782 0.0216166 -0.0471232 0.0260812 0.0216748 -0.0470702 
3272 2.7627 0.540117 1.162 2.22259 164.199 164.083 164.288 0.115854 0.00567352 0.0366852 -0.0327914 0.00571295 0.0367441 -0.0327409 
3280 2.5115 0.515137 1.04586 1.99636 164.19 164.114 164.272 0.0755843 0.0213287 0.0619162 -0.040321 0.0214013 0.0619708 -0.0402747 
3288 2.29492 0.41929 1.00534 1.87563 164.179 164.132 164.254 0.0469656 0.0411616 0.0766995 -0.0583976 0.0412491 0.0767517 -0.05835 
3296 2.22946 0.38297 1.02479 1.84649 164.176 164.088 164.285 0.088276 0.0442657 0.0941432 -0.0761932 0.0443532 0.0941961 -0.0761364 
3304 2.24821 0.405767 1.04111 1.84245 164.179 164.021 164.341 0.158461 0.0338047 0.119176 -0.0795259 0.0338754 0.119236 -0.0794542 
3312 2.334 0.4954 1.05788 1.83859 164.189 163.986 164.368 0.203233 0.0237543 0.132985 -0.0734721 0.0237972 0.133068 -0.0733907 
3320 2.38275 0.53921 1.11261 1.84354 164.208 163.978 164.364 0.229697 0.0340825 0.114432 -0.062037 0.0340963 0.114533 -0.0619528 
3328 2.39852 0.554344 1.23899 1.84418 164.218 164.006 164.332 0.212476 0.0398147 0.0743812 -0.0318708 0.0398077 0.0744877 -0.0317939 
3336 2.35737 0.455593 1.37474 1.90177 164.207 164.054 164.298 0.153257 0.046763 0.04337 0.0084104 0.0467427 0.0434663 0.00846911 
3344 2.34102 0.193036 1.51795 2.14798 164.182 164.092 164.285 0.0901779 0.0429025 0.0282248 0.0552266 0.0428663 0.0282914 0.0552529 
3352 2.30499 -0.0542171 1.6265 2.35921 164.152 164.124 164.283 0.0280484 0.0283344 0.0101117 0.0885766 0.0282808 0.0101347 0.0885658 
3360 2.27182 -0.116622 1.67392 2.38844 164.148 164.152 164.255 -0.0041326 0.0214677 0.00715967 0.0853458 0.0214001 0.00716055 0.0853116 
3368 2.32817 -0.0234844 1.72673 2.35165 164.167 164.179 164.197 -0.0121646 0.0100163 0.0149185 0.0575372 0.00994155 0.0149275 0.057497 
3376 2.39761 0.111628 1.69496 2.28598 164.191 164.181 164.156 0.00999571 0.0256022 0.0241291 0.0452862 0.0255282 0.0241599 0.0452484 
3384 2.38346 0.310486 1.61339 2.07297 164.222 164.161 164.134 0.0611764 0.0444753 0.0226182 0.060923 0.0444124 0.0226746 0.0608883 
3392 2.3012 0.526734 1.53185 1.77447 164.249 164.13 164.132 0.119267 0.0463918 0.012488 0.0668783 0.0463581 0.0125636 0.0668433 
3400 2.26053 0.74866 1.51941 1.51187 164.248 164.103 164.16 0.144411 0.0233597 -0.00220894 0.0635852 0.0233665 -0.00212459 0.0635473 
3408 2.17703 0.881709 1.57681 1.29532 164.232 164.099 164.182 0.132828 -0.0145861 0.00173776 0.061591 -0.0145591 0.00181874 0.0615564 
3416 2.09696 0.830499 1.62739 1.26645 164.23 164.086 164.202 0.143538 -0.0477018 0.00744101 0.0652449 -0.0476876 0.00751621 0.0652056 
3424 2.10438 0.605091 1.72652 1.49929 164.241 164.07 164.213 0.170195 -0.0572612 -0.0128427 0.0775904 -0.0572844 -0.0127602 0.0775395 
3432 2.15979 0.323942 1.84476 1.83586 164.261 164.069 164.202 0.19224 -0.0396415 -0.0450983 0.0935971 -0.0396991 -0.0450059 0.0935251 
3440 2.22725 0.110456 1.83486 2.11679 164.28 164.077 164.176 0.203278 -0.0139634 -0.0681796 0.0936653 -0.0140342 -0.0680847 0.0935628 
3448 2.32509 -0.0137362 1.70401 2.33883 164.275 164.089 164.153 0.185663 -0.0148243 -0.0687305 0.0755074 -0.0148955 -0.0686367 0.0753857 
3456 2.3299 -0.032751 1.53473 2.36265 164.257 164.105 164.135 0.152551 -0.0303354 -0.0665221 0.0432012 -0.0303873 -0.0664284 0.04309 
3464 2.21184 -0.0315089 1.43657 2.24335 164.219 164.125 164.146 0.0944051 -0.026605 -0.0564317 0.0160527 -0.0266284 -0.0563451 0.015967 
3472 2.11258 -0.0509303 1.36642 2.1635 164.184 164.153 164.159 0.0311716 0.0150671 -0.0331241 0.016374 0.0150669 -0.0330418 0.0163101 
3480 2.15844 0.0300032 1.30857 2.12843 164.171 164.186 164.148 -0.015174 0.052634 -0.00924544 0.0310172 0.0526428 -0.00915765 0.0309647 
3488 2.2645 0.184211 1.28955 2.08029 164.178 164.214 164.121 -0.0351326 0.068513 0.0077793 0.0291074 0.0685229 0.00787197 0.0290606 
3496 2.35643 0.28743 1.28268 2.069 164.2 164.219 164.093 -0.0192347 0.068697 0.0315345 0.0117309 0.068709 0.0316324 0.0116915 
3504 2.4009 0.262221 1.24887 2.13867 164.218 164.19 164.1 0.0277555 0.0501014 0.0574987 -0.000845261 0.0501081 0.0575955 -0.000876852 
3512 2.38054 0.172449 1.17733 2.20809 164.205 164.148 164.154 0.0572009 0.0234837 0.0629558 -0.011384 0.0234815 0.0630363 -0.0114174 
3520 2.2971 0.0255023 1.13798 2.27159 164.189 164.113 164.201 0.0761938 0.00544601 0.0449157 -0.0270521 0.00543734 0.0449678 -0.0270948 
3528 2.19017 -0.203365 1.17398 2.39354 164.194 164.098 164.21 0.0958755 0.00895254 0.0354216 -0.0343464 0.00892959 0.0354521 -0.0343917 
3536 2.11602 -0.395002 1.19209 2.51102 164.202 164.099 164.201 0.10263 0.00820047 0.0228792 -0.000536785 0.00815969 0.0228982 -0.000573628 
3544 2.05195 -0.466452 1.26219 2.5184 164.21 164.109 164.181 0.100613 0.00433653 0.0302085 0.0305247 0.00428426 0.0302233 0.0305081 
3552 1.96448 -0.429591 1.37938 2.39407 164.219 164.112 164.16 0.107056 -0.00811172 0.0553999 0.0352984 -0.00816366 0.0554099 0.0353134 
3560 1.86777 -0.344557 1.48118 2.21232 164.226 164.096 164.154 0.129258 -0.0205235 0.0611669 0.0152745 -0.0205748 0.0611824 0.0153294 
3568 1.8398 -0.243792 1.52132 2.0836 164.224 164.089 164.158 0.135429 -0.0294116 0.0408621 -0.0116456 -0.0294602 0.0408946 -0.0115731 
3576 1.89425 -0.193017 1.5119 2.08727 164.206 164.121 164.147 0.0846728 -0.0190778 0.0307631 -0.0256915 -0.0191234 0.0308169 -0.0256322 
3584 1.94688 -0.243915 1.54233 2.1908 164.179 164.172 164.128 0.00748519 0.00239451 0.0162271 -0.0131842 0.00234564 0.0163009 -0.0131489 
3592 1.92926 -0.332176 1.65345 2.26143 164.16 164.209 164.121 -0.0491761 0.0214292 -0.0108574 0.00994072 0.021374 -0.0107728 0.00996378 
3600 1.83706 -0.418309 1.7812 2.25536 164.137 164.223 164.143 -0.0854707 0.0322227 -0.0320158 0.0172799 0.0321547 -0.0319345 0.0173171 
3608 1.74136 -0.419979 1.87557 2.16133 164.105 164.223 164.179 -0.117743 0.0413529 -0.0302413 0.0105829 0.0412542 -0.0301703 0.0106537 
3616 1.72039 -0.423832 1.8931 2.14422 164.075 164.215 164.218 -0.140502 0.0435143 -0.0160094 0.0080026 0.0433841 -0.015957 0.00810072 
3624 1.76542 -0.451125 1.87185 2.21654 164.065 164.215 164.232 -0.149436 0.0496017 0.00252725 0.00999043 0.0494589 0.00255575 0.010092 
3632 1.83415 -0.468523 1.88157 2.30267 164.082 164.211 164.22 -0.129425 0.0544071 0.0295853 0.0023085 0.0542703 0.0296027 0.00238739 
3640 1.90811 -0.499999 1.95091 2.40811 164.12 164.221 164.175 -0.101325 0.0484613 0.0388795 -0.0114687 0.0483302 0.0388861 -0.0114233 
3648 2.01272 -0.578879 2.05886 2.5916 164.136 164.261 164.127 -0.124968 0.0239736 0.0180759 -0.0176527 0.023842 0.0180708 -0.0176448 
3656 2.18609 -0.553419 2.21661 2.7395 164.135 164.275 164.121 -0.139926 0.00161997 -0.00331119 -0.0176704 0.00147687 -0.00331211 -0.0176893 
3664 2.3178 -0.498434 2.36769 2.81623 164.147 164.236 164.139 -0.0890443 -0.0187039 -0.00287588 -0.00335064 -0.0188621 -0.00285371 -0.00336839 
3672 2.25673 -0.500093 2.45257 2.75683 164.183 164.173 164.15 0.00938557 -0.0264096 0.000512541 0.0345495 -0.0265735 0.000552429 0.0345581 
3680 2.02676 -0.598036 2.40438 2.6248 164.227 164.114 164.155 0.113005 -0.0373051 -0.00889388 0.0714611 -0.0374453 -0.00886464 0.0714985 
3688 1.81163 -0.766354 2.26991 2.57798 164.263 164.075 164.163 0.187362 -0.0418965 -0.0252832 0.066882 -0.0420009 -0.0252774 0.0669302 
3696 1.68055 -0.949613 2.16174 2.63016 164.272 164.079 164.156 0.192399 -0.0465739 -0.0277644 0.0428409 -0.0466504 -0.0277773 0.0428798 
3704 1.64613 -1.0672 2.15635 2.71333 164.264 164.121 164.127 0.142979 -0.0546385 -0.0383495 0.0356717 -0.0546901 -0.0383651 0.0356958 
3712 1.73823 -0.991935 2.22467 2.73016 164.246 164.162 164.105 0.0835143 -0.0691683 -0.0531346 0.0334626 -0.0692003 -0.0531319 0.0334794 
3720 1.90575 -0.857739 2.22148 2.76349 164.197 164.201 164.113 -0.00314137 -0.0629482 -0.0405147 0.0267052 -0.0629787 -0.0404894 0.0267235 
3728 2.0445 -0.80326 2.07369 2.84776 164.164 164.216 164.133 -0.0524835 -0.0274937 -0.0135499 0.0384257 -0.0275294 -0.0135287 0.0384402 
3736 2.05375 -0.794854 1.87569 2.8486 164.152 164.219 164.145 -0.0667182 0.0222431 -0.0156221 0.0699562 0.022201 -0.0156121 0.0699579 
3744 2.05288 -0.828291 1.71501 2.88117 164.157 164.208 164.158 -0.0504296 0.0430969 -0.0219307 0.0774852 0.043039 -0.0219207 0.0774728 
3752 2.03279 -0.916735 1.64513 2.94952 164.158 164.196 164.179 -0.0382564 0.0295547 -0.0412251 0.0569737 0.0294642 -0.041211 0.0569441 
3760 2.10852 -0.993244 1.62523 3.10177 164.175 164.185 164.175 -0.00997734 -0.000320871 -0.0736968 0.0515062 -0.000436378 -0.0736706 0.0514575 
3768 2.27307 -0.931193 1.6588 3.20426 164.196 164.153 164.177 0.0431695 -0.0299504 -0.0759616 0.0559333 -0.0300708 -0.0759136 0.0558675 
3776 2.47325 -0.786275 1.62402 3.25952 164.206 164.107 164.204 0.0990142 -0.0394164 -0.0499667 0.0616435 -0.0395139 -0.0499052 0.0615678 
3784 2.58336 -0.665279 1.57623 3.24864 164.219 164.071 164.224 0.14855 -0.0494133 -0.0243693 0.0532591 -0.0494772 -0.0243207 0.0531903 
3792 2.55811 -0.624306 1.52926 3.18242 164.231 164.08 164.204 0.150415 -0.0414509 -0.00590275 0.0319077 -0.0414987 -0.00588048 0.0318593 
3800 2.44967 -0.76977 1.53106 3.21944 164.227 164.11 164.175 0.116978 -0.0197733 0.00734942 0.0239561 -0.0198333 0.00733597 0.0239351 
3808 2.339 -1.05567 1.56019 3.39467 164.209 164.129 164.169 0.0799893 -0.00249811 0.0022231 0.0287745 -0.00257377 0.00217406 0.0287815 
3816 2.2465 -1.27258 1.61752 3.51907 164.202 164.131 164.169 0.0714075 -0.00981751 -0.0137039 0.0272522 -0.00990785 -0.0137772 0.0272834 
3824 2.11537 -1.34978 1.61853 3.46515 164.206 164.135 164.154 0.0708505 -0.0303289 -0.0411578 0.0331834 -0.0304349 -0.041241 0.0332359 
3832 2.03812 -1.28791 1.58524 3.32603 164.201 164.138 164.148 0.0629882 -0.0312697 -0.0531751 0.0576673 -0.0313889 -0.0532533 0.0577325 
3840 2.03072 -1.12154 1.54775 3.15226 164.201 164.118 164.169 0.0834969 -0.0352882 -0.0319296 0.0650507 -0.035404 -0.0319859 0.0651093 
3848 2.09824 -0.917957 1.54669 3.0162 164.217 164.083 164.192 0.133165 -0.0533777 -0.00182324 0.0516477 -0.0534786 -0.00185564 0.0516872 
3856 2.24886 -0.860755 1.56788 3.10962 164.249 164.071 164.174 0.178374 -0.0582096 0.0136954 0.0544966 -0.0582926 0.01367 0.0545193 
3864 2.44987 -0.953906 1.59907 3.40377 164.275 164.082 164.137 0.192376 -0.0359914 0.0110228 0.0601208 -0.0360625 0.0109906 0.0601354 
3872 2.5525 -1.03977 1.5838 3.59228 164.298 164.097 164.103 0.201365 0.00680707 0.000232025 0.0450603 0.00673898 0.000181053 0.0450711 
3880 2.47545 -1.0374 1.56387 3.51286 164.299 164.109 164.094 0.189622 0.0343276 -0.0124671 0.0225914 0.0342574 -0.0125407 0.0226026 
3888 2.30377 -0.936827 1.55955 3.24059 164.278 164.117 164.111 0.160724 0.0375263 -0.0148435 0.000631412 0.0374468 -0.014926 0.000646131 
3896 2.15409 -0.745635 1.4925 2.89973 164.253 164.131 164.124 0.122614 0.02295 0.00143671 -0.00609464 0.0228699 0.00136353 -0.0060614 
3904 1.99392 -0.563702 1.37336 2.55763 164.244 164.133 164.133 0.111523 -0.00551271 0.0367729 -0.00594867 -0.00558794 0.0367105 -0.00588425 
3912 1.91553 -0.398295 1.27785 2.31382 164.236 164.109 164.167 0.127344 -0.0433893 0.0777829 -0.00341655 -0.0434646 0.0777309 -0.00333909 
3920 2.00679 -0.363942 1.19334 2.37073 164.237 164.084 164.194 0.15327 -0.0897978 0.098955 0.0039944 -0.0898775 0.0988999 0.00405496 
3928 2.11637 -0.459487 1.00957 2.57586 164.224 164.089 164.209 0.135119 -0.136272 0.0911817 0.00163734 -0.136346 0.0911056 0.00167151 
3936 2.10555 -0.565949 0.799377 2.6715 164.19 164.12 164.215 0.0699762 -0.143054 0.0591842 -0.0198531 -0.143113 0.0590947 -0.0198381 
3944 2.02676 -0.57417 0.744479 2.60093 164.158 164.15 164.214 0.00775783 -0.114334 0.0255973 -0.034152 -0.11438 0.0255175 -0.0341473 
3952 2.01852 -0.417446 0.854307 2.43596 164.131 164.195 164.194 -0.0644166 -0.0818587 -0.0117941 -0.0168371 -0.0819104 -0.0118511 -0.016842 
3960 1.99691 -0.24929 1.048 2.24621 164.142 164.224 164.167 -0.081901 -0.0660781 -0.0457986 0.0194807 -0.0661529 -0.0458435 0.0194768 
3968 1.89346 -0.171669 1.2497 2.06513 164.175 164.209 164.157 -0.034747 -0.044708 -0.0844811 0.0433395 -0.0448111 -0.0845235 0.0433573 
3976 1.72779 -0.162376 1.48657 1.89016 164.195 164.183 164.149 0.0126338 -0.0125719 -0.115444 0.0374429 -0.012704 -0.115491 0.0374987 
3984 1.54169 -0.216635 1.69522 1.75832 164.197 164.16 164.149 0.0369206 0.000998657 -0.150295 0.0193486 0.000842233 -0.150364 0.0194435 
3992 1.37566 -0.230624 1.80453 1.60629 164.203 164.139 164.152 0.0635959 0.000299412 -0.153383 0.00397478 0.000143553 -0.153477 0.00410457 
