0 -0.143024 -0.526084 0.6287 0.38306 164.171 164.172 164.147 -0.000262333 -0.00107122 0.00910215 -0.012355 -0.00112032 0.00907022 -0.012366 
8 -0.138061 -0.535752 0.597356 0.397691 164.166 164.173 164.154 -0.00711721 0.000316746 0.00629744 -0.0166606 0.000267195 0.00626597 -0.0166715 
16 -0.13422 -0.535964 0.575717 0.401745 164.16 164.172 164.162 -0.0119256 0.00275197 0.00333269 -0.0191118 0.00270224 0.00330161 -0.019119 
24 -0.137293 -0.534376 0.574553 0.397083 164.153 164.173 164.168 -0.0199888 0.00217034 0.00220471 -0.0163456 0.00211886 0.00217157 -0.0163469 
32 -0.150473 -0.536523 0.592906 0.38605 164.151 164.177 164.169 -0.0262056 -0.000369309 0.00222232 -0.00955497 -0.000423851 0.00218567 -0.00955097 
40 -0.166015 -0.537035 0.627247 0.37102 164.153 164.18 164.165 -0.0264218 -0.000318126 0.000459872 -0.00247882 -0.000375251 0.000421498 -0.00247242 
48 -0.161971 -0.545346 0.668136 0.383375 164.158 164.179 164.162 -0.0205956 0.00244709 -0.00262081 0.00399059 0.00238875 -0.00265853 0.00399578 
56 -0.137707 -0.567567 0.718752 0.429859 164.162 164.176 164.161 -0.0140517 0.00358881 -0.00590591 0.00676317 0.00353042 -0.00594092 0.00676232 
64 -0.102147 -0.57813 0.761402 0.475983 164.163 164.173 164.164 -0.0106924 0.00251711 -0.00218261 0.00642426 0.00245836 -0.00221259 0.00641521 
72 -0.0620684 -0.576705 0.784911 0.514637 164.16 164.172 164.167 -0.0118964 -0.000522361 0.0045028 0.00259322 -0.000581615 0.00447635 0.00257684 
80 -0.0282777 -0.570122 0.790175 0.541844 164.157 164.172 164.17 -0.0149567 -0.00335551 0.00713205 -0.000700997 -0.0034135 0.0071058 -0.000721491 
88 -0.0205082 -0.554925 0.789358 0.534416 164.157 164.171 164.17 -0.0137252 -0.00478291 0.00580758 -0.00174273 -0.00484044 0.00577933 -0.00176307 
96 -0.0428904 -0.538097 0.777016 0.495206 164.159 164.169 164.168 -0.00935866 -0.00404185 0.00554303 -0.00139114 -0.00410098 0.00551356 -0.00140857 
104 -0.0771334 -0.525425 0.753593 0.448292 164.161 164.167 164.169 -0.00598506 -0.000139342 0.00608466 0.00154736 -0.000200741 0.00605614 0.00153429 
112 -0.0989349 -0.51965 0.73458 0.420715 164.161 164.167 164.17 -0.00532824 0.00492688 0.00689192 0.00200944 0.00486551 0.00686545 0.00199975 
120 -0.0994259 -0.515388 0.723278 0.415962 164.161 164.165 164.173 -0.00455558 0.00858535 0.00887231 -0.00258969 0.00852624 0.00884718 -0.00259984 
128 -0.0810712 -0.515351 0.721226 0.434281 164.162 164.161 164.177 0.00140251 0.00963526 0.0107798 -0.00772179 0.00958012 0.0107555 -0.00773614 
136 -0.0557097 -0.516031 0.725952 0.460321 164.165 164.154 164.179 0.0105185 0.00679469 0.0107019 -0.0103241 0.00674244 0.0106764 -0.010343 
144 -0.0431332 -0.518751 0.734525 0.475618 164.167 164.153 164.178 0.0133746 0.000273181 0.0108656 -0.0118924 0.000220763 0.0108376 -0.0119122 
152 -0.0375603 -0.521438 0.74368 0.483877 164.164 164.159 164.175 0.00512914 -0.00652865 0.0125033 -0.0144766 -0.00658298 0.0124727 -0.0144968 
160 -0.0367477 -0.516201 0.74058 0.479454 164.158 164.166 164.173 -0.00822551 -0.0102426 0.0141774 -0.0149297 -0.0102971 0.0141451 -0.0149519 
168 -0.0260078 -0.500419 0.725857 0.474412 164.15 164.171 164.175 -0.0202661 -0.00900291 0.0141975 -0.0118968 -0.0090562 0.0141648 -0.011921 
176 -0.0153657 -0.483054 0.704908 0.467688 164.147 164.174 164.173 -0.0268556 -0.00465287 0.0122348 -0.00729965 -0.00470435 0.0122043 -0.00732402 
184 -0.00949601 -0.474778 0.693854 0.465282 164.147 164.177 164.17 -0.029972 -0.00104448 0.00895194 -0.00347224 -0.00109458 0.00892457 -0.00349626 
192 -0.0146984 -0.477661 0.697665 0.462963 164.147 164.177 164.169 -0.0293839 9.57182e-05 0.0084318 -0.0013074 4.41431e-05 0.0084066 -0.00132954 
200 -0.0291932 -0.497254 0.724116 0.468061 164.144 164.178 164.172 -0.0333026 -0.00396951 0.00978903 0.00189923 -0.00402432 0.00976279 0.00188084 
208 -0.0459825 -0.526907 0.74848 0.480925 164.142 164.18 164.173 -0.0385211 -0.00910282 0.0104596 0.00526131 -0.00915892 0.0104298 0.00524743 
216 -0.0475398 -0.560237 0.756372 0.512697 164.145 164.181 164.171 -0.0362958 -0.0122322 0.00891063 0.00710977 -0.0122867 0.00887919 0.00709698 
224 -0.0339354 -0.596753 0.742462 0.562817 164.151 164.179 164.168 -0.0278586 -0.00988738 0.00439733 0.00720727 -0.00993923 0.00436808 0.00719178 
232 -0.022108 -0.625997 0.718536 0.603889 164.157 164.175 164.167 -0.0181848 -0.00211148 0.00127644 0.00911644 -0.00216069 0.00124928 0.00909734 
240 -0.0257848 -0.638939 0.69847 0.613155 164.159 164.17 164.169 -0.0113695 0.00493738 0.00217017 0.0138091 0.00488841 0.00214154 0.0137898 
248 -0.0362098 -0.643646 0.686247 0.607436 164.16 164.164 164.173 -0.00474805 0.00886218 0.00730055 0.0189803 0.00881253 0.00726828 0.0189634 
256 -0.043259 -0.643629 0.677715 0.600369 164.159 164.16 164.177 -0.00122854 0.0104364 0.015739 0.0202572 0.0103864 0.0157027 0.0202446 
264 -0.0511118 -0.641959 0.674065 0.590846 164.159 164.158 164.177 0.000795647 0.0088523 0.0239888 0.0178364 0.00880205 0.0239499 0.0178286 
272 -0.0558473 -0.625873 0.673506 0.570026 164.162 164.157 164.175 0.00490256 0.0028355 0.0280515 0.0137891 0.00278458 0.0280126 0.0137847 
280 -0.069792 -0.590767 0.683781 0.520975 164.165 164.156 164.173 0.00939008 -0.00413374 0.0288621 0.0101173 -0.00418499 0.0288275 0.0101145 
288 -0.0922966 -0.562242 0.705363 0.469946 164.168 164.156 164.17 0.0121512 -0.007414 0.0246361 0.00607766 -0.00746638 0.0246063 0.0060737 
296 -0.14045 -0.556333 0.735701 0.415883 164.169 164.158 164.165 0.011288 -0.00756783 0.0174445 0.00180338 -0.00762262 0.0174175 0.00179701 
304 -0.197335 -0.563829 0.753096 0.366494 164.167 164.162 164.162 0.0050549 -0.006146 0.00715559 -0.00396608 -0.00620298 0.0071299 -0.0039738 
312 -0.24169 -0.578996 0.747509 0.337306 164.158 164.166 164.166 -0.00757061 -0.00493493 -0.00080727 -0.00845571 -0.00499184 -0.000834126 -0.00846265 
320 -0.267876 -0.591827 0.728274 0.32395 164.153 164.169 164.17 -0.0158973 -0.00207988 -0.000841563 -0.00943906 -0.00213374 -0.000870797 -0.0094447 
328 -0.283422 -0.601231 0.732584 0.317809 164.155 164.167 164.171 -0.0117321 0.00137635 0.00486247 -0.00736623 0.00132383 0.00483315 -0.00737187 
336 -0.29649 -0.609974 0.753854 0.313485 164.16 164.166 164.171 -0.00603518 0.0031476 0.0100973 -0.00388718 0.003094 0.010069 -0.00389272 
344 -0.318253 -0.607056 0.782398 0.288803 164.162 164.169 164.167 -0.00696071 0.00150297 0.0127929 -0.00160947 0.00144685 0.0127654 -0.00161328 
352 -0.352028 -0.588537 0.805755 0.236509 164.162 164.171 164.162 -0.00914991 -0.00454852 0.0134651 6.93665e-05 -0.00460776 0.0134396 6.80553e-05 
360 -0.404998 -0.56096 0.818951 0.155962 164.162 164.172 164.16 -0.00942092 -0.0115072 0.0117649 0.000201074 -0.0115689 0.0117418 0.000204105 
368 -0.475432 -0.541697 0.821519 0.0662645 164.165 164.169 164.159 -0.00424506 -0.0160474 0.00804779 0.000326466 -0.0161082 0.00802463 0.000335288 
376 -0.546876 -0.536101 0.817897 -0.0107752 164.168 164.167 164.158 0.00103233 -0.0155064 0.0048073 0.000168387 -0.0155631 0.00478193 0.000180395 
384 -0.596522 -0.54296 0.809154 -0.0535624 164.169 164.165 164.156 0.00392861 -0.0121268 0.002751 5.86102e-05 -0.0121781 0.00272417 7.19268e-05 
392 -0.623146 -0.551535 0.795105 -0.0716107 164.169 164.164 164.158 0.00531271 -0.00793502 0.00281158 -0.00256748 -0.00798045 0.00278529 -0.00255291 
400 -0.635009 -0.568463 0.78478 -0.0665465 164.167 164.162 164.163 0.00489872 -0.0051527 0.0041956 -0.00611678 -0.00519452 0.00417093 -0.00610166 
408 -0.653641 -0.589951 0.773818 -0.0636895 164.162 164.161 164.171 0.00144066 -0.00246557 0.00589676 -0.00852529 -0.00250613 0.00587347 -0.00850887 
416 -0.675588 -0.614309 0.772344 -0.0612786 164.154 164.162 164.179 -0.0079144 0.00230794 0.00574621 -0.0106588 0.00226712 0.00572274 -0.0106401 
424 -0.706667 -0.625476 0.778461 -0.0811901 164.143 164.167 164.186 -0.0235347 0.00537619 0.00478242 -0.0134397 0.00533416 0.00475953 -0.0134188 
432 -0.743914 -0.634393 0.779503 -0.109521 164.135 164.171 164.191 -0.0359261 0.00561463 0.00250455 -0.0137154 0.00557265 0.00248299 -0.0136932 
440 -0.786665 -0.634212 0.775723 -0.152452 164.134 164.172 164.194 -0.0382598 0.00487211 -0.000762985 -0.0116135 0.00483147 -0.000783374 -0.0115875 
448 -0.818806 -0.62116 0.783256 -0.197646 164.138 164.172 164.19 -0.0343015 0.00182006 -0.00351831 -0.00527636 0.00177833 -0.00353782 -0.00524577 
456 -0.844604 -0.602747 0.790078 -0.241858 164.146 164.172 164.181 -0.0265797 -0.00199356 -0.00540689 0.00197335 -0.00203953 -0.00542766 0.00200826 
464 -0.872837 -0.598349 0.783668 -0.274488 164.153 164.172 164.174 -0.0190261 -0.00202799 -0.0040199 0.00828464 -0.00207764 -0.00404449 0.0083217 
472 -0.91381 -0.616639 0.770322 -0.297171 164.158 164.169 164.169 -0.0108558 0.00307933 0.000308485 0.013698 0.00302821 0.000279992 0.0137349 
480 -0.968285 -0.633602 0.758849 -0.334683 164.161 164.168 164.168 -0.00769229 0.00939488 0.00596102 0.0170949 0.00934481 0.00593173 0.0171309 
488 -1.0358 -0.638956 0.747664 -0.396841 164.158 164.17 164.17 -0.0121554 0.0111785 0.0119325 0.0179753 0.011131 0.0119046 0.0180124 
496 -1.12203 -0.641235 0.745928 -0.480792 164.155 164.175 164.171 -0.0196869 0.0105699 0.0135541 0.0162041 0.0105253 0.0135272 0.0162462 
504 -1.20317 -0.64345 0.756663 -0.559724 164.154 164.181 164.169 -0.0270664 0.00962255 0.0115062 0.0141823 0.00957849 0.0114793 0.0142309 
512 -1.27146 -0.629033 0.771544 -0.642425 164.155 164.181 164.17 -0.0261957 0.00710457 0.00715436 0.0126164 0.00705976 0.00712885 0.0126693 
520 -1.33069 -0.599726 0.778471 -0.730964 164.16 164.176 164.171 -0.0159359 0.004218 0.00390719 0.0117162 0.00417268 0.00388531 0.011769 
528 -1.38438 -0.563884 0.776677 -0.820499 164.166 164.168 164.173 -0.00220144 -0.00107556 0.00508235 0.00938675 -0.00111898 0.00506647 0.00943701 
536 -1.4244 -0.53275 0.767635 -0.891646 164.172 164.159 164.175 0.0130008 -0.00788627 0.00810868 0.00509704 -0.00792543 0.00809801 0.00514776 
544 -1.45527 -0.499846 0.757512 -0.955428 164.178 164.154 164.175 0.0230812 -0.0115856 0.00977734 0.00218542 -0.0116199 0.00976941 0.00224197 
552 -1.48716 -0.476107 0.751582 -1.01106 164.18 164.155 164.174 0.0253186 -0.011769 0.00887416 0.00230736 -0.0117999 0.00886659 0.00237295 
560 -1.54938 -0.467595 0.745257 -1.08178 164.18 164.158 164.172 0.021471 -0.0087631 0.00831449 0.00393686 -0.00879387 0.00830603 0.00401275 
568 -1.63865 -0.481553 0.740925 -1.1571 164.178 164.165 164.169 0.013029 -0.00609643 0.00774759 0.00740919 -0.00613056 0.00773766 0.00749436 
576 -1.74261 -0.503948 0.750032 -1.23866 164.173 164.171 164.169 0.00187038 -0.000309855 0.00596565 0.0120891 -0.00034913 0.00595376 0.0121811 
584 -1.8436 -0.513986 0.75618 -1.32962 164.165 164.174 164.173 -0.00903437 0.00462566 0.00498236 0.0158669 0.00458363 0.00496836 0.0159622 
592 -1.94211 -0.515645 0.74824 -1.42646 164.16 164.176 164.174 -0.0157758 0.00557587 0.00373115 0.0192127 0.00553347 0.00371592 0.0193106 
600 -2.04836 -0.5129 0.735312 -1.53545 164.16 164.175 164.172 -0.0149419 0.00245989 0.00167206 0.0200561 0.00241862 0.00165543 0.0201558 
608 -2.15549 -0.510174 0.721869 -1.64531 164.163 164.172 164.171 -0.0095951 -0.00181644 -0.00185268 0.0194369 -0.00185578 -0.00186996 0.0195375 
616 -2.25363 -0.49776 0.712502 -1.75587 164.164 164.168 164.172 -0.004096 -0.00175381 -0.00666583 0.0167474 -0.00179127 -0.00668184 0.0168504 
624 -2.3483 -0.486007 0.714488 -1.86229 164.165 164.167 164.172 -0.00199879 0.000587883 -0.00792022 0.0115479 0.000550486 -0.00793564 0.0116571 
632 -2.44489 -0.474165 0.715727 -1.97073 164.164 164.168 164.17 -0.00417316 -0.000980391 -0.00404525 0.00861122 -0.00101748 -0.00405993 0.0087284 
640 -2.564 -0.456136 0.707263 -2.10786 164.164 164.169 164.167 -0.00524866 -0.00354758 0.00282489 0.00925728 -0.00358339 0.00281159 0.00938567 
648 -2.70266 -0.445351 0.686587 -2.25731 164.164 164.167 164.168 -0.00234529 -0.00508829 0.00873235 0.00945563 -0.00512292 0.00872171 0.00959654 
656 -2.85803 -0.463968 0.663629 -2.39406 164.165 164.16 164.172 0.00488819 -0.00758746 0.0135207 0.0098621 -0.00762128 0.013509 0.0100145 
664 -3.01727 -0.497165 0.654893 -2.52011 164.168 164.155 164.175 0.0132747 -0.011036 0.0180272 0.00839827 -0.0110705 0.0180111 0.00856164 
672 -3.16773 -0.522537 0.653423 -2.64519 164.169 164.15 164.178 0.0186733 -0.0110756 0.0189877 0.00663169 -0.0111108 0.0189683 0.00680674 
680 -3.30136 -0.535071 0.654323 -2.76629 164.168 164.147 164.182 0.0213828 -0.00592731 0.0168803 0.00582824 -0.00596381 0.0168618 0.00601308 
688 -3.41996 -0.543657 0.659909 -2.8763 164.17 164.143 164.183 0.0262864 0.000217087 0.0155675 0.00398419 0.000179023 0.0155519 0.00417774 
696 -3.54409 -0.544152 0.677188 -2.99994 164.171 164.143 164.18 0.0276397 0.0055986 0.0144633 0.00326705 0.00556054 0.0144508 0.00346915 
704 -3.68032 -0.547503 0.691964 -3.13282 164.169 164.147 164.177 0.0218347 0.00872245 0.0122703 0.0079435 0.0086851 0.012259 0.00815397 
712 -3.84659 -0.544059 0.701339 -3.30253 164.167 164.151 164.172 0.0159733 0.00604445 0.00974661 0.0138299 0.00600638 0.00973409 0.0140496 
720 -4.04575 -0.540443 0.713144 -3.50531 164.163 164.152 164.17 0.0109268 0.00130141 0.00940055 0.017886 0.0012619 0.00938506 0.0181165 
728 -4.26657 -0.530671 0.737424 -3.7359 164.162 164.153 164.169 0.00844545 0.000751437 0.00827258 0.018438 0.000711675 0.00825385 0.0186794 
736 -4.49957 -0.510183 0.764185 -3.98939 164.164 164.151 164.169 0.0123585 0.00230277 0.00724052 0.0165145 0.00226261 0.00721989 0.0167683 
744 -4.75205 -0.504426 0.777412 -4.24762 164.167 164.151 164.168 0.0165405 0.00169517 0.00750226 0.0152996 0.00165437 0.00748265 0.0155674 
752 -5.01682 -0.513886 0.774894 -4.50293 164.169 164.154 164.164 0.0150179 0.000657064 0.00855474 0.0138472 0.000616924 0.0085375 0.01413 
760 -5.27655 -0.528185 0.764612 -4.74837 164.169 164.158 164.161 0.0113001 -0.000423001 0.00748029 0.0106954 -0.000460466 0.00746305 0.0109923 
768 -5.51698 -0.537815 0.744901 -4.97916 164.17 164.161 164.158 0.00884405 0.00146346 0.00511756 0.00737117 0.00142849 0.0050975 0.00768193 
776 -5.76865 -0.554676 0.716687 -5.21397 164.173 164.159 164.156 0.0132708 0.00466623 0.00331839 0.00620168 0.00463315 0.00329487 0.00652879 
784 -6.04024 -0.575327 0.681556 -5.46491 164.174 164.155 164.157 0.0191571 0.00808608 0.0025044 0.00720519 0.00805584 0.00247877 0.00755179 
792 -6.32839 -0.595523 0.644239 -5.73286 164.175 164.152 164.159 0.0230094 0.0108285 0.000282088 0.00715264 0.0108023 0.000257433 0.00751865 
800 -6.65735 -0.615947 0.627044 -6.0414 164.173 164.151 164.16 0.0220431 0.015187 -0.00168812 0.00765762 0.0151626 -0.0017106 0.00804165 
808 -7.02816 -0.633189 0.646255 -6.39497 164.166 164.153 164.164 0.012603 0.0163891 -4.36749e-05 0.0106991 0.0163626 -6.5178e-05 0.0110992 
816 -7.407 -0.637359 0.659727 -6.76964 164.157 164.156 164.171 0.000563043 0.0146051 0.0028936 0.0139184 0.0145754 0.00287276 0.0143352 
824 -7.78172 -0.644979 0.642311 -7.13674 164.152 164.158 164.175 -0.00582255 0.0126648 0.00347804 0.0160913 0.0126342 0.00345725 0.016527 
832 -8.16982 -0.658415 0.609698 -7.51141 164.154 164.159 164.173 -0.00562124 0.011365 0.00152565 0.0165935 0.0113353 0.00150518 0.0170513 
840 -8.57956 -0.667618 0.586946 -7.91195 164.158 164.156 164.173 0.00144503 0.00987827 0.00103246 0.0151301 0.00985086 0.00101301 0.0156138 
848 -9.00736 -0.654356 0.576137 -8.353 164.16 164.152 164.177 0.00769943 0.00740963 0.00346054 0.0138402 0.00738532 0.00344264 0.0143516 
856 -9.4594 -0.631831 0.57014 -8.82757 164.16 164.151 164.179 0.00915445 0.00829171 0.00569017 0.0116436 0.00827063 0.00567367 0.0121848 
864 -9.93972 -0.635051 0.558134 -9.30467 164.161 164.149 164.18 0.0118821 0.0110694 0.00717628 0.0111235 0.0110495 0.00715833 0.0116959 
872 -10.4378 -0.661673 0.540182 -9.77608 164.163 164.146 164.179 0.0171931 0.0130519 0.00912889 0.0120036 0.0130312 0.00910705 0.0126081 
880 -10.956 -0.68538 0.536008 -10.2706 164.164 164.148 164.176 0.0160938 0.0137801 0.0107524 0.0135327 0.0137574 0.0107271 0.0141678 
888 -11.4877 -0.700522 0.548174 -10.7872 164.161 164.154 164.172 0.00754883 0.0139137 0.0123718 0.0122662 0.0138898 0.0123453 0.0129288 
896 -12.0461 -0.711044 0.574627 -11.3351 164.16 164.158 164.168 0.00265736 0.0144612 0.0137834 0.00656596 0.0144356 0.0137574 0.00725636 
904 -12.6416 -0.713817 0.612479 -11.9278 164.159 164.159 164.17 6.31013e-05 0.0162105 0.0147469 -0.00156464 0.0161846 0.0147238 -0.000841974 
912 -13.2704 -0.708399 0.654798 -12.562 164.157 164.158 164.175 -0.000876278 0.0174138 0.0118183 -0.00710533 0.0173884 0.011798 -0.00634471 
920 -13.9058 -0.719705 0.681379 -13.1861 164.154 164.154 164.184 -7.77465e-05 0.0159513 0.00922749 -0.00956934 0.0159292 0.00920828 -0.00876873 
928 -14.5299 -0.734124 0.694309 -13.7958 164.152 164.147 164.191 0.00494085 0.0146384 0.00607759 -0.00832943 0.0146203 0.00605979 -0.00748968 
936 -15.1535 -0.728557 0.690074 -14.425 164.153 164.142 164.192 0.011437 0.01317 0.00420698 -0.00502857 0.013154 0.00419142 -0.00415082 
944 -15.7971 -0.716813 0.674643 -15.0803 164.157 164.142 164.188 0.0154558 0.011466 0.00364661 -0.000634534 0.0114484 0.00363333 0.000280555 
952 -16.4742 -0.715972 0.657234 -15.7582 164.163 164.145 164.179 0.0175948 0.00823132 0.00465433 0.00521088 0.0082089 0.00464245 0.00616407 
960 -17.1843 -0.727247 0.644685 -16.457 164.171 164.15 164.169 0.0207733 0.00453051 0.00554933 0.0101246 0.00450181 0.00553955 0.0111178 
968 -17.9179 -0.735621 0.616963 -17.1823 164.177 164.151 164.162 0.0259369 -0.000732991 0.00395938 0.0139694 -0.000764066 0.00395285 0.0150034 
976 -18.6577 -0.73783 0.575308 -17.9199 164.18 164.151 164.16 0.0288814 -0.0048465 0.00215543 0.0151052 -0.0048743 0.00215261 0.0161791 
984 -19.3997 -0.740797 0.535524 -18.6589 164.184 164.148 164.158 0.0353179 -0.00628635 0.00224789 0.0129488 -0.00630768 0.00224533 0.0140631 
992 -20.1379 -0.750812 0.510909 -19.3871 164.188 164.145 164.155 0.0424764 -0.00369161 0.00388384 0.00979436 -0.00370612 0.00387678 0.0109493 
1000 -20.8705 -0.757612 0.507757 -20.1129 164.192 164.143 164.152 0.0489928 0.00222163 0.00837402 0.00985405 0.00221227 0.00835911 0.0110484 
1008 -21.5976 -0.7456 0.520194 -20.852 164.195 164.14 164.151 0.0552197 0.0071442 0.0148668 0.0104235 0.00713609 0.014846 0.0116576 
1016 -22.3337 -0.715428 0.53651 -21.6183 164.197 164.139 164.149 0.0582509 0.00926632 0.0198524 0.00662056 0.00925425 0.0198286 0.00789672 
1024 -23.0903 -0.674019 0.538868 -22.4162 164.195 164.139 164.15 0.0567955 0.00614776 0.0203103 -0.000510477 0.00613031 0.0202864 0.000810546 
1032 -23.8536 -0.630883 0.52312 -23.2227 164.195 164.137 164.153 0.0574528 0.0005543 0.0170366 -0.00322921 0.000532008 0.0170146 -0.00186205 
1040 -24.595 -0.591548 0.488108 -24.0035 164.193 164.138 164.155 0.0553222 -0.00523612 0.0121112 0.000103632 -0.0052619 0.0120926 0.00151506 
1048 -25.3172 -0.577497 0.446673 -24.7397 164.19 164.145 164.154 0.0451234 -0.00922772 0.00966393 0.00566287 -0.00925649 0.00964622 0.00711686 
1056 -26.0325 -0.592012 0.424328 -25.4404 164.184 164.153 164.152 0.0311867 -0.00836228 0.0072874 0.00859729 -0.00839299 0.00726649 0.0100932 
1064 -26.7559 -0.623483 0.430464 -26.1324 164.178 164.16 164.152 0.0185101 -0.0057042 0.00380798 0.00561205 -0.0057338 0.00378176 0.00715004 
1072 -27.4861 -0.65645 0.451591 -26.8296 164.174 164.162 164.153 0.0129439 -0.00544028 -0.00151383 0.00255504 -0.00546566 -0.00154434 0.00413448 
1080 -28.2254 -0.687136 0.466877 -27.5383 164.178 164.158 164.153 0.0202849 -0.0040035 -0.00642088 0.000109007 -0.00402476 -0.00645465 0.00173109 
1088 -28.9636 -0.703627 0.451027 -28.2599 164.185 164.149 164.155 0.0355276 -0.00493628 -0.00855764 -0.00591927 -0.00495449 -0.00859104 -0.00425405 
1096 -29.6917 -0.700232 0.415273 -28.9914 164.192 164.14 164.157 0.0520914 -0.00916597 -0.00666827 -0.0103433 -0.00918209 -0.00669781 -0.00863839 
1104 -30.3903 -0.680022 0.373749 -29.7103 164.197 164.135 164.159 0.062384 -0.0146766 -0.002959 -0.00886757 -0.0146913 -0.00298438 -0.00712828 
1112 -31.0626 -0.661974 0.344127 -30.4006 164.199 164.131 164.161 0.0687199 -0.0165867 -0.00218245 -0.00416758 -0.0166012 -0.00220526 -0.00239591 
1120 -31.6917 -0.65639 0.320051 -31.0353 164.2 164.13 164.163 0.0702881 -0.016766 -0.00177287 -0.000108409 -0.0167796 -0.0017957 0.00169506 
1128 -32.276 -0.653358 0.299057 -31.6226 164.198 164.131 164.165 0.0675162 -0.0152221 -0.000479825 0.00296657 -0.0152356 -0.000504762 0.00480152 
1136 -32.8236 -0.642813 0.285153 -32.1808 164.197 164.129 164.169 0.0677622 -0.0104337 0.00107372 0.00409876 -0.0104458 0.00104816 0.0059651 
1144 -33.3477 -0.62402 0.280153 -32.7237 164.198 164.129 164.169 0.0687921 -0.00418322 0.00131326 0.00115801 -0.00419442 0.00128735 0.00305673 
1152 -33.831 -0.598408 0.287806 -33.2326 164.198 164.132 164.165 0.0667893 -0.00236088 0.000640518 -0.000735078 -0.00237229 0.000611998 0.00119449 
1160 -34.252 -0.559898 0.304256 -33.6921 164.201 164.135 164.159 0.0656334 -0.00500687 -0.000681633 0.00261658 -0.0050185 -0.000713045 0.00457203 
1168 -34.5922 -0.540006 0.327601 -34.0522 164.206 164.136 164.154 0.0695009 -0.00780101 0.000162258 0.00599208 -0.00781188 0.000130275 0.00796645 
1176 -34.8647 -0.564326 0.346131 -34.3004 164.21 164.137 164.15 0.0728638 -0.00733638 0.00199528 0.00555205 -0.00734659 0.00196271 0.00753907 
1184 -35.0761 -0.624987 0.350193 -34.4511 164.21 164.14 164.144 0.0695455 -0.00570931 0.000960867 0.003105 -0.00571961 0.000925097 0.0051008 
1192 -35.2135 -0.692216 0.343205 -34.5213 164.204 164.147 164.141 0.0571462 -0.00558774 -0.00395442 0.00184987 -0.00559945 -0.00399471 0.0038497 
1200 -35.2803 -0.731307 0.328042 -34.549 164.195 164.158 164.139 0.0377463 -0.00673156 -0.00818666 0.00139839 -0.00674506 -0.00822891 0.0033971 
1208 -35.29 -0.725031 0.303039 -34.565 164.19 164.166 164.134 0.0235651 -0.00820274 -0.013167 0.00445816 -0.00821559 -0.0132098 0.00645306 
1216 -35.2363 -0.688298 0.272294 -34.548 164.192 164.169 164.131 0.0222138 -0.00826373 -0.0160114 0.00662319 -0.00827247 -0.0160529 0.00861243 
1224 -35.122 -0.642498 0.255321 -34.4795 164.198 164.165 164.129 0.03293 -0.00529172 -0.0146876 0.00665173 -0.00529456 -0.0147259 0.00863244 
1232 -34.9393 -0.603066 0.259586 -34.3362 164.207 164.158 164.129 0.0489321 -2.09108e-06 -0.00937173 0.00702949 1.52639e-06 -0.00940712 0.00899832 
1240 -34.6733 -0.569548 0.274057 -34.1038 164.216 164.148 164.13 0.067439 0.00271148 -0.00456501 0.00742443 0.00272002 -0.00459845 0.00937875 
1248 -34.3041 -0.541368 0.287749 -33.7628 164.22 164.141 164.133 0.079031 0.000881838 -0.000483946 0.00548432 0.000891312 -0.00051594 0.00741948 
1256 -33.8331 -0.527163 0.301001 -33.3059 164.213 164.139 164.14 0.0748245 -0.00462694 0.00294892 0.0034144 -0.00461807 0.00291697 0.00532479 
1264 -33.273 -0.518034 0.30798 -32.755 164.202 164.142 164.148 0.0600677 -0.00856638 0.0035444 0.00296529 -0.0085578 0.00351338 0.00484336 
1272 -32.6301 -0.502373 0.304095 -32.1277 164.191 164.15 164.152 0.0417129 -0.00688645 -0.000594863 0.000397708 -0.00687863 -0.000623339 0.00223722 
1280 -31.894 -0.47735 0.300028 -31.4167 164.183 164.159 164.155 0.0244065 -0.00384636 -0.00464936 0.000488913 -0.00384052 -0.00467542 0.00228413 
1288 -31.0694 -0.449978 0.30607 -30.6194 164.176 164.162 164.16 0.0141133 -0.0035106 -0.0068795 0.0028526 -0.00350877 -0.00690439 0.00459756 
1296 -30.1631 -0.431197 0.33087 -29.732 164.17 164.159 164.169 0.0101918 -0.00291799 -0.00784191 0.00319523 -0.00292218 -0.00786508 0.00488565 
1304 -29.1715 -0.428857 0.353151 -28.7427 164.165 164.158 164.173 0.00738208 -0.0011169 -0.00661596 0.00417865 -0.00112726 -0.00663642 0.00581255 
1312 -28.1013 -0.425597 0.357802 -27.6757 164.162 164.157 164.174 0.0046062 0.00169826 -0.00437288 0.00753534 0.0016832 -0.0043906 0.00911069 
1320 -26.9583 -0.417208 0.344381 -26.5411 164.16 164.159 164.172 0.00134779 0.000804891 -0.00418239 0.011627 0.000786532 -0.0041976 0.013141 
1328 -25.7282 -0.421255 0.3063 -25.307 164.157 164.163 164.171 -0.00616164 -0.00314172 -0.00490562 0.0121192 -0.00316037 -0.00492041 0.0135657 
1336 -24.4211 -0.45137 0.267369 -23.9697 164.151 164.167 164.173 -0.0161697 -0.00532984 -0.00470041 0.0101683 -0.00534796 -0.00471776 0.0115394 
1344 -23.046 -0.485577 0.232588 -22.5605 164.149 164.171 164.172 -0.0218013 -0.00502897 -0.00394376 0.00935613 -0.00504591 -0.00396424 0.0106435 
1352 -21.6075 -0.510743 0.20464 -21.0967 164.151 164.174 164.168 -0.0231135 -0.00556566 -0.00112639 0.00823728 -0.00558093 -0.00114993 0.00943484 
1360 -20.0993 -0.516697 0.17577 -19.5826 164.15 164.177 164.166 -0.0269668 -0.00904245 0.00369168 0.00596296 -0.00905466 0.00366634 0.00706859 
1368 -18.534 -0.500548 0.155692 -18.0334 164.144 164.178 164.168 -0.0338542 -0.0125062 0.00619498 0.00318283 -0.0125165 0.00616979 0.00419829 
1376 -16.9269 -0.470186 0.161247 -16.4567 164.137 164.179 164.174 -0.0417717 -0.0107056 0.00657773 0.000861994 -0.010717 0.00655499 0.00178948 
1384 -15.292 -0.451696 0.174344 -14.8403 164.132 164.177 164.183 -0.0453189 -0.0064834 0.00742117 0.00233816 -0.00649794 0.0074018 0.00317663 
1392 -13.6411 -0.450041 0.181981 -13.1911 164.131 164.175 164.189 -0.0437864 -0.00327852 0.00994743 0.0088721 -0.00329619 0.00993069 0.00961859 
1400 -11.9746 -0.453049 0.192828 -11.5215 164.13 164.176 164.191 -0.0456441 -0.00390895 0.0132298 0.0132303 -0.0039291 0.0132158 0.0138808 
1408 -10.3046 -0.469606 0.198298 -9.83504 164.125 164.181 164.191 -0.0555919 -0.00218203 0.0136084 0.0137659 -0.00220326 0.0135975 0.0143193 
1416 -8.61761 -0.498128 0.192037 -8.11948 164.121 164.186 164.189 -0.0650075 0.00172226 0.0125186 0.0113648 0.00170055 0.0125103 0.0118213 
1424 -6.9024 -0.527689 0.179166 -6.37471 164.122 164.19 164.186 -0.0685243 0.00488204 0.00752875 0.00936536 0.00485844 0.00752162 0.00972345 
1432 -5.17273 -0.538374 0.169049 -4.63436 164.126 164.188 164.186 -0.06244 0.00664186 0.00429131 0.00580841 0.0066172 0.00428297 0.00606582 
1440 -3.4412 -0.528981 0.154789 -2.91222 164.131 164.181 164.189 -0.0495731 0.0101199 0.00276064 0.00306301 0.0100973 0.00275087 0.00321823 
1448 -1.72535 -0.514322 0.145286 -1.21103 164.135 164.176 164.19 -0.041112 0.0117333 9.58458e-05 0.00371222 0.0117139 8.56733e-05 0.00376678 
1456 -0.037977 -0.506711 0.140095 0.468734 164.14 164.173 164.187 -0.032524 0.0125683 -0.00092274 0.00703382 0.0125511 -0.000932761 0.00699057 
1464 1.60751 -0.503033 0.128724 2.11054 164.147 164.168 164.186 -0.0206117 0.011332 0.00043151 0.0070666 0.0113165 0.000420693 0.0069289 
1472 3.20532 -0.500379 0.118517 3.7057 164.153 164.165 164.187 -0.0113419 0.0122933 0.00130931 0.0051579 0.0122782 0.00129834 0.00492814 
1480 4.76325 -0.494212 0.110294 5.25746 164.157 164.169 164.183 -0.0112787 0.0150716 0.00104479 0.00415035 0.0150563 0.00103538 0.00383127 
1488 6.2796 -0.47357 0.103855 6.75317 164.157 164.175 164.179 -0.0178991 0.0165964 -0.000200883 0.00191752 0.0165816 -0.000208018 0.00151172 
1496 7.74963 -0.442481 0.0943964 8.19211 164.153 164.177 164.182 -0.023734 0.0152592 0.0012019 2.77932e-05 0.0152452 0.00119628 -0.000462413 
1504 9.18712 -0.423268 0.0913754 9.61039 164.148 164.177 164.186 -0.028703 0.013861 0.00319516 -0.000523593 0.0138493 0.00319031 -0.0010936 
1512 10.5895 -0.423563 0.0893814 11.013 164.147 164.177 164.188 -0.030378 0.0111043 0.00438222 0.00102187 0.0110981 0.00437698 0.000376075 
1520 11.951 -0.425469 0.100302 12.3765 164.151 164.176 164.184 -0.0256747 0.00874729 0.00780109 0.00681069 0.00874657 0.00779535 0.00608959 
1528 13.2682 -0.423706 0.115124 13.6919 164.157 164.177 164.177 -0.0190961 0.00809386 0.0131512 0.0131314 0.00809421 0.0131462 0.0123358 
1536 14.5252 -0.431321 0.142388 14.9565 164.164 164.177 164.17 -0.0137326 0.00490671 0.0160193 0.0168743 0.00490354 0.0160156 0.0160081 
1544 15.7213 -0.443021 0.173507 16.1643 164.167 164.179 164.164 -0.0119651 0.00154507 0.0160981 0.0185385 0.00153768 0.0160957 0.0176071 
1552 16.8524 -0.437899 0.19657 17.2903 164.17 164.183 164.158 -0.0136863 0.0021221 0.0135664 0.017098 0.00211322 0.0135648 0.0161043 
1560 17.9205 -0.435577 0.208605 18.3561 164.174 164.184 164.154 -0.0103602 0.00332439 0.00994068 0.012691 0.00331555 0.00993806 0.0116359 
1568 18.916 -0.433132 0.222777 19.3491 164.178 164.179 164.156 -0.0010443 0.00182393 0.00972899 0.00781225 0.00181537 0.00972653 0.00669653 
1576 19.8271 -0.423084 0.240719 20.2502 164.18 164.175 164.162 0.00471534 -0.00148642 0.0114725 0.00337075 -0.00149458 0.0114708 0.0021999 
1584 20.6474 -0.405481 0.258565 21.0528 164.177 164.173 164.167 0.00313842 -0.00329941 0.00954269 0.00323602 -0.0033085 0.00954183 0.00201592 
1592 21.3772 -0.383739 0.276274 21.761 164.171 164.174 164.172 -0.00287342 -0.00567446 0.00443047 0.00398265 -0.00568627 0.00442955 0.0027215 
1600 22.0257 -0.360595 0.289872 22.3863 164.166 164.176 164.176 -0.01022 -0.00613413 -0.00163622 0.00200028 -0.0061463 -0.00163787 0.000707693 
1608 22.5917 -0.336142 0.280203 22.9278 164.164 164.175 164.179 -0.0109624 -0.000990713 -0.00521786 -0.00142935 -0.000998669 -0.00521941 -0.00274558 
1616 23.0903 -0.324111 0.268036 23.4144 164.168 164.171 164.181 -0.00267162 0.00534208 -0.0025309 -0.00522194 0.00533862 -0.0025319 -0.00655923 
1624 23.5213 -0.331441 0.262709 23.8527 164.174 164.165 164.181 0.00925205 0.00636202 0.00181302 -0.010157 0.00636007 0.00181128 -0.0115155 
1632 23.8653 -0.337274 0.258683 24.2026 164.178 164.166 164.179 0.012094 -3.07548e-05 0.00188454 -0.0149406 -3.60814e-05 0.00188315 -0.0163186 
1640 24.1159 -0.325351 0.253249 24.4412 164.177 164.171 164.176 0.00567914 -0.00567739 0.0012441 -0.015197 -0.00568863 0.00124548 -0.0165905 
1648 24.2751 -0.300611 0.242539 24.5757 164.177 164.177 164.174 -0.00065192 -0.00567556 0.00249288 -0.0131438 -0.0056911 0.00249697 -0.0145474 
1656 24.346 -0.295351 0.246941 24.6414 164.181 164.177 164.172 0.00417856 -0.00462182 0.00434744 -0.0114357 -0.00463814 0.00435084 -0.0128439 
1664 24.3354 -0.320944 0.255603 24.6563 164.189 164.17 164.173 0.0182866 -0.00690649 0.00363091 -0.00819922 -0.00692323 0.0036313 -0.00960503 
1672 24.2686 -0.367046 0.253824 24.6356 164.194 164.161 164.176 0.0329419 -0.00925154 -0.000597416 -0.00249418 -0.00926819 -0.000599706 -0.00389491 
1680 24.1541 -0.40315 0.256948 24.5573 164.199 164.152 164.18 0.0473905 -0.010835 -0.00601798 0.0013146 -0.010852 -0.00602188 -7.96494e-05 
1688 23.9997 -0.410328 0.273737 24.41 164.2 164.146 164.184 0.0539203 -0.0109488 -0.00857097 0.00170113 -0.0109668 -0.00857392 0.000316703 
1696 23.779 -0.394598 0.299487 24.1736 164.196 164.149 164.184 0.0469485 -0.00934458 -0.00928209 -0.000909929 -0.00936513 -0.00928326 -0.00227687 
1704 23.4969 -0.368451 0.329499 23.8654 164.193 164.157 164.18 0.035503 -0.00653843 -0.00866376 -0.00207036 -0.00656277 -0.00866523 -0.00341516 
1712 23.1637 -0.342846 0.353118 23.5066 164.193 164.161 164.175 0.0319974 -0.00215289 -0.00557592 -0.000917252 -0.00217985 -0.00557918 -0.00223901 
1720 22.7792 -0.332233 0.365204 23.1115 164.198 164.16 164.172 0.0384121 -9.61809e-05 -0.00194009 0.00149875 -0.000122905 -0.00194544 0.0001994 
1728 22.3551 -0.341188 0.359207 22.6963 164.2 164.156 164.176 0.0442596 -0.000891509 -0.00234245 0.00222722 -0.000915894 -0.00234999 0.000950197 
1736 21.8884 -0.364627 0.335588 22.253 164.196 164.153 164.182 0.0434732 -0.00360381 -0.0052852 0.00192953 -0.00362517 -0.00529556 0.000677151 
1744 21.3899 -0.385176 0.308964 21.7751 164.192 164.153 164.185 0.0389192 -0.00368157 -0.00924434 0.00343311 -0.00370076 -0.00925657 0.00220933 
1752 20.8741 -0.396681 0.292751 21.2708 164.191 164.157 164.182 0.0340394 -0.0029031 -0.0111544 0.00346758 -0.00292259 -0.0111673 0.00227659 
1760 20.3493 -0.398932 0.291542 20.7482 164.191 164.164 164.177 0.027084 -0.00151535 -0.00833505 0.00167532 -0.00153719 -0.00834972 0.000518193 
1768 19.8163 -0.375159 0.279026 20.1914 164.19 164.171 164.172 0.0191802 0.000284146 -0.00225807 0.000808913 0.000261432 -0.0022733 -0.000314459 
1776 19.2907 -0.342464 0.248095 19.6332 164.187 164.171 164.174 0.0158776 -0.000293373 0.00210031 -0.00110727 -0.000313389 0.0020867 -0.0021982 
1784 18.7742 -0.315752 0.191465 19.0899 164.181 164.166 164.182 0.0145676 -0.00465826 0.00392054 -0.00307692 -0.00467283 0.00390832 -0.004137 
1792 18.2514 -0.291703 0.122539 18.5431 164.174 164.162 164.19 0.0123825 -0.00888442 0.000779193 -0.00337153 -0.00889207 0.000769045 -0.00440179 
1800 17.7138 -0.259355 0.0725952 17.9731 164.169 164.165 164.19 0.00434452 -0.0102709 -0.00344135 0.00103029 -0.010273 -0.0034492 3.1285e-05 
1808 17.171 -0.222892 0.0446174 17.3939 164.165 164.17 164.189 -0.00559011 -0.00874601 -0.00573056 0.00520973 -0.00874446 -0.00573769 0.00424157 
1816 16.6302 -0.202157 0.0414722 16.8324 164.163 164.174 164.189 -0.0112037 -0.00539243 -0.0026953 0.00554784 -0.00539124 -0.00270374 0.00461033 
1824 16.0921 -0.212795 0.0562921 16.3049 164.164 164.174 164.189 -0.0103737 -0.00372993 0.00139909 0.00316821 -0.00373115 0.00138808 0.00226294 
1832 15.5674 -0.243967 0.0930601 15.8114 164.164 164.174 164.189 -0.00999201 -0.00144276 0.00455798 0.000480999 -0.00144876 0.00454493 -0.000390936 
1840 15.0587 -0.270149 0.141129 15.3288 164.16 164.175 164.191 -0.014531 -0.000597596 0.00598252 -4.41323e-05 -0.000608601 0.00596869 -0.000884845 
1848 14.5574 -0.276547 0.164404 14.8339 164.158 164.174 164.194 -0.0160879 -0.00143905 0.00798995 0.00324522 -0.00145395 0.00797825 0.00243134 
1856 14.0579 -0.275355 0.172132 14.3333 164.163 164.171 164.193 -0.00795872 -0.000963754 0.00986763 0.00783359 -0.00098362 0.00985948 0.00704446 
1864 13.5757 -0.28306 0.169507 13.8588 164.169 164.166 164.191 0.00300967 0.00106088 0.00996817 0.00906813 0.00103583 0.00996292 0.00830329 
1872 13.1089 -0.294128 0.163372 13.403 164.172 164.162 164.193 0.00978056 0.00483888 0.00855319 0.00739063 0.00481174 0.00854724 0.00665137 
1880 12.6583 -0.30432 0.143439 12.9626 164.173 164.16 164.193 0.0128959 0.00780261 0.00849352 0.00542503 0.00777819 0.0084839 0.00471232 
1888 12.2272 -0.320584 0.119514 12.5478 164.177 164.161 164.19 0.0162707 0.0075129 0.00922386 0.00499556 0.00749269 0.00920997 0.00430884 
1896 11.8079 -0.337742 0.111799 12.1456 164.182 164.163 164.186 0.0182443 0.00513728 0.0058805 0.00623427 0.00511909 0.00586287 0.00557244 
1904 11.4022 -0.340987 0.117708 11.7432 164.184 164.168 164.181 0.0158699 0.00304828 0.00376571 0.0077591 0.00303074 0.00374719 0.00712082 
1912 11.0235 -0.34473 0.131209 11.3682 164.183 164.171 164.18 0.0118845 0.000181095 0.00539521 0.0121667 0.000165177 0.00537957 0.0115476 
1920 10.6789 -0.358309 0.133795 11.0372 164.183 164.17 164.182 0.0128444 -0.00124468 0.00882759 0.0156774 -0.00125765 0.00881474 0.0150737 
1928 10.3492 -0.368791 0.123847 10.718 164.183 164.169 164.183 0.0142079 -0.00214621 0.0134655 0.0165344 -0.00215552 0.0134532 0.0159441 
1936 10.0351 -0.378152 0.10454 10.4132 164.179 164.172 164.183 0.00748979 -0.000743572 0.0173666 0.012725 -0.000748972 0.0173514 0.012149 
1944 9.74055 -0.382274 0.0850597 10.1228 164.173 164.176 164.182 -0.00245079 0.00304787 0.0182928 0.00626614 0.0030447 0.0182717 0.00570566 
1952 9.46696 -0.390205 0.072581 9.85717 164.17 164.177 164.182 -0.00721404 0.00687144 0.0175177 -0.00183469 0.00686885 0.0174911 -0.00237795 
1960 9.22156 -0.388939 0.0710906 9.6105 164.172 164.174 164.182 -0.00239178 0.0114337 0.0146014 -0.00841479 0.0114313 0.0145729 -0.00894303 
1968 9.00678 -0.374307 0.080933 9.38108 164.176 164.171 164.182 0.00513074 0.0154989 0.0118827 -0.0108013 0.0154954 0.011858 -0.0113184 
1976 8.81631 -0.355916 0.0978003 9.17223 164.18 164.169 164.18 0.0115571 0.0195165 0.00853134 -0.00792277 0.019511 0.00851485 -0.0084301 
1984 8.63024 -0.345192 0.117011 8.97543 164.184 164.166 164.179 0.0177693 0.022738 0.00521607 -0.000400137 0.0227301 0.00520833 -0.000895483 
1992 8.44605 -0.342887 0.134728 8.78894 164.188 164.16 164.179 0.0270194 0.0235903 0.00568805 0.00600845 0.0235819 0.00568711 0.0055288 
2000 8.27131 -0.356598 0.131907 8.62791 164.188 164.159 164.177 0.0296255 0.0218779 0.00718507 0.00864808 0.0218717 0.00718726 0.008183 
2008 8.10885 -0.371022 0.101053 8.47987 164.186 164.161 164.174 0.0252016 0.0181449 0.00990407 0.00659913 0.0181423 0.00990511 0.00614247 
2016 7.96165 -0.374596 0.0633311 8.33624 164.181 164.163 164.173 0.0180824 0.0110593 0.0116496 0.00300291 0.0110599 0.0116463 0.00254902 
2024 7.84162 -0.360815 0.0375186 8.20244 164.179 164.164 164.174 0.0149085 0.00432802 0.00968303 -0.000327839 0.00433161 0.0096753 -0.000781388 
2032 7.73331 -0.342627 0.0270986 8.07594 164.179 164.164 164.174 0.0149773 -0.00105759 0.00532335 -0.00233022 -0.00105179 0.00531298 -0.00278004 
2040 7.61793 -0.327859 0.0216784 7.94579 164.18 164.165 164.173 0.015178 -0.00474033 0.00110792 0.000501953 -0.00473416 0.0010973 6.07634e-05 
2048 7.50896 -0.326906 0.0101111 7.83587 164.181 164.167 164.173 0.0136846 -0.00716046 -0.00153658 0.0059555 -0.00715482 -0.00154597 0.00552519 
2056 7.41452 -0.333267 -0.0160425 7.74779 164.178 164.172 164.173 0.00533979 -0.00673658 -0.00462171 0.0130748 -0.00673114 -0.00463047 0.0126517 
2064 7.32889 -0.335184 -0.0421058 7.66408 164.173 164.178 164.172 -0.00464563 -0.0031834 -0.00894506 0.0160836 -0.00317814 -0.00895314 0.0156621 
2072 7.25446 -0.333285 -0.0442254 7.58775 164.17 164.18 164.171 -0.00966493 -0.000805583 -0.0131796 0.0131975 -0.000800716 -0.0131873 0.0127754 
2080 7.1918 -0.330679 -0.0151178 7.52248 164.17 164.179 164.173 -0.00963055 0.000455144 -0.0143987 0.00596255 0.000459001 -0.0144052 0.00554143 
2088 7.13021 -0.317115 0.0166634 7.44732 164.168 164.177 164.176 -0.00842801 0.00105768 -0.0124784 -0.00153012 0.00105996 -0.0124832 -0.00194627 
2096 7.06637 -0.297964 0.0325243 7.36433 164.166 164.174 164.18 -0.007264 0.000538537 -0.0134364 -0.00362801 0.000540404 -0.0134402 -0.0040362 
2104 7.02014 -0.268209 0.029286 7.28835 164.169 164.175 164.175 -0.00647644 0.000695208 -0.0157837 0.00291334 0.000699363 -0.0157885 0.00251133 
2112 6.98495 -0.244085 0.00700057 7.22903 164.172 164.18 164.167 -0.00791499 -0.000835376 -0.0161249 0.0107333 -0.000826661 -0.0161316 0.010334 
2120 6.9492 -0.22594 -0.0204405 7.17514 164.174 164.185 164.161 -0.0113922 -0.00430561 -0.0148905 0.0164068 -0.00429221 -0.0148979 0.0160069 
2128 6.91219 -0.221108 -0.0331179 7.1333 164.171 164.189 164.161 -0.0177824 -0.00879102 -0.0108269 0.0196822 -0.0087755 -0.0108339 0.0192825 
2136 6.87323 -0.233658 -0.0309385 7.10689 164.17 164.188 164.165 -0.0183693 -0.0125636 -0.00458292 0.0172517 -0.0125499 -0.00459088 0.016855 
2144 6.83492 -0.252199 -0.0274513 7.08712 164.171 164.184 164.167 -0.0127046 -0.0152704 0.00157652 0.00926538 -0.0152594 0.0015655 0.00887468 
2152 6.79308 -0.273148 -0.0309369 7.06622 164.172 164.179 164.172 -0.00663995 -0.0169743 0.00386824 -0.00214351 -0.0169651 0.00385253 -0.0025292 
2160 6.75302 -0.296559 -0.0313541 7.04958 164.173 164.175 164.176 -0.00237678 -0.0177291 0.00388448 -0.00922452 -0.0177217 0.00386568 -0.00960726 
2168 6.70833 -0.302078 -0.037393 7.01041 164.173 164.172 164.178 0.00117841 -0.0165461 0.00388905 -0.0105284 -0.0165398 0.0038726 -0.010908 
2176 6.67199 -0.297396 -0.0684655 6.96938 164.177 164.17 164.177 0.00680819 -0.0150114 0.00392038 -0.0056792 -0.0150059 0.0039091 -0.00605437 
2184 6.6525 -0.290874 -0.107929 6.94338 164.18 164.168 164.177 0.0121501 -0.0116578 0.0018782 0.000313161 -0.011653 0.00187047 -5.85425e-05 
2192 6.63571 -0.284007 -0.139599 6.91972 164.176 164.17 164.18 0.00587755 -0.00522702 -0.00391531 0.0054515 -0.00522328 -0.00392193 0.00508227 
2200 6.62026 -0.264207 -0.158332 6.88446 164.168 164.175 164.183 -0.00725559 0.00297192 -0.0111576 0.0118444 0.00297438 -0.0111633 0.0114754 
2208 6.59756 -0.250477 -0.172469 6.84804 164.165 164.177 164.184 -0.0115627 0.00795013 -0.0138423 0.014871 0.0079521 -0.013848 0.0145019 
2216 6.5605 -0.249874 -0.182001 6.81038 164.17 164.176 164.18 -0.00558503 0.00977339 -0.0105868 0.0107644 0.00977572 -0.0105948 0.0103944 
2224 6.50554 -0.263217 -0.183877 6.76876 164.178 164.178 164.172 -0.000222285 0.0131688 -0.00606184 0.00496355 0.013171 -0.00607194 0.00459406 
2232 6.4429 -0.280654 -0.18946 6.72355 164.182 164.182 164.165 0.000471101 0.0169638 -0.00149006 0.000648946 0.0169672 -0.00150135 0.000282005 
2240 6.3741 -0.284879 -0.191797 6.65898 164.185 164.18 164.163 0.00449879 0.0188019 0.00244415 -0.000278959 0.0188069 0.00243315 -0.000640005 
2248 6.3046 -0.276721 -0.192425 6.58132 164.185 164.177 164.165 0.00830447 0.0176169 0.00291277 0.000912415 0.017622 0.00290396 0.000555949 
2256 6.22998 -0.268847 -0.182533 6.49883 164.185 164.175 164.165 0.00976145 0.00998878 -0.00131909 0.00297441 0.00999198 -0.001324 0.00262136 
2264 6.16387 -0.257169 -0.159167 6.42104 164.185 164.173 164.166 0.0120382 0.00111384 -0.0047754 0.0062719 0.00111519 -0.00477666 0.00592244 
2272 6.11542 -0.256336 -0.121758 6.37175 164.187 164.171 164.166 0.0164115 -0.00238339 -0.00463399 0.00557935 -0.00238416 -0.00463546 0.00523517 
2280 6.08381 -0.274904 -0.0882007 6.35872 164.189 164.171 164.165 0.0188428 -0.00258783 -0.00324147 0.00401305 -0.00259276 -0.00324726 0.00367517 
2288 6.06067 -0.310314 -0.0651525 6.37099 164.192 164.171 164.159 0.0203054 -0.00138055 -0.00341249 0.0012681 -0.00139073 -0.00342217 0.00093538 
2296 6.05256 -0.344087 -0.03717 6.39665 164.195 164.172 164.154 0.0231113 0.0014993 -0.00264429 -0.00364159 0.00148479 -0.00265466 -0.00397209 
2304 6.06129 -0.357318 -0.0061476 6.4186 164.196 164.167 164.155 0.0289717 0.00392932 -0.00068691 -0.00755751 0.00391285 -0.00069524 -0.00788906 
2312 6.07633 -0.335614 0.0168008 6.41194 164.193 164.163 164.163 0.0298249 0.00473722 0.000167191 -0.0105656 0.00472064 0.000162374 -0.0109017 
2320 6.09332 -0.290885 0.0318034 6.38421 164.182 164.161 164.175 0.0208029 0.00413284 0.000955561 -0.0125521 0.00411746 0.00095357 -0.0128932 
2328 6.10858 -0.246776 0.035024 6.35536 164.172 164.164 164.18 0.00776159 0.00494785 -0.00185518 -0.00967202 0.00493388 -0.00185647 -0.0100162 
2336 6.10403 -0.220137 0.0331497 6.32416 164.17 164.167 164.178 0.00255208 0.00367353 -0.00534918 -0.00727548 0.00365968 -0.00535179 -0.00761842 
2344 6.08129 -0.21059 0.0293481 6.29188 164.174 164.168 164.172 0.00605297 0.000981591 -0.00829108 -0.00776691 0.000964858 -0.00829687 -0.00810639 
2352 6.0566 -0.214788 0.0276366 6.27139 164.182 164.166 164.167 0.0156844 -0.000796716 -0.0100314 -0.00772369 -0.000817221 -0.0100405 -0.00806137 
2360 6.04321 -0.21632 0.0240198 6.25953 164.188 164.164 164.162 0.0239144 0.00347256 -0.010798 -0.00721403 0.00345038 -0.0108084 -0.00755293 
2368 6.03556 -0.211476 0.0136368 6.24703 164.19 164.161 164.164 0.0290256 0.00755954 -0.00752863 -0.00898574 0.00753723 -0.00753816 -0.00932709 
2376 6.02528 -0.202001 0.0141122 6.22729 164.19 164.158 164.168 0.0324409 0.00792247 -0.00245678 -0.0103438 0.00789944 -0.00246482 -0.0106863 
2384 5.99391 -0.206896 0.0281122 6.2008 164.19 164.155 164.172 0.0350126 0.00811785 0.00124838 -0.0118593 0.00809427 0.00123999 -0.0121991 
2392 5.94137 -0.234031 0.0441755 6.1754 164.19 164.152 164.176 0.0379355 0.00682308 0.00509312 -0.0140013 0.0068005 0.00508148 -0.0143345 
2400 5.88751 -0.268938 0.0493425 6.15644 164.192 164.148 164.178 0.0437087 0.00197729 0.00792824 -0.015848 0.00195729 0.00791148 -0.0161728 
2408 5.83152 -0.302073 0.0516845 6.1336 164.193 164.148 164.177 0.0443403 -2.88742e-05 0.00657399 -0.01605 -4.70146e-05 0.00655146 -0.0163653 
2416 5.77799 -0.320625 0.0531375 6.09862 164.193 164.154 164.172 0.0389669 0.00278817 0.00594466 -0.0145234 0.00277085 0.0059178 -0.0148303 
2424 5.73367 -0.310442 0.0544775 6.04412 164.191 164.16 164.167 0.0314054 0.00517447 0.00621231 -0.0112305 0.00515596 0.00618458 -0.0115321 
2432 5.68645 -0.283234 0.0471577 5.96968 164.19 164.167 164.161 0.0234498 0.00395026 0.00509692 -0.0108485 0.00393052 0.00507121 -0.0111471 
2440 5.64007 -0.253079 0.0292137 5.89314 164.191 164.172 164.156 0.0186621 -0.000146568 0.00169519 -0.0124313 -0.000166185 0.00167211 -0.0127268 
2448 5.59721 -0.252007 -0.00358621 5.84922 164.191 164.172 164.157 0.0187484 -0.00323276 -0.00114649 -0.0103827 -0.00325218 -0.00116936 -0.0106752 
2456 5.54858 -0.261608 -0.0394649 5.81019 164.194 164.168 164.158 0.0254958 -0.00325612 -0.00448311 -0.00287489 -0.0032756 -0.00450637 -0.00316455 
2464 5.49355 -0.272717 -0.0687565 5.76626 164.197 164.166 164.159 0.0314877 -0.00172067 -0.00885247 0.0061129 -0.001741 -0.00887558 0.00582691 
2472 5.45388 -0.289619 -0.0852194 5.7435 164.198 164.165 164.161 0.0326739 -0.0016009 -0.011506 0.012427 -0.00162343 -0.0115284 0.0121448 
2480 5.42519 -0.291116 -0.0963247 5.71631 164.198 164.165 164.163 0.0329604 -0.00280362 -0.00636534 0.0133078 -0.00282938 -0.00638668 0.0130282 
2488 5.40428 -0.280529 -0.0998639 5.68481 164.198 164.164 164.165 0.0338669 -0.00336163 0.00123941 0.011513 -0.00338997 0.00121901 0.0112334 
2496 5.39158 -0.269297 -0.0972859 5.66087 164.195 164.165 164.168 0.0296144 -0.00361399 0.00520428 0.00736652 -0.00364448 0.00518387 0.00708536 
2504 5.37648 -0.271566 -0.0933335 5.64805 164.19 164.166 164.172 0.0237244 -0.0020769 0.00446534 -0.00127296 -0.00210981 0.00444381 -0.00155654 
2512 5.3618 -0.27491 -0.0792453 5.63671 164.186 164.163 164.177 0.0232875 -0.00207188 0.000181927 -0.011841 -0.00210637 0.000159327 -0.0121272 
2520 5.35119 -0.296958 -0.057438 5.64815 164.189 164.157 164.178 0.0315231 -0.00208236 -0.00388214 -0.0181656 -0.0021162 -0.00390711 -0.0184534 
2528 5.33415 -0.330276 -0.0329883 5.66442 164.192 164.154 164.178 0.0379986 -0.0015929 -0.00434243 -0.0190796 -0.00162445 -0.00436943 -0.0193649 
2536 5.30174 -0.357368 -0.0132224 5.65911 164.191 164.153 164.18 0.037918 -0.00200175 -0.00221674 -0.0136987 -0.00203155 -0.00224247 -0.0139781 
2544 5.26448 -0.369788 -0.00243977 5.63427 164.188 164.152 164.183 0.0362943 -0.00294279 0.000272334 -0.00648181 -0.00297224 0.000250921 -0.0067557 
2552 5.22897 -0.371963 -0.00818751 5.60093 164.188 164.151 164.185 0.0377508 -0.00178992 0.00123645 -0.00452694 -0.00181978 0.00121917 -0.00479691 
2560 5.19723 -0.360859 -0.0221365 5.55808 164.185 164.149 164.189 0.0360363 0.000789394 -8.51408e-05 -0.00685714 0.000759975 -9.9958e-05 -0.00712389 
2568 5.16808 -0.343298 -0.0349297 5.51137 164.178 164.151 164.193 0.0264357 -0.00101824 -0.001637 -0.0122007 -0.00104357 -0.00165006 -0.0124657 
2576 5.13327 -0.336261 -0.0396711 5.46953 164.174 164.155 164.192 0.0187292 -0.00644118 -0.00135033 -0.0202383 -0.00646349 -0.00136429 -0.0205002 
2584 5.09409 -0.334993 -0.0329158 5.42909 164.174 164.159 164.191 0.0150775 -0.0123328 -0.000447552 -0.027038 -0.0123534 -0.00046362 -0.0272964 
2592 5.05495 -0.332017 -0.033799 5.38697 164.174 164.16 164.191 0.0144632 -0.0169157 -0.000266743 -0.0278159 -0.0169336 -0.000285218 -0.0280722 
2600 5.01646 -0.314025 -0.0469345 5.33048 164.174 164.163 164.19 0.0115367 -0.0182128 -0.000628514 -0.0243773 -0.0182275 -0.000646925 -0.0246328 
2608 4.98677 -0.295847 -0.0649036 5.28262 164.175 164.165 164.186 0.00996518 -0.0138879 0.00114379 -0.0217405 -0.0139015 0.0011266 -0.0219947 
2616 4.96661 -0.281288 -0.0793765 5.2479 164.174 164.166 164.186 0.00870988 -0.0103203 0.00490841 -0.0180028 -0.0103346 0.00489209 -0.0182572 
2624 4.95646 -0.27119 -0.0869576 5.22765 164.172 164.169 164.186 0.00288963 -0.0099571 0.00665648 -0.0124877 -0.00997459 0.00664253 -0.0127458 
2632 4.94632 -0.256703 -0.0952218 5.20303 164.169 164.172 164.187 -0.00311438 -0.00772326 0.00786101 -0.00692435 -0.0077429 0.00785088 -0.00718732 
2640 4.93185 -0.244616 -0.0993085 5.17647 164.165 164.173 164.19 -0.00786409 -0.00105108 0.0102066 -0.00248292 -0.00106944 0.0101986 -0.00274792 
2648 4.90598 -0.22893 -0.108846 5.13491 164.162 164.17 164.194 -0.00837572 0.00641165 0.0109547 -0.00103939 0.00639721 0.0109472 -0.00130229 
2656 4.86865 -0.216108 -0.131931 5.08476 164.163 164.167 164.195 -0.0037684 0.00986871 0.0117446 -0.000418005 0.00985913 0.011739 -0.000677022 
2664 4.83305 -0.21456 -0.162814 5.04761 164.166 164.165 164.192 0.000479075 0.00662915 0.0145946 0.00100556 0.00662482 0.0145911 0.000749207 
2672 4.8104 -0.226682 -0.184418 5.03708 164.169 164.165 164.186 0.00345122 0.00168046 0.0140757 -0.000506892 0.00167913 0.0140748 -0.000763803 
2680 4.79419 -0.23975 -0.198075 5.03394 164.17 164.168 164.181 0.00287472 -0.000494353 0.00720757 -0.00296764 -0.000494901 0.00720916 -0.00322778 
2688 4.77358 -0.255128 -0.203083 5.02871 164.172 164.169 164.178 0.0034312 -0.00131771 -0.00274969 -0.00494054 -0.00131836 -0.0027463 -0.00520422 
2696 4.74258 -0.25635 -0.195293 4.99892 164.173 164.17 164.176 0.00293393 -0.00330864 -0.00818539 -0.00382539 -0.00331096 -0.00818068 -0.00408959 
2704 4.69912 -0.240062 -0.177503 4.93918 164.172 164.173 164.176 -0.000515582 -0.00289411 -0.00873741 0.000585076 -0.00289844 -0.00873176 0.000325584 
2712 4.65534 -0.218271 -0.155724 4.87361 164.173 164.172 164.178 0.000906507 -0.00184996 -0.00536388 0.00287858 -0.00185416 -0.00535877 0.00262673 
2720 4.60167 -0.204803 -0.141316 4.80647 164.174 164.17 164.18 0.00324434 -0.00191892 -0.00123739 -0.00156284 -0.00192149 -0.00123325 -0.00180741 
2728 4.54308 -0.204179 -0.136949 4.74726 164.175 164.17 164.178 0.00482024 0.000352838 0.00166084 -0.0101507 0.000352486 0.00166381 -0.0103909 
2736 4.48755 -0.204946 -0.145093 4.69249 164.177 164.17 164.177 0.00616891 0.00514486 0.00244506 -0.0145875 0.00514731 0.0024461 -0.0148264 
2744 4.44921 -0.205776 -0.158239 4.65499 164.177 164.173 164.175 0.00411707 0.00934371 -0.00317016 -0.0118774 0.00934795 -0.00317089 -0.0121162 
2752 4.41614 -0.20261 -0.168761 4.61875 164.179 164.174 164.171 0.00455485 0.00987277 -0.00954468 -0.00620409 0.00987718 -0.0095458 -0.00644182 
2760 4.38863 -0.202548 -0.177323 4.59118 164.182 164.172 164.168 0.0100089 0.00723555 -0.00988207 -0.00284405 0.00724022 -0.00988405 -0.00307846 
2768 4.36731 -0.214951 -0.186946 4.58226 164.185 164.17 164.167 0.0152889 0.00601302 -0.00902715 -0.000474832 0.00601846 -0.00903177 -0.000705431 
2776 4.34477 -0.222794 -0.184104 4.56756 164.186 164.17 164.167 0.0158866 0.00464133 -0.00838177 -0.000203318 0.00464647 -0.00838803 -0.00043183 
2784 4.30359 -0.206143 -0.180613 4.50973 164.182 164.173 164.167 0.00907073 0.00409618 -0.00692819 -0.00483897 0.00410068 -0.00693527 -0.00506622 
2792 4.25344 -0.170319 -0.188654 4.42376 164.177 164.179 164.168 -0.00225247 0.00675611 -0.00633615 -0.00738844 0.00676126 -0.00634342 -0.007616 
2800 4.19269 -0.145687 -0.21321 4.33838 164.173 164.185 164.168 -0.0113736 0.0128681 -0.00688071 -0.00736239 0.0128736 -0.00688798 -0.00759097 
2808 4.12427 -0.132465 -0.234076 4.25673 164.171 164.188 164.169 -0.0164574 0.0173523 -0.00713349 -0.00600978 0.0173581 -0.00714102 -0.00623569 
2816 4.06099 -0.118072 -0.235894 4.17906 164.168 164.187 164.172 -0.0184815 0.0193113 -0.00561152 -0.00323805 0.0193171 -0.0056182 -0.0034586 
2824 4.02074 -0.106528 -0.219763 4.12727 164.164 164.184 164.177 -0.0198634 0.0185549 -0.00383945 0.000519795 0.0185593 -0.00384376 0.000302715 
2832 4.00743 -0.110587 -0.199975 4.11801 164.16 164.182 164.18 -0.021524 0.0172761 -0.00249266 0.0037176 0.0172785 -0.00249539 0.00349965 
2840 4.01921 -0.129286 -0.189676 4.1485 164.161 164.179 164.181 -0.0174514 0.0151174 -0.00439045 0.00722221 0.0151184 -0.00439363 0.00699948 
2848 4.04273 -0.160799 -0.192054 4.20353 164.168 164.175 164.18 -0.00703396 0.00875297 -0.00908423 0.0108567 0.00875436 -0.00908919 0.0106272 
2856 4.05333 -0.182626 -0.205368 4.23596 164.175 164.171 164.178 0.00392746 -3.84203e-05 -0.0142787 0.0125613 -3.67462e-05 -0.0142854 0.0123257 
2864 4.03481 -0.195398 -0.218531 4.23021 164.177 164.167 164.182 0.01031 -0.00454605 -0.016276 0.0127934 -0.00454577 -0.0162832 0.0125566 
2872 3.98594 -0.203522 -0.22644 4.18947 164.175 164.162 164.189 0.0131808 -0.00389086 -0.0139344 0.0132889 -0.00389372 -0.0139404 0.0130563 
2880 3.92395 -0.209458 -0.228853 4.13341 164.171 164.159 164.194 0.0119155 0.000350405 -0.0113424 0.0125787 0.000345931 -0.0113466 0.0123532 
2888 3.86814 -0.21759 -0.222057 4.08573 164.166 164.163 164.194 0.00306951 0.00243243 -0.00705046 0.00963603 0.00243 -0.00705338 0.00941738 
2896 3.82974 -0.232346 -0.18959 4.06208 164.163 164.173 164.187 -0.00955891 0.00477568 -0.00172835 0.00639837 0.00477544 -0.00173295 0.00618417 
2904 3.80577 -0.253757 -0.160886 4.05952 164.166 164.183 164.177 -0.0173002 0.00790415 0.00450453 0.00682353 0.00790533 0.00449576 0.00661207 
2912 3.8 -0.271902 -0.132585 4.0719 164.171 164.185 164.171 -0.0145946 0.0133768 0.00910547 0.00808928 0.0133774 0.00909412 0.00787726 
2920 3.80665 -0.271627 -0.103139 4.07828 164.175 164.18 164.172 -0.00589258 0.017874 0.0126543 0.010152 0.0178741 0.0126443 0.00993637 
2928 3.79733 -0.254386 -0.0712469 4.05172 164.176 164.173 164.175 0.00218406 0.0211648 0.0131622 0.0124859 0.0211647 0.013156 0.01227 
2936 3.76793 -0.220702 -0.0527615 3.98863 164.175 164.167 164.18 0.00743581 0.0228361 0.0103251 0.0128755 0.0228378 0.0103249 0.0126635 
2944 3.7325 -0.189813 -0.0512073 3.92231 164.167 164.163 164.189 0.00405622 0.0219893 0.00607737 0.0125835 0.0219936 0.00608173 0.012377 
2952 3.69919 -0.163531 -0.0668633 3.86272 164.16 164.16 164.196 3.46867e-05 0.0192392 0.00219582 0.0110851 0.0192458 0.00220353 0.010884 
2960 3.67027 -0.148504 -0.0892457 3.81877 164.158 164.157 164.2 0.000835805 0.0161662 0.000270187 0.00929997 0.0161728 0.000279669 0.00910282 
2968 3.66202 -0.138618 -0.0984044 3.80064 164.158 164.155 164.199 0.00306634 0.0167572 -0.000535633 0.00654036 0.0167621 -0.000526074 0.00634358 
2976 3.67666 -0.130477 -0.0846015 3.80714 164.16 164.158 164.195 0.00221153 0.0188159 0.000639111 0.00286825 0.0188203 0.000648608 0.002668 
2984 3.67555 -0.12399 -0.0582532 3.79954 164.161 164.164 164.186 -0.00298326 0.0203075 0.00296099 0.00296857 0.0203106 0.00297059 0.00276558 
2992 3.65127 -0.115467 -0.0298482 3.76674 164.163 164.173 164.178 -0.0100196 0.0206443 0.00372295 0.00808372 0.0206445 0.00373313 0.00788064 
3000 3.6166 -0.111607 -0.0118864 3.72821 164.164 164.179 164.17 -0.0149257 0.0224271 0.00132113 0.0138618 0.0224229 0.00133004 0.0136592 
3008 3.58563 -0.113816 -0.00567673 3.69945 164.164 164.182 164.167 -0.018503 0.0259026 0.000486314 0.0179051 0.025896 0.000491394 0.0177019 
3016 3.55499 -0.126093 -0.0170822 3.68109 164.167 164.181 164.164 -0.0143145 0.0279649 -0.00112074 0.0218617 0.0279597 -0.00112202 0.0216586 
3024 3.5258 -0.140923 -0.0318074 3.66672 164.175 164.176 164.163 -0.000654594 0.0255463 -0.00603437 0.0272367 0.025546 -0.00604124 0.0270349 
3032 3.49042 -0.136358 -0.0438278 3.62678 164.186 164.17 164.16 0.0157964 0.0208605 -0.0123479 0.0321954 0.0208662 -0.0123557 0.0319987 
3040 3.44799 -0.0931372 -0.0579214 3.54112 164.191 164.165 164.161 0.0259417 0.0176465 -0.0159606 0.0327648 0.0176588 -0.0159629 0.0325757 
3048 3.41516 -0.0382753 -0.0756949 3.45344 164.189 164.164 164.164 0.025118 0.0147881 -0.0145234 0.0298533 0.0148049 -0.0145186 0.0296703 
3056 3.42042 0.00493623 -0.100353 3.41548 164.187 164.164 164.165 0.0225992 0.010819 -0.0121712 0.0259733 0.010835 -0.0121607 0.0257902 
3064 3.44714 0.0212831 -0.129652 3.42586 164.185 164.165 164.164 0.0202375 0.00769185 -0.0126434 0.0234662 0.00770331 -0.0126307 0.0232793 
3072 3.45902 0.00895466 -0.150272 3.45006 164.182 164.161 164.17 0.0207308 0.00789057 -0.0150808 0.0238588 0.00789697 -0.015068 0.023669 
3080 3.44974 -0.0291759 -0.152982 3.47891 164.176 164.154 164.183 0.0219771 0.0108689 -0.0188629 0.0274081 0.0108717 -0.0188505 0.0272167 
3088 3.42491 -0.0749906 -0.135175 3.4999 164.171 164.153 164.191 0.0188176 0.0146143 -0.0230113 0.0275986 0.0146151 -0.0230008 0.0274063 
3096 3.39464 -0.106297 -0.107612 3.50094 164.167 164.156 164.193 0.0109456 0.0190939 -0.0242897 0.0236207 0.0190956 -0.0242833 0.0234312 
3104 3.35905 -0.11585 -0.0835833 3.4749 164.164 164.161 164.192 0.00260098 0.0175381 -0.0229224 0.0180787 0.0175426 -0.0229205 0.0178952 
3112 3.33721 -0.123783 -0.0718051 3.461 164.166 164.162 164.189 0.00395582 0.00722786 -0.0192215 0.0115612 0.00723671 -0.0192243 0.0113816 
3120 3.31867 -0.148827 -0.0744796 3.4675 164.173 164.161 164.18 0.0114186 -0.00467173 -0.0129516 0.00774871 -0.00466062 -0.0129583 0.0075707 
3128 3.30007 -0.184585 -0.0796175 3.48465 164.182 164.161 164.17 0.0214906 -0.011231 -0.00763025 0.00676454 -0.0112209 -0.00763843 0.00658687 
3136 3.27721 -0.228749 -0.0724549 3.50596 164.191 164.158 164.163 0.0321118 -0.0142521 -0.00916043 0.00978673 -0.0142448 -0.00916796 0.00960807 
3144 3.25193 -0.253562 -0.0562779 3.50549 164.193 164.158 164.162 0.035118 -0.0164101 -0.0145449 0.0122793 -0.0164027 -0.0145504 0.0120983 
3152 3.22414 -0.246819 -0.029974 3.47095 164.189 164.157 164.166 0.0322572 -0.0183633 -0.0177656 0.0152958 -0.0183541 -0.0177674 0.0151133 
3160 3.19028 -0.222907 0.00180892 3.41318 164.187 164.155 164.169 0.0321678 -0.0190822 -0.0184873 0.0202848 -0.0190721 -0.0184874 0.0201026 
3168 3.14434 -0.202648 0.0303893 3.34699 164.187 164.153 164.171 0.033949 -0.0179947 -0.0181887 0.0251888 -0.0179861 -0.0181892 0.0250092 
3176 3.09033 -0.191675 0.0391806 3.282 164.187 164.152 164.172 0.0340941 -0.0183531 -0.019309 0.0270866 -0.0183479 -0.019311 0.0269107 
3184 3.02818 -0.190714 0.0313339 3.21889 164.186 164.154 164.172 0.0316274 -0.016399 -0.0200453 0.0245723 -0.0163976 -0.0200475 0.0244003 
3192 2.97075 -0.191543 0.022034 3.16229 164.183 164.155 164.175 0.0278355 -0.00941546 -0.0183265 0.0214205 -0.00941723 -0.0183291 0.0212513 
3200 2.93384 -0.196381 0.0199822 3.13022 164.182 164.155 164.176 0.0264398 -0.00141416 -0.0142146 0.0214634 -0.00141709 -0.0142175 0.0212954 
3208 2.9255 -0.203448 0.0125548 3.12895 164.18 164.158 164.174 0.022288 0.000208501 -0.0122062 0.0215424 0.000206537 -0.0122087 0.0213745 
3216 2.93892 -0.216192 -0.0113969 3.15512 164.176 164.162 164.171 0.0140465 -0.00398635 -0.0132392 0.0204976 -0.00398693 -0.0132401 0.0203305 
3224 2.95379 -0.234197 -0.0452222 3.18799 164.173 164.163 164.172 0.00970224 -0.0106838 -0.0155531 0.0195353 -0.0106855 -0.015552 0.0193696 
3232 2.96286 -0.2434 -0.0711048 3.20626 164.171 164.159 164.176 0.0128793 -0.015911 -0.0171037 0.0178887 -0.0159155 -0.0170995 0.0177247 
3240 2.95088 -0.235447 -0.0792924 3.18633 164.171 164.154 164.18 0.0169298 -0.0172797 -0.0194396 0.015868 -0.0172855 -0.0194321 0.0157068 
3248 2.92143 -0.204657 -0.0773549 3.12609 164.171 164.154 164.181 0.0167662 -0.0153374 -0.0200827 0.0152104 -0.0153424 -0.0200717 0.0150521 
3256 2.89304 -0.169838 -0.0711924 3.06288 164.169 164.158 164.181 0.0111065 -0.0130945 -0.0171788 0.0131326 -0.0130981 -0.017163 0.0129757 
3264 2.87106 -0.14708 -0.0677828 3.01814 164.164 164.164 164.181 -0.000202837 -0.0130625 -0.0142713 0.0100481 -0.0130642 -0.0142521 0.00989097 
3272 2.84886 -0.145859 -0.0668833 2.99472 164.158 164.17 164.182 -0.0121924 -0.0133912 -0.013231 0.0076862 -0.013391 -0.0132107 0.00752735 
3280 2.81881 -0.15922 -0.0648648 2.97803 164.154 164.173 164.184 -0.0190568 -0.0146262 -0.0138223 0.0065307 -0.0146249 -0.0138037 0.00636889 
3288 2.78581 -0.167218 -0.0581344 2.95303 164.155 164.172 164.184 -0.0167625 -0.0173511 -0.0137911 0.00888925 -0.0173503 -0.0137762 0.0087257 
3296 2.75448 -0.157305 -0.0529724 2.91178 164.16 164.164 164.187 -0.00438167 -0.0176576 -0.0130406 0.0159836 -0.0176588 -0.0130301 0.0158204 
3304 2.72538 -0.127199 -0.0500987 2.85258 164.166 164.157 164.19 0.00920028 -0.0140644 -0.00849826 0.0247497 -0.0140676 -0.00849071 0.0245878 
3312 2.69754 -0.0870331 -0.0365259 2.78457 164.17 164.151 164.192 0.0190469 -0.0100557 -0.00330167 0.0308591 -0.0100605 -0.00329424 0.0306985 
3320 2.67244 -0.0506507 -0.0136888 2.72309 164.172 164.15 164.191 0.0221877 -0.00858011 -0.00203059 0.0314107 -0.00858629 -0.00201873 0.0312515 
3328 2.64544 -0.0182373 -0.000738002 2.66368 164.173 164.153 164.187 0.0199251 -0.0103021 -0.00314613 0.0286566 -0.0103098 -0.00312732 0.0284987 
3336 2.61094 0.0141262 -0.000999972 2.59681 164.174 164.16 164.179 0.0132976 -0.0133391 -0.0029046 0.0266295 -0.0133479 -0.00288171 0.0264719 
3344 2.5725 0.0351937 0.0015583 2.5373 164.173 164.168 164.172 0.00511378 -0.0165378 -0.00239184 0.0212665 -0.0165471 -0.00236965 0.0211094 
3352 2.53334 0.0312129 0.00373553 2.50213 164.173 164.174 164.166 -0.00149732 -0.0218682 -0.00319333 0.0129257 -0.0218786 -0.00317516 0.0127707 
3360 2.4912 0.00743875 0.0100149 2.48376 164.176 164.176 164.16 0.000449638 -0.0248788 -0.00271559 0.00600199 -0.0248906 -0.00270171 0.00585204 
3368 2.47005 -0.00580386 0.0172581 2.47585 164.179 164.172 164.159 0.00660556 -0.0220596 -0.00254886 0.00120076 -0.0220726 -0.00253716 0.00105583 
3376 2.47127 -0.0198533 0.0243025 2.49113 164.18 164.168 164.163 0.0118575 -0.0133075 -0.0031984 0.00146614 -0.0133226 -0.00318609 0.00132365 
3384 2.4757 -0.0314931 0.0195615 2.50719 164.179 164.165 164.168 0.0142721 -0.00366675 -0.00798315 0.00318424 -0.00368312 -0.0079696 0.00304245 
3392 2.46097 -0.0261962 0.017899 2.48717 164.179 164.164 164.168 0.0152741 0.00411853 -0.0151712 0.0014867 0.00409973 -0.0151563 0.00134801 
3400 2.42261 0.00150629 0.020871 2.4211 164.181 164.165 164.164 0.0168707 0.00580444 -0.021774 -0.000642316 0.00578373 -0.0217581 -0.000774749 
3408 2.35874 0.0355586 0.0257862 2.32318 164.184 164.168 164.158 0.0164225 -0.00176314 -0.0242534 0.000694334 -0.00178357 -0.0242372 0.000567914 
3416 2.27718 0.0632225 0.0245776 2.21396 164.185 164.171 164.153 0.013327 -0.0112348 -0.0233632 0.00466199 -0.0112525 -0.0233478 0.00454088 
3424 2.21592 0.0704591 0.0216165 2.14546 164.179 164.173 164.157 0.00676483 -0.015215 -0.0209509 0.0116691 -0.0152302 -0.0209373 0.011552 
3432 2.19512 0.0509664 0.0227174 2.14415 164.174 164.17 164.164 0.00481844 -0.0118044 -0.0183314 0.0150215 -0.0118203 -0.0183192 0.0149042 
3440 2.22113 0.0299186 0.0215215 2.19121 164.174 164.165 164.17 0.00816923 -0.0056948 -0.0148287 0.0133227 -0.00571261 -0.0148164 0.0131982 
3448 2.26834 0.038858 0.0108941 2.22948 164.176 164.164 164.172 0.0118869 -0.00330346 -0.0113862 0.00868464 -0.00332343 -0.0113701 0.0085498 
3456 2.29782 0.0535082 -0.0100816 2.24431 164.176 164.165 164.172 0.0107922 -0.00465278 -0.00772012 0.0061627 -0.00467374 -0.00769855 0.00602263 
3464 2.2972 0.0564031 -0.0216946 2.2408 164.174 164.168 164.171 0.00619361 -0.00493204 -0.00555763 0.00776313 -0.00495238 -0.00553048 0.00762438 
3472 2.27535 0.0538923 -0.0154835 2.22146 164.171 164.171 164.171 -0.000296138 -0.00240896 -0.00176835 0.00999028 -0.00242705 -0.00173707 0.00985558 
3480 2.24306 0.0444829 0.00122145 2.19858 164.166 164.174 164.173 -0.00762046 -0.00187261 0.00215423 0.00987931 -0.00188757 0.00218796 0.00974985 
3488 2.19759 0.025978 0.00680629 2.17161 164.161 164.174 164.178 -0.0133769 -0.000962926 0.0045785 0.00846714 -0.000975265 0.0046141 0.00834247 
3496 2.16088 0.00808668 0.00538607 2.15279 164.159 164.174 164.18 -0.0150561 0.00153868 0.00234679 0.00772156 0.00152831 0.00238372 0.00759964 
3504 2.13342 -0.00329625 -0.00321148 2.13671 164.162 164.169 164.182 -0.00725792 0.00359033 -0.0040385 0.0077294 0.00358103 -0.00400281 0.00760772 
3512 2.12258 -5.24221e-05 -0.0282343 2.12263 164.165 164.162 164.187 0.0025689 0.00244629 -0.00617772 0.00911019 0.00243796 -0.0061449 0.00898652 
3520 2.14275 0.00595748 -0.0725886 2.13679 164.163 164.161 164.191 0.00213695 -0.000420756 -0.00683996 0.0138444 -0.000427589 -0.00681037 0.0137173 
3528 2.1776 0.0109086 -0.110085 2.16669 164.164 164.166 164.188 -0.00190929 -0.00170617 -0.00670827 0.0189331 -0.00171114 -0.00668153 0.0188029 
3536 2.20548 0.0127829 -0.142896 2.1927 164.166 164.17 164.182 -0.00484174 -0.00365171 -0.00408301 0.0236993 -0.00365527 -0.00405702 0.0235662 
3544 2.20578 0.0178107 -0.169108 2.18797 164.165 164.178 164.175 -0.0133513 -0.00577058 0.00051252 0.0267583 -0.00577431 0.000541597 0.0266233 
3552 2.18117 0.0316925 -0.185281 2.14948 164.166 164.185 164.167 -0.0196733 -0.00813197 0.00368647 0.0264472 -0.00813751 0.00372063 0.0263134 
3560 2.14018 0.0528597 -0.17774 2.08732 164.167 164.189 164.161 -0.0222385 -0.00831696 0.00323689 0.0244494 -0.00832591 0.00327433 0.0243204 
3568 2.09788 0.0706293 -0.152583 2.02726 164.168 164.188 164.16 -0.0195548 -0.00577659 0.000700992 0.0207724 -0.00578702 0.000738677 0.0206517 
3576 2.06876 0.0644388 -0.11306 2.00432 164.172 164.184 164.159 -0.0122141 -0.00311548 -0.00141632 0.0155674 -0.00312502 -0.00138091 0.0154543 
3584 2.05971 0.0367872 -0.0779944 2.02292 164.178 164.18 164.158 -0.00236937 -0.00383619 -0.00440636 0.00916122 -0.00384338 -0.00437372 0.00905031 
3592 2.05785 0.00473925 -0.0603567 2.05311 164.181 164.178 164.159 0.0029331 -0.00672269 -0.00834662 0.00706278 -0.0067299 -0.00831632 0.00694839 
3600 2.05281 -0.0292121 -0.0856439 2.08203 164.18 164.176 164.163 0.00330707 -0.00890395 -0.0126823 0.0088314 -0.00891197 -0.0126537 0.00871115 
3608 2.03792 -0.0639073 -0.123363 2.10183 164.177 164.172 164.169 0.00492063 -0.0100638 -0.0150572 0.012698 -0.0100744 -0.0150299 0.0125738 
3616 2.02267 -0.0885631 -0.1507 2.11123 164.175 164.168 164.177 0.00699129 -0.0102069 -0.0114375 0.0143913 -0.0102209 -0.0114098 0.0142645 
3624 2.00691 -0.0881359 -0.160376 2.09505 164.173 164.167 164.182 0.00585281 -0.00789045 -0.00634457 0.0108245 -0.00790709 -0.00631514 0.0106961 
3632 2.01137 -0.0589679 -0.146749 2.07034 164.174 164.165 164.185 0.00903184 -0.00341856 -0.00172137 0.00621628 -0.00343615 -0.00169053 0.00608762 
3640 2.03329 -0.0274816 -0.100272 2.06077 164.174 164.163 164.185 0.0108721 0.00201761 0.00332421 0.00399267 0.00199925 0.00335559 0.00386481 
3648 2.04948 -0.0145074 -0.0405305 2.06399 164.172 164.163 164.185 0.00817109 0.00484457 0.00684919 0.00367104 0.00482375 0.00687848 0.00354602 
3656 2.05047 -0.0129244 -0.0035367 2.06339 164.171 164.161 164.188 0.00936969 0.0075884 0.00828565 0.00260491 0.00756394 0.00830945 0.00248304 
3664 2.05318 -0.00936624 0.00369078 2.06255 164.171 164.157 164.191 0.0141821 0.00813985 0.010417 0.00278813 0.00811443 0.0104359 0.00266722 
3672 2.04953 -0.00981828 -0.00103274 2.05935 164.173 164.154 164.193 0.0183639 0.00706993 0.0113332 0.00585875 0.00704635 0.0113499 0.00573748 
3680 2.04386 -0.0221225 0.00148042 2.06599 164.174 164.152 164.194 0.0221837 0.00461328 0.0110801 0.00788414 0.00459278 0.0110962 0.00776107 
3688 2.02419 -0.0457595 0.0108854 2.06995 164.178 164.153 164.189 0.0256334 0.00415855 0.0100331 0.00912095 0.00414164 0.0100494 0.00899746 
3696 2.0097 -0.0770991 0.022065 2.0868 164.181 164.159 164.18 0.0225431 0.00290231 0.0085162 0.0104468 0.00289016 0.00853246 0.0103243 
3704 1.99427 -0.0938637 0.0342781 2.08814 164.18 164.167 164.174 0.0129527 0.000185598 0.00634586 0.0134407 0.000179172 0.00636156 0.0133197 
3712 1.97114 -0.0809142 0.0468644 2.05205 164.174 164.172 164.175 0.0029413 -0.00179483 0.00208575 0.0157654 -0.00179867 0.00209973 0.0156475 
3720 1.94689 -0.0477416 0.0590176 1.99463 164.171 164.173 164.175 -0.00196935 -0.00306866 -0.00043458 0.0139962 -0.00307379 -0.000423795 0.0138822 
3728 1.93054 -0.013962 0.0578017 1.9445 164.172 164.172 164.174 0.000521227 -0.00487043 -0.000912349 0.0117266 -0.00487868 -0.000904276 0.0116169 
3736 1.92482 0.00231754 0.0341596 1.92251 164.175 164.17 164.17 0.00500104 -0.00512198 -0.0040839 0.0097302 -0.00513277 -0.00407605 0.00962287 
3744 1.93134 0.00376764 -0.0113437 1.92757 164.177 164.172 164.163 0.00543815 -0.00400946 -0.00956565 0.00722157 -0.00402148 -0.00955623 0.00711446 
3752 1.93921 0.000470916 -0.0594521 1.93874 164.178 164.179 164.155 -0.000157787 -0.0015701 -0.0135497 0.00461348 -0.00158244 -0.0135382 0.00450638 
3760 1.94283 0.00516587 -0.106287 1.93767 164.18 164.183 164.15 -0.00296489 0.00156186 -0.0130859 0.00636246 0.00155306 -0.0130725 0.00625603 
3768 1.92168 0.0182785 -0.146797 1.9034 164.18 164.182 164.154 -0.00158723 0.00149821 -0.00786722 0.0122243 0.00149596 -0.00785303 0.0121203 
3776 1.87947 0.0192577 -0.167261 1.86022 164.178 164.18 164.16 -0.00170731 -0.00271563 -0.00116877 0.0158262 -0.00271321 -0.00115446 0.0157261 
3784 1.83894 0.0238471 -0.168411 1.81509 164.173 164.18 164.164 -0.00671968 -0.00388434 0.0017538 0.0159524 -0.00388012 0.00176805 0.0158564 
3792 1.81082 0.0290167 -0.153879 1.7818 164.171 164.181 164.165 -0.0101309 -0.00310978 0.00145959 0.0134114 -0.00310629 0.00147239 0.013318 
3800 1.78887 0.0313066 -0.126107 1.75756 164.168 164.182 164.165 -0.0142214 -0.00272597 0.00095185 0.00937535 -0.00272543 0.000963328 0.0092844 
3808 1.77248 0.022117 -0.0978145 1.75037 164.166 164.186 164.163 -0.0198615 -0.000961828 0.000300748 0.00668923 -0.00096367 0.000311427 0.00660035 
3816 1.75877 0.010093 -0.0733496 1.74868 164.167 164.188 164.16 -0.0207164 0.000804755 0.000177135 0.00731971 0.000802008 0.000186691 0.00723088 
3824 1.73415 0.00193516 -0.0679987 1.73221 164.17 164.189 164.157 -0.0194018 0.00304507 0.00017128 0.00807534 0.00304408 0.000180537 0.00798592 
3832 1.70597 -0.0022074 -0.0873258 1.70818 164.174 164.188 164.156 -0.0131843 0.00460064 0.000150365 0.00950302 0.00460132 0.000160718 0.00941117 
3840 1.6717 -0.0245088 -0.123825 1.69621 164.177 164.183 164.16 -0.0053752 0.00381335 0.00106461 0.00982973 0.00381626 0.00107795 0.00973533 
3848 1.64282 -0.0670185 -0.169618 1.70984 164.178 164.179 164.163 -0.00083463 0.00178065 0.00220436 0.00744654 0.00178685 0.0022224 0.00735076 
3856 1.62433 -0.105028 -0.193045 1.72936 164.176 164.178 164.165 -0.00198396 0.000446388 0.00103818 0.00584778 0.000454363 0.00106095 0.00575365 
3864 1.6176 -0.123541 -0.178042 1.74114 164.175 164.176 164.167 -0.000947995 -0.00120936 -0.00117019 0.00523974 -0.0012058 -0.00114232 0.00514836 
3872 1.6177 -0.134211 -0.146021 1.75191 164.173 164.17 164.171 0.00296863 -0.00308083 -0.00149244 0.00417642 -0.00308426 -0.00146099 0.00408878 
3880 1.59004 -0.133011 -0.120907 1.72305 164.17 164.167 164.175 0.00313407 -0.00703752 0.00219304 0.00292785 -0.00704567 0.00222603 0.00284552 
3888 1.53005 -0.122355 -0.110827 1.6524 164.166 164.169 164.177 -0.00312906 -0.0110682 0.00834783 0.00513572 -0.0110771 0.0083797 0.00505917 
3896 1.47157 -0.110469 -0.129688 1.58204 164.161 164.174 164.175 -0.0126485 -0.0127757 0.0137592 0.00978476 -0.0127823 0.0137868 0.00970899 
3904 1.43998 -0.0934976 -0.169882 1.53348 164.16 164.179 164.168 -0.0187344 -0.0121575 0.0152509 0.011008 -0.0121605 0.0152714 0.0109279 
3912 1.44182 -0.0817571 -0.193738 1.52358 164.164 164.182 164.161 -0.0177788 -0.0124882 0.0136098 0.00878946 -0.0124899 0.0136227 0.00870189 
3920 1.46944 -0.0785321 -0.19227 1.54797 164.173 164.182 164.154 -0.00909662 -0.0148169 0.0123549 0.005074 -0.0148202 0.0123633 0.0049785 
3928 1.51058 -0.0884447 -0.188337 1.59902 164.178 164.184 164.15 -0.00631186 -0.0174017 0.011599 0.00403597 -0.0174069 0.0116067 0.00393444 
3936 1.52751 -0.111553 -0.17458 1.63907 164.177 164.186 164.151 -0.00914063 -0.0160483 0.00929832 0.0058537 -0.0160528 0.0093074 0.00575144 
3944 1.51547 -0.137689 -0.159411 1.65316 164.172 164.188 164.156 -0.0163832 -0.00888887 0.00892998 0.00544879 -0.00889118 0.0089405 0.00534902 
3952 1.50102 -0.155211 -0.135376 1.65623 164.165 164.192 164.16 -0.0268564 -0.00419613 0.00800391 0.00321046 -0.0041958 0.00801442 0.00311119 
3960 1.49086 -0.152276 -0.108844 1.64313 164.159 164.197 164.162 -0.0376869 -0.0023344 0.00622437 0.00415456 -0.00233247 0.00623557 0.00405423 
3968 1.47984 -0.131617 -0.079589 1.61146 164.16 164.201 164.159 -0.0410425 0.000186788 0.00310516 0.00975253 0.000187179 0.00311783 0.00965332 
3976 1.47589 -0.0999656 -0.0486265 1.57586 164.166 164.199 164.154 -0.0331889 0.0047544 -0.000646497 0.0171006 0.00474852 -0.00063261 0.017005 
3984 1.48441 -0.0504539 -0.0300337 1.53487 164.172 164.195 164.151 -0.0227846 0.00865925 -0.00331083 0.0196742 0.00864627 -0.00329619 0.0195838 
3992 1.49691 -0.0133903 -0.0364526 1.5103 164.176 164.19 164.151 -0.0137881 0.0090864 -0.00267746 0.0205099 0.0090698 -0.00266207 0.0204244 
