0.4 0.52858 0.337339 0.662608 1 0 0 1 0 0 1 0 0 1 0 0 0.483185 0.337457 0.662491 0.52858 0.337339 0.662608 
12.4 0.530721 0.336019 0.663929 1 0 0 1 0 0 1 0 0 1 0 0 0.485227 0.336098 0.66385 0.530721 0.336019 0.663929 
24.4 0.535985 0.332739 0.667208 1 0 0 1 0 0 1 0 0 1 0 0 0.490006 0.33285 0.667098 0.535985 0.332739 0.667208 
36.4 0.528207 0.337619 0.662329 1 0 0 1 0 0 1 0 0 1 0 0 0.482911 0.337718 0.66223 0.528207 0.337619 0.662329 
48.4 0.533326 0.334419 0.665529 1 0 0 1 0 0 1 0 0 1 0 0 0.487517 0.334521 0.665427 0.533326 0.334419 0.665529 
60.4 0.532144 0.335193 0.664755 1 0 0 1 0 0 1 0 0 1 0 0 0.486472 0.335251 0.664696 0.532144 0.335193 0.664755 
72.4 0.531369 0.335685 0.664263 1 0 0 1 0 0 1 0 0 1 0 0 0.48576 0.335762 0.664186 0.531369 0.335685 0.664263 
84.4 0.532149 0.335058 0.66489 1 0 0 1 0 0 1 0 0 1 0 0 0.48645 0.335147 0.664801 0.532149 0.335058 0.66489 
96.4 0.532449 0.334884 0.665064 1 0 0 1 0 0 1 0 0 1 0 0 0.486811 0.334894 0.665054 0.532449 0.334884 0.665064 
108.4 0.532018 0.335269 0.664679 1 0 0 1 0 0 1 0 0 1 0 0 0.486274 0.335355 0.664593 0.532018 0.335269 0.664679 
120.4 0.530791 0.336058 0.66389 1 0 0 1 0 0 1 0 0 1 0 0 0.485228 0.33612 0.663828 0.530791 0.336058 0.66389 
132.4 0.533159 0.33454 0.665407 1 0 0 1 0 0 1 0 0 1 0 0 0.487401 0.334627 0.665321 0.533159 0.33454 0.665407 
144.4 0.531453 0.335632 0.664316 1 0 0 1 0 0 1 0 0 1 0 0 0.485819 0.335751 0.664197 0.531453 0.335632 0.664316 
156.4 0.532033 0.335246 0.664702 1 0 0 1 0 0 1 0 0 1 0 0 0.486342 0.335336 0.664612 0.532033 0.335246 0.664702 
168.4 0.532736 0.334696 0.665251 1 0 0 1 0 0 1 0 0 1 0 0 0.48701 0.334705 0.665243 0.532736 0.334696 0.665251 
180.4 0.530862 0.335764 0.664184 1 0 0 1 0 0 1 0 0 1 0 0 0.485276 0.335809 0.664139 0.530862 0.335764 0.664184 
192.4 0.53278 0.334607 0.665341 1 0 0 1 0 0 1 0 0 1 0 0 0.487032 0.334727 0.665221 0.53278 0.334607 0.665341 
204.4 0.531901 0.335254 0.664694 1 0 0 1 0 0 1 0 0 1 0 0 0.486293 0.335377 0.664571 0.531901 0.335254 0.664694 
216.4 0.531674 0.335429 0.664519 1 0 0 1 0 0 1 0 0 1 0 0 0.486031 0.335591 0.664357 0.531674 0.335429 0.664519 
228.4 0.532791 0.334764 0.665184 1 0 0 1 0 0 1 0 0 1 0 0 0.487043 0.334868 0.66508 0.532791 0.334764 0.665184 
240.4 0.531632 0.335586 0.664362 1 0 0 1 0 0 1 0 0 1 0 0 0.485992 0.335645 0.664303 0.531632 0.335586 0.664362 
252.4 0.531877 0.335419 0.664529 1 0 0 1 0 0 1 0 0 1 0 0 0.486211 0.335452 0.664496 0.531877 0.335419 0.664529 
264.4 0.532379 0.335027 0.664921 1 0 0 1 0 0 1 0 0 1 0 0 0.486628 0.335085 0.664863 0.532379 0.335027 0.664921 
276.4 0.532089 0.33517 0.664778 1 0 0 1 0 0 1 0 0 1 0 0 0.486333 0.335257 0.664691 0.532089 0.33517 0.664778 
288.4 0.531782 0.335335 0.664613 1 0 0 1 0 0 1 0 0 1 0 0 0.486056 0.335397 0.66455 0.531782 0.335335 0.664613 
300.4 0.532119 0.335191 0.664757 1 0 0 1 0 0 1 0 0 1 0 0 0.486419 0.335177 0.664771 0.532119 0.335191 0.664757 
312.4 0.531981 0.335384 0.664564 1 0 0 1 0 0 1 0 0 1 0 0 0.486276 0.335361 0.664587 0.531981 0.335384 0.664564 
324.4 0.531671 0.335507 0.66444 1 0 0 1 0 0 1 0 0 1 0 0 0.48599 0.335496 0.664451 0.531671 0.335507 0.66444 
336.4 0.532067 0.335227 0.664721 1 0 0 1 0 0 1 0 0 1 0 0 0.486294 0.335225 0.664723 0.532067 0.335227 0.664721 
348.4 0.532158 0.335164 0.664784 1 0 0 1 0 0 1 0 0 1 0 0 0.486422 0.335145 0.664803 0.532158 0.335164 0.664784 
360.4 0.53198 0.335324 0.664624 1 0 0 1 0 0 1 0 0 1 0 0 0.486287 0.335323 0.664624 0.53198 0.335324 0.664624 
372.4 0.531968 0.335368 0.66458 1 0 0 1 0 0 1 0 0 1 0 0 0.486232 0.33538 0.664568 0.531968 0.335368 0.66458 
384.4 0.532161 0.335294 0.664654 1 0 0 1 0 0 1 0 0 1 0 0 0.486451 0.335299 0.664649 0.532161 0.335294 0.664654 
396.4 0.532069 0.335403 0.664545 1 0 0 1 0 0 1 0 0 1 0 0 0.486368 0.335438 0.66451 0.532069 0.335403 0.664545 
408.4 0.532 0.335272 0.664676 1 0 0 1 0 0 1 0 0 1 0 0 0.486287 0.33531 0.664638 0.532 0.335272 0.664676 
420.4 0.532083 0.335005 0.664943 1 0 0 1 0 0 1 0 0 1 0 0 0.486373 0.335017 0.664931 0.532083 0.335005 0.664943 
432.4 0.531932 0.33504 0.664908 1 0 0 1 0 0 1 0 0 1 0 0 0.486224 0.335084 0.664864 0.531932 0.33504 0.664908 
444.4 0.53192 0.335092 0.664856 1 0 0 1 0 0 1 0 0 1 0 0 0.486228 0.335114 0.664834 0.53192 0.335092 0.664856 
456.4 0.531818 0.335266 0.664682 1 0 0 1 0 0 1 0 0 1 0 0 0.48613 0.335283 0.664665 0.531818 0.335266 0.664682 
468.4 0.532049 0.335018 0.66493 1 0 0 1 0 0 1 0 0 1 0 0 0.486315 0.335036 0.664912 0.532049 0.335018 0.66493 
480.4 0.532087 0.334985 0.664962 1 0 0 1 0 0 1 0 0 1 0 0 0.486397 0.334953 0.664995 0.532087 0.334985 0.664962 
492.4 0.531915 0.335245 0.664703 1 0 0 1 0 0 1 0 0 1 0 0 0.486126 0.335288 0.66466 0.531915 0.335245 0.664703 
504.4 0.532134 0.335244 0.664704 1 0 0 1 0 0 1 0 0 1 0 0 0.486324 0.335246 0.664702 0.532134 0.335244 0.664704 
516.4 0.532126 0.335232 0.664716 1 0 0 1 0 0 1 0 0 1 0 0 0.486327 0.335202 0.664745 0.532126 0.335232 0.664716 
528.4 0.532006 0.335207 0.664741 1 0 0 1 0 0 1 0 0 1 0 0 0.486249 0.335172 0.664775 0.532006 0.335207 0.664741 
540.4 0.531962 0.335171 0.664777 1 0 0 1 0 0 1 0 0 1 0 0 0.486182 0.335166 0.664781 0.531962 0.335171 0.664777 
552.4 0.532123 0.335111 0.664837 1 0 0 1 0 0 1 0 0 1 0 0 0.486315 0.335116 0.664832 0.532123 0.335111 0.664837 
564.4 0.531973 0.335221 0.664727 1 0 0 1 0 0 1 0 0 1 0 0 0.486216 0.335235 0.664713 0.531973 0.335221 0.664727 
576.4 0.531952 0.335249 0.664699 1 0 0 1 0 0 1 0 0 1 0 0 0.486185 0.335303 0.664645 0.531952 0.335249 0.664699 
588.4 0.532166 0.335119 0.664829 1 0 0 1 0 0 1 0 0 1 0 0 0.486392 0.335175 0.664773 0.532166 0.335119 0.664829 
600.4 0.531817 0.335261 0.664687 1 0 0 1 0 0 1 0 0 1 0 0 0.486047 0.335327 0.664621 0.531817 0.335261 0.664687 
612.4 0.532045 0.335144 0.664804 1 0 0 1 0 0 1 0 0 1 0 0 0.486233 0.335233 0.664715 0.532045 0.335144 0.664804 
624.4 0.532013 0.335337 0.664611 1 0 0 1 0 0 1 0 0 1 0 0 0.486265 0.335364 0.664583 0.532013 0.335337 0.664611 
636.4 0.531976 0.335338 0.66461 1 0 0 1 0 0 1 0 0 1 0 0 0.486212 0.335343 0.664605 0.531976 0.335338 0.66461 
648.4 0.532013 0.335225 0.664723 1 0 0 1 0 0 1 0 0 1 0 0 0.486265 0.335232 0.664716 0.532013 0.335225 0.664723 
660.4 0.531839 0.335312 0.664635 1 0 0 1 0 0 1 0 0 1 0 0 0.486038 0.335377 0.664571 0.531839 0.335312 0.664635 
672.4 0.532054 0.335119 0.664829 1 0 0 1 0 0 1 0 0 1 0 0 0.486232 0.335185 0.664762 0.532054 0.335119 0.664829 
684.4 0.531928 0.335101 0.664846 1 0 0 1 0 0 1 0 0 1 0 0 0.486229 0.335087 0.664861 0.531928 0.335101 0.664846 
696.4 0.53189 0.335133 0.664815 1 0 0 1 0 0 1 0 0 1 0 0 0.486066 0.335167 0.664781 0.53189 0.335133 0.664815 
708.4 0.532003 0.335125 0.664823 1 0 0 1 0 0 1 0 0 1 0 0 0.486181 0.335109 0.664839 0.532003 0.335125 0.664823 
720.4 0.531979 0.335167 0.664781 1 0 0 1 0 0 1 0 0 1 0 0 0.486166 0.335121 0.664827 0.531979 0.335167 0.664781 
732.4 0.531963 0.335195 0.664753 1 0 0 1 0 0 1 0 0 1 0 0 0.486124 0.335227 0.664721 0.531963 0.335195 0.664753 
744.4 0.532075 0.335204 0.664744 1 0 0 1 0 0 1 0 0 1 0 0 0.486327 0.335252 0.664696 0.532075 0.335204 0.664744 
756.4 0.532129 0.335207 0.664741 1 0 0 1 0 0 1 0 0 1 0 0 0.48638 0.335255 0.664693 0.532129 0.335207 0.664741 
768.4 0.53202 0.335389 0.664559 1 0 0 1 0 0 1 0 0 1 0 0 0.486174 0.335463 0.664485 0.53202 0.335389 0.664559 
780.4 0.53211 0.335381 0.664567 1 0 0 1 0 0 1 0 0 1 0 0 0.486263 0.335407 0.664541 0.53211 0.335381 0.664567 
792.4 0.532079 0.335432 0.664516 1 0 0 1 0 0 1 0 0 1 0 0 0.486238 0.335412 0.664536 0.532079 0.335432 0.664516 
804.4 0.53217 0.335427 0.664521 1 0 0 1 0 0 1 0 0 1 0 0 0.486311 0.335387 0.664561 0.53217 0.335427 0.664521 
816.4 0.53198 0.335555 0.664393 1 0 0 1 0 0 1 0 0 1 0 0 0.486112 0.335518 0.66443 0.53198 0.335555 0.664393 
828.4 0.532153 0.33535 0.664598 1 0 0 1 0 0 1 0 0 1 0 0 0.486288 0.335271 0.664677 0.532153 0.33535 0.664598 
840.4 0.532169 0.335418 0.66453 1 0 0 1 0 0 1 0 0 1 0 0 0.486285 0.3353 0.664647 0.532169 0.335418 0.66453 
852.4 0.532226 0.335302 0.664646 1 0 0 1 0 0 1 0 0 1 0 0 0.486321 0.335185 0.664763 0.532226 0.335302 0.664646 
864.4 0.532132 0.335368 0.66458 1 0 0 1 0 0 1 0 0 1 0 0 0.486158 0.335324 0.664624 0.532132 0.335368 0.66458 
876.4 0.532028 0.335369 0.664579 1 0 0 1 0 0 1 0 0 1 0 0 0.486136 0.335307 0.664641 0.532028 0.335369 0.664579 
888.4 0.532035 0.335235 0.664712 1 0 0 1 0 0 1 0 0 1 0 0 0.486133 0.335166 0.664782 0.532035 0.335235 0.664712 
900.4 0.531979 0.335317 0.664631 1 0 0 1 0 0 1 0 0 1 0 0 0.48604 0.335247 0.664701 0.531979 0.335317 0.664631 
912.4 0.532308 0.335255 0.664692 1 0 0 1 0 0 1 0 0 1 0 0 0.486357 0.335171 0.664777 0.532308 0.335255 0.664692 
924.4 0.532353 0.335232 0.664716 1 0 0 1 0 0 1 0 0 1 0 0 0.486339 0.33515 0.664798 0.532353 0.335232 0.664716 
936.4 0.532224 0.33522 0.664727 1 0 0 1 0 0 1 0 0 1 0 0 0.48621 0.335107 0.664841 0.532224 0.33522 0.664727 
948.4 0.532346 0.335156 0.664792 1 0 0 1 0 0 1 0 0 1 0 0 0.486309 0.335059 0.664889 0.532346 0.335156 0.664792 
960.4 0.532412 0.335304 0.664644 1 0 0 1 0 0 1 0 0 1 0 0 0.486407 0.335212 0.664736 0.532412 0.335304 0.664644 
972.4 0.532596 0.335348 0.6646 1 0 0 1 0 0 1 0 0 1 0 0 0.486548 0.335247 0.6647 0.532596 0.335348 0.6646 
984.4 0.532884 0.335126 0.664822 1 0 0 1 0 0 1 0 0 1 0 0 0.486794 0.335011 0.664937 0.532884 0.335126 0.664822 
996.4 0.532722 0.335381 0.664567 1 0 0 1 0 0 1 0 0 1 0 0 0.486655 0.335247 0.664701 0.532722 0.335381 0.664567 
1008.4 0.532705 0.335595 0.664353 1 0 0 1 0 0 1 0 0 1 0 0 0.486572 0.335473 0.664474 0.532705 0.335595 0.664353 
1020.4 0.53294 0.335447 0.664501 1 0 0 1 0 0 1 0 0 1 0 0 0.486741 0.335295 0.664652 0.53294 0.335447 0.664501 
1032.4 0.53295 0.335454 0.664494 1 0 0 1 0 0 1 0 0 1 0 0 0.486718 0.33528 0.664668 0.53295 0.335454 0.664494 
1044.4 0.532915 0.335543 0.664405 1 0 0 1 0 0 1 0 0 1 0 0 0.486624 0.335387 0.664561 0.532915 0.335543 0.664405 
1056.4 0.533085 0.335588 0.66436 1 0 0 1 0 0 1 0 0 1 0 0 0.486755 0.335439 0.664509 0.533085 0.335588 0.66436 
1068.4 0.53308 0.335795 0.664153 1 0 0 1 0 0 1 0 0 1 0 0 0.486791 0.335587 0.664361 0.53308 0.335795 0.664153 
1080.4 0.53333 0.335647 0.664301 1 0 0 1 0 0 1 0 0 1 0 0 0.48701 0.335424 0.664524 0.53333 0.335647 0.664301 
1092.4 0.533186 0.335718 0.66423 1 0 0 1 0 0 1 0 0 1 0 0 0.486778 0.335522 0.664426 0.533186 0.335718 0.66423 
1104.4 0.533324 0.335697 0.664251 1 0 0 1 0 0 1 0 0 1 0 0 0.486889 0.335442 0.664505 0.533324 0.335697 0.664251 
1116.4 0.533515 0.335793 0.664155 1 0 0 1 0 0 1 0 0 1 0 0 0.487009 0.335513 0.664434 0.533515 0.335793 0.664155 
1128.4 0.533469 0.335781 0.664167 1 0 0 1 0 0 1 0 0 1 0 0 0.486938 0.335483 0.664465 0.533469 0.335781 0.664167 
1140.4 0.533524 0.335709 0.664239 1 0 0 1 0 0 1 0 0 1 0 0 0.48694 0.335387 0.664561 0.533524 0.335709 0.664239 
1152.4 0.533563 0.335731 0.664217 1 0 0 1 0 0 1 0 0 1 0 0 0.486883 0.335398 0.66455 0.533563 0.335731 0.664217 
1164.4 0.53346 0.335696 0.664252 1 0 0 1 0 0 1 0 0 1 0 0 0.486746 0.3353 0.664648 0.53346 0.335696 0.664252 
1176.4 0.533517 0.335684 0.664264 1 0 0 1 0 0 1 0 0 1 0 0 0.486779 0.335246 0.664702 0.533517 0.335684 0.664264 
1188.4 0.533757 0.335861 0.664087 1 0 0 1 0 0 1 0 0 1 0 0 0.48694 0.335434 0.664513 0.533757 0.335861 0.664087 
1200.4 0.533874 0.335936 0.664012 1 0 0 1 0 0 1 0 0 1 0 0 0.48701 0.335448 0.6645 0.533874 0.335936 0.664012 
1212.4 0.533964 0.335778 0.66417 1 0 0 1 0 0 1 0 0 1 0 0 0.486914 0.33527 0.664678 0.533964 0.335778 0.66417 
1224.4 0.533568 0.335898 0.66405 1 0 0 1 0 0 1 0 0 1 0 0 0.486451 0.335384 0.664564 0.533568 0.335898 0.66405 
1236.4 0.533626 0.335778 0.66417 1 0 0 1 0 0 1 0 0 1 0 0 0.486494 0.335203 0.664745 0.533626 0.335778 0.66417 
1248.4 0.533698 0.335761 0.664187 1 0 0 1 0 0 1 0 0 1 0 0 0.486426 0.335203 0.664745 0.533698 0.335761 0.664187 
1260.4 0.533734 0.335945 0.664003 1 0 0 1 0 0 1 0 0 1 0 0 0.486376 0.335313 0.664635 0.533734 0.335945 0.664003 
1272.4 0.533676 0.336008 0.66394 1 0 0 1 0 0 1 0 0 1 0 0 0.486224 0.335263 0.664685 0.533676 0.336008 0.66394 
1284.4 0.533823 0.335862 0.664086 1 0 0 1 0 0 1 0 0 1 0 0 0.48615 0.335103 0.664845 0.533823 0.335862 0.664086 
1296.4 0.533822 0.335766 0.664182 1 0 0 1 0 0 1 0 0 1 0 0 0.485928 0.335001 0.664947 0.533822 0.335766 0.664182 
1308.4 0.53379 0.335746 0.664202 1 0 0 1 0 0 1 0 0 1 0 0 0.485707 0.334952 0.664996 0.53379 0.335746 0.664202 
1320.4 0.533992 0.335632 0.664316 1 0 0 1 0 0 1 0 0 1 0 0 0.48559 0.334816 0.665131 0.533992 0.335632 0.664316 
1332.4 0.533719 0.335827 0.664121 1 0 0 1 0 0 1 0 0 1 0 0 0.484934 0.334937 0.665011 0.533719 0.335827 0.664121 
1344.4 0.533908 0.335785 0.664163 1 0 0 1 0 0 1 0 0 1 0 0 0.484752 0.334868 0.66508 0.533908 0.335785 0.664163 
1356.4 0.533741 0.335791 0.664157 1 0 0 1 0 0 1 0 0 1 0 0 0.484217 0.335392 0.664556 0.533741 0.335791 0.664157 
1368.4 0.534066 0.335585 0.664362 1 0 0 1 0 0 1 0 0 1 0 0 0.483926 0.336619 0.663329 0.534066 0.335585 0.664362 
1380.4 0.53428 0.335483 0.664465 1 0 0 1 0 0 1 0 0 1 0 0 0.483775 0.33796 0.661988 0.53428 0.335483 0.664465 
1392.4 0.534052 0.335614 0.664334 1 0 0 1 0 0 1 0 0 1 0 0 0.48671 0.336614 0.663334 0.534052 0.335614 0.664334 
1404.4 0.534421 0.335514 0.664434 1 0 0 1 0 0 1 0 0 1 0 0 0.487955 0.335972 0.663975 0.534421 0.335514 0.664434 
1416.4 0.534708 0.335482 0.664466 1 0 0 1 0 0 1 0 0 1 0 0 0.484534 0.338002 0.661946 0.534708 0.335482 0.664466 
1428.4 0.534971 0.33553 0.664418 1 0 0 1 0 0 1 0 0 1 0 0 0.484421 0.337169 0.662779 0.534971 0.33553 0.664418 
1440.4 0.535083 0.33555 0.664398 1 0 0 1 0 0 1 0 0 1 0 0 0.485362 0.335459 0.664489 0.535083 0.33555 0.664398 
1452.4 0.535332 0.335589 0.664358 1 0 0 1 0 0 1 0 0 1 0 0 0.485834 0.33481 0.665138 0.535332 0.335589 0.664358 
1464.4 0.535424 0.335769 0.664179 1 0 0 1 0 0 1 0 0 1 0 0 0.48626 0.334893 0.665054 0.535424 0.335769 0.664179 
1476.4 0.535743 0.3358 0.664148 1 0 0 1 0 0 1 0 0 1 0 0 0.486985 0.334996 0.664952 0.535743 0.3358 0.664148 
1488.4 0.536014 0.335925 0.664023 1 0 0 1 0 0 1 0 0 1 0 0 0.487629 0.335185 0.664763 0.536014 0.335925 0.664023 
1500.4 0.536259 0.336132 0.663816 1 0 0 1 0 0 1 0 0 1 0 0 0.488129 0.335414 0.664534 0.536259 0.336132 0.663816 
1512.4 0.53668 0.336189 0.663759 1 0 0 1 0 0 1 0 0 1 0 0 0.488696 0.335505 0.664443 0.53668 0.336189 0.663759 
1524.4 0.537039 0.336339 0.663609 1 0 0 1 0 0 1 0 0 1 0 0 0.489174 0.335673 0.664275 0.537039 0.336339 0.663609 
1536.4 0.53724 0.3365 0.663448 1 0 0 1 0 0 1 0 0 1 0 0 0.489454 0.335863 0.664085 0.53724 0.3365 0.663448 
1548.4 0.537515 0.336566 0.663382 1 0 0 1 0 0 1 0 0 1 0 0 0.489863 0.335957 0.663991 0.537515 0.336566 0.663382 
1560.4 0.537726 0.336664 0.663284 1 0 0 1 0 0 1 0 0 1 0 0 0.490134 0.336127 0.663821 0.537726 0.336664 0.663284 
1572.4 0.537979 0.336734 0.663214 1 0 0 1 0 0 1 0 0 1 0 0 0.490437 0.336253 0.663695 0.537979 0.336734 0.663214 
1584.4 0.537885 0.337024 0.662924 1 0 0 1 0 0 1 0 0 1 0 0 0.490482 0.336571 0.663377 0.537885 0.337024 0.662924 
1596.4 0.538166 0.337262 0.662686 1 0 0 1 0 0 1 0 0 1 0 0 0.490867 0.33681 0.663138 0.538166 0.337262 0.662686 
1608.4 0.538482 0.337305 0.662643 1 0 0 1 0 0 1 0 0 1 0 0 0.491196 0.336907 0.663041 0.538482 0.337305 0.662643 
1620.4 0.538329 0.337487 0.662461 1 0 0 1 0 0 1 0 0 1 0 0 0.49115 0.337144 0.662804 0.538329 0.337487 0.662461 
1632.4 0.538653 0.337393 0.662555 1 0 0 1 0 0 1 0 0 1 0 0 0.491466 0.337129 0.662819 0.538653 0.337393 0.662555 
1644.4 0.538589 0.337457 0.662491 1 0 0 1 0 0 1 0 0 1 0 0 0.491518 0.337183 0.662765 0.538589 0.337457 0.662491 
1656.4 0.538643 0.33755 0.662398 1 0 0 1 0 0 1 0 0 1 0 0 0.491639 0.337287 0.662661 0.538643 0.33755 0.662398 
1668.4 0.538757 0.337583 0.662364 1 0 0 1 0 0 1 0 0 1 0 0 0.491715 0.337398 0.66255 0.538757 0.337583 0.662364 
1680.4 0.538732 0.337664 0.662284 1 0 0 1 0 0 1 0 0 1 0 0 0.491846 0.337472 0.662476 0.538732 0.337664 0.662284 
1692.4 0.538861 0.337581 0.662367 1 0 0 1 0 0 1 0 0 1 0 0 0.491924 0.337476 0.662472 0.538861 0.337581 0.662367 
1704.4 0.538752 0.337664 0.662284 1 0 0 1 0 0 1 0 0 1 0 0 0.491871 0.337534 0.662414 0.538752 0.337664 0.662284 
1716.4 0.538902 0.33757 0.662378 1 0 0 1 0 0 1 0 0 1 0 0 0.492048 0.337399 0.662549 0.538902 0.33757 0.662378 
1728.4 0.538918 0.337613 0.662335 1 0 0 1 0 0 1 0 0 1 0 0 0.492093 0.33748 0.662468 0.538918 0.337613 0.662335 
1740.4 0.538646 0.337627 0.662321 1 0 0 1 0 0 1 0 0 1 0 0 0.491871 0.337505 0.662442 0.538646 0.337627 0.662321 
1752.4 0.538841 0.337429 0.662519 1 0 0 1 0 0 1 0 0 1 0 0 0.492084 0.3373 0.662648 0.538841 0.337429 0.662519 
1764.4 0.538713 0.337468 0.66248 1 0 0 1 0 0 1 0 0 1 0 0 0.491989 0.337342 0.662606 0.538713 0.337468 0.66248 
1776.4 0.538646 0.337401 0.662547 1 0 0 1 0 0 1 0 0 1 0 0 0.491943 0.337253 0.662695 0.538646 0.337401 0.662547 
1788.4 0.538884 0.337381 0.662567 1 0 0 1 0 0 1 0 0 1 0 0 0.492152 0.337235 0.662713 0.538884 0.337381 0.662567 
1800.4 0.538759 0.337438 0.66251 1 0 0 1 0 0 1 0 0 1 0 0 0.492097 0.337285 0.662663 0.538759 0.337438 0.66251 
1812.4 0.53889 0.337195 0.662753 1 0 0 1 0 0 1 0 0 1 0 0 0.492263 0.33708 0.662868 0.53889 0.337195 0.662753 
1824.4 0.53868 0.33722 0.662728 1 0 0 1 0 0 1 0 0 1 0 0 0.492055 0.337143 0.662805 0.53868 0.33722 0.662728 
1836.4 0.538842 0.33713 0.662818 1 0 0 1 0 0 1 0 0 1 0 0 0.492196 0.33711 0.662838 0.538842 0.33713 0.662818 
1848.4 0.538728 0.337335 0.662613 1 0 0 1 0 0 1 0 0 1 0 0 0.49216 0.337329 0.662618 0.538728 0.337335 0.662613 
1860.4 0.538724 0.337328 0.66262 1 0 0 1 0 0 1 0 0 1 0 0 0.492148 0.337349 0.662599 0.538724 0.337328 0.66262 
1872.4 0.538738 0.337264 0.662684 1 0 0 1 0 0 1 0 0 1 0 0 0.492205 0.337227 0.662721 0.538738 0.337264 0.662684 
1884.4 0.538708 0.337225 0.662723 1 0 0 1 0 0 1 0 0 1 0 0 0.492152 0.337177 0.662771 0.538708 0.337225 0.662723 
1896.4 0.538796 0.337218 0.66273 1 0 0 1 0 0 1 0 0 1 0 0 0.492218 0.337153 0.662795 0.538796 0.337218 0.66273 
1908.4 0.538669 0.33732 0.662628 1 0 0 1 0 0 1 0 0 1 0 0 0.492059 0.337292 0.662656 0.538669 0.33732 0.662628 
1920.4 0.538766 0.337292 0.662656 1 0 0 1 0 0 1 0 0 1 0 0 0.492289 0.337206 0.662742 0.538766 0.337292 0.662656 
1932.4 0.538763 0.337211 0.662737 1 0 0 1 0 0 1 0 0 1 0 0 0.492312 0.337169 0.662779 0.538763 0.337211 0.662737 
1944.4 0.538751 0.337128 0.66282 1 0 0 1 0 0 1 0 0 1 0 0 0.492235 0.33719 0.662758 0.538751 0.337128 0.66282 
1956.4 0.53876 0.337213 0.662735 1 0 0 1 0 0 1 0 0 1 0 0 0.492347 0.337228 0.66272 0.53876 0.337213 0.662735 
1968.4 0.538778 0.337246 0.662702 1 0 0 1 0 0 1 0 0 1 0 0 0.492346 0.33726 0.662688 0.538778 0.337246 0.662702 
1980.4 0.538861 0.33717 0.662777 1 0 0 1 0 0 1 0 0 1 0 0 0.492377 0.337194 0.662754 0.538861 0.33717 0.662777 
1992.4 0.538805 0.337272 0.662675 1 0 0 1 0 0 1 0 0 1 0 0 0.492304 0.337303 0.662644 0.538805 0.337272 0.662675 
2004.4 0.539049 0.33716 0.662788 1 0 0 1 0 0 1 0 0 1 0 0 0.492587 0.337152 0.662796 0.539049 0.33716 0.662788 
2016.4 0.538734 0.337335 0.662613 1 0 0 1 0 0 1 0 0 1 0 0 0.492272 0.337342 0.662606 0.538734 0.337335 0.662613 
2028.4 0.538868 0.337148 0.6628 1 0 0 1 0 0 1 0 0 1 0 0 0.492414 0.337121 0.662827 0.538868 0.337148 0.6628 
2040.4 0.538997 0.336962 0.662986 1 0 0 1 0 0 1 0 0 1 0 0 0.492533 0.336917 0.663031 0.538997 0.336962 0.662986 
2052.4 0.53887 0.336988 0.66296 1 0 0 1 0 0 1 0 0 1 0 0 0.492409 0.336938 0.663009 0.53887 0.336988 0.66296 
2064.4 0.538877 0.337034 0.662914 1 0 0 1 0 0 1 0 0 1 0 0 0.492435 0.336964 0.662984 0.538877 0.337034 0.662914 
2076.4 0.538832 0.337224 0.662724 1 0 0 1 0 0 1 0 0 1 0 0 0.492308 0.337258 0.66269 0.538832 0.337224 0.662724 
2088.4 0.539041 0.337248 0.662699 1 0 0 1 0 0 1 0 0 1 0 0 0.492618 0.33726 0.662688 0.539041 0.337248 0.662699 
2100.4 0.538908 0.337273 0.662675 1 0 0 1 0 0 1 0 0 1 0 0 0.492475 0.337344 0.662603 0.538908 0.337273 0.662675 
2112.4 0.538965 0.337193 0.662755 1 0 0 1 0 0 1 0 0 1 0 0 0.492582 0.337238 0.662709 0.538965 0.337193 0.662755 
2124.4 0.539027 0.337119 0.662829 1 0 0 1 0 0 1 0 0 1 0 0 0.492625 0.337175 0.662773 0.539027 0.337119 0.662829 
2136.4 0.538712 0.337168 0.66278 1 0 0 1 0 0 1 0 0 1 0 0 0.492286 0.337269 0.662678 0.538712 0.337168 0.66278 
2148.4 0.538943 0.337046 0.662902 1 0 0 1 0 0 1 0 0 1 0 0 0.492559 0.337089 0.662859 0.538943 0.337046 0.662902 
2160.4 0.53895 0.337143 0.662805 1 0 0 1 0 0 1 0 0 1 0 0 0.492539 0.337172 0.662775 0.53895 0.337143 0.662805 
2172.4 0.538845 0.337181 0.662767 1 0 0 1 0 0 1 0 0 1 0 0 0.492426 0.337211 0.662737 0.538845 0.337181 0.662767 
2184.4 0.539029 0.337096 0.662852 1 0 0 1 0 0 1 0 0 1 0 0 0.492618 0.337131 0.662817 0.539029 0.337096 0.662852 
2196.4 0.538887 0.337289 0.662659 1 0 0 1 0 0 1 0 0 1 0 0 0.492509 0.337301 0.662647 0.538887 0.337289 0.662659 
2208.4 0.538921 0.337232 0.662716 1 0 0 1 0 0 1 0 0 1 0 0 0.49251 0.337237 0.662711 0.538921 0.337232 0.662716 
2220.4 0.538923 0.337069 0.662879 1 0 0 1 0 0 1 0 0 1 0 0 0.492506 0.337014 0.662934 0.538923 0.337069 0.662879 
2232.4 0.538811 0.33712 0.662828 1 0 0 1 0 0 1 0 0 1 0 0 0.49235 0.337059 0.662889 0.538811 0.33712 0.662828 
2244.4 0.538994 0.337138 0.66281 1 0 0 1 0 0 1 0 0 1 0 0 0.492504 0.337097 0.662851 0.538994 0.337138 0.66281 
2256.4 0.539103 0.33706 0.662888 1 0 0 1 0 0 1 0 0 1 0 0 0.492648 0.336999 0.662949 0.539103 0.33706 0.662888 
2268.4 0.539031 0.337095 0.662853 1 0 0 1 0 0 1 0 0 1 0 0 0.492598 0.337034 0.662913 0.539031 0.337095 0.662853 
2280.4 0.539141 0.337033 0.662915 1 0 0 1 0 0 1 0 0 1 0 0 0.492686 0.336998 0.66295 0.539141 0.337033 0.662915 
2292.4 0.538977 0.337192 0.662756 1 0 0 1 0 0 1 0 0 1 0 0 0.49258 0.337146 0.662802 0.538977 0.337192 0.662756 
2304.4 0.539019 0.337223 0.662725 1 0 0 1 0 0 1 0 0 1 0 0 0.492588 0.337238 0.66271 0.539019 0.337223 0.662725 
2316.4 0.539075 0.337072 0.662876 1 0 0 1 0 0 1 0 0 1 0 0 0.492685 0.337078 0.66287 0.539075 0.337072 0.662876 
2328.4 0.539086 0.337087 0.662861 1 0 0 1 0 0 1 0 0 1 0 0 0.492747 0.337105 0.662843 0.539086 0.337087 0.662861 
2340.4 0.539257 0.33712 0.662828 1 0 0 1 0 0 1 0 0 1 0 0 0.492877 0.337184 0.662764 0.539257 0.33712 0.662828 
2352.4 0.539036 0.337292 0.662656 1 0 0 1 0 0 1 0 0 1 0 0 0.492722 0.337363 0.662585 0.539036 0.337292 0.662656 
2364.4 0.539094 0.337254 0.662694 1 0 0 1 0 0 1 0 0 1 0 0 0.492786 0.337327 0.662621 0.539094 0.337254 0.662694 
2376.4 0.539084 0.337127 0.662821 1 0 0 1 0 0 1 0 0 1 0 0 0.492723 0.337209 0.662739 0.539084 0.337127 0.662821 
2388.4 0.539088 0.337136 0.662812 1 0 0 1 0 0 1 0 0 1 0 0 0.492749 0.337178 0.66277 0.539088 0.337136 0.662812 
2400.4 0.539007 0.337277 0.662671 1 0 0 1 0 0 1 0 0 1 0 0 0.492579 0.337367 0.66258 0.539007 0.337277 0.662671 
2412.4 0.539043 0.337312 0.662636 1 0 0 1 0 0 1 0 0 1 0 0 0.492591 0.337386 0.662562 0.539043 0.337312 0.662636 
2424.4 0.539203 0.337329 0.662619 1 0 0 1 0 0 1 0 0 1 0 0 0.492809 0.337312 0.662635 0.539203 0.337329 0.662619 
2436.4 0.539174 0.337276 0.662672 1 0 0 1 0 0 1 0 0 1 0 0 0.492671 0.337304 0.662644 0.539174 0.337276 0.662672 
2448.4 0.538962 0.337231 0.662716 1 0 0 1 0 0 1 0 0 1 0 0 0.492581 0.337175 0.662773 0.538962 0.337231 0.662716 
2460.4 0.539065 0.337207 0.662741 1 0 0 1 0 0 1 0 0 1 0 0 0.49268 0.33715 0.662798 0.539065 0.337207 0.662741 
2472.4 0.53909 0.337246 0.662702 1 0 0 1 0 0 1 0 0 1 0 0 0.492746 0.337196 0.662752 0.53909 0.337246 0.662702 
2484.4 0.538931 0.337286 0.662662 1 0 0 1 0 0 1 0 0 1 0 0 0.492621 0.337255 0.662693 0.538931 0.337286 0.662662 
2496.4 0.539116 0.3371 0.662848 1 0 0 1 0 0 1 0 0 1 0 0 0.492822 0.337067 0.66288 0.539116 0.3371 0.662848 
2508.4 0.539124 0.337023 0.662924 1 0 0 1 0 0 1 0 0 1 0 0 0.492817 0.337002 0.662946 0.539124 0.337023 0.662924 
2520.4 0.539003 0.337066 0.662882 1 0 0 1 0 0 1 0 0 1 0 0 0.492614 0.337095 0.662853 0.539003 0.337066 0.662882 
2532.4 0.539024 0.33708 0.662868 1 0 0 1 0 0 1 0 0 1 0 0 0.492688 0.337104 0.662844 0.539024 0.33708 0.662868 
2544.4 0.539201 0.337104 0.662844 1 0 0 1 0 0 1 0 0 1 0 0 0.492886 0.337123 0.662825 0.539201 0.337104 0.662844 
2556.4 0.539028 0.337135 0.662813 1 0 0 1 0 0 1 0 0 1 0 0 0.492706 0.337153 0.662794 0.539028 0.337135 0.662813 
2568.4 0.539024 0.337018 0.662929 1 0 0 1 0 0 1 0 0 1 0 0 0.492743 0.337023 0.662925 0.539024 0.337018 0.662929 
2580.4 0.539207 0.336875 0.663073 1 0 0 1 0 0 1 0 0 1 0 0 0.49282 0.336995 0.662953 0.539207 0.336875 0.663073 
2592.4 0.538889 0.337017 0.662931 1 0 0 1 0 0 1 0 0 1 0 0 0.492616 0.337096 0.662852 0.538889 0.337017 0.662931 
2604.4 0.539052 0.336764 0.663183 1 0 0 1 0 0 1 0 0 1 0 0 0.492765 0.336822 0.663126 0.539052 0.336764 0.663183 
2616.4 0.538962 0.336726 0.663222 1 0 0 1 0 0 1 0 0 1 0 0 0.492622 0.33679 0.663158 0.538962 0.336726 0.663222 
2628.4 0.538956 0.336886 0.663062 1 0 0 1 0 0 1 0 0 1 0 0 0.492683 0.336882 0.663066 0.538956 0.336886 0.663062 
2640.4 0.538977 0.336956 0.662992 1 0 0 1 0 0 1 0 0 1 0 0 0.492695 0.336992 0.662956 0.538977 0.336956 0.662992 
2652.4 0.538929 0.33695 0.662998 1 0 0 1 0 0 1 0 0 1 0 0 0.492695 0.336997 0.66295 0.538929 0.33695 0.662998 
2664.4 0.539078 0.336911 0.663037 1 0 0 1 0 0 1 0 0 1 0 0 0.492843 0.336943 0.663005 0.539078 0.336911 0.663037 
2676.4 0.539069 0.336944 0.663004 1 0 0 1 0 0 1 0 0 1 0 0 0.492765 0.337 0.662947 0.539069 0.336944 0.663004 
2688.4 0.538947 0.33701 0.662937 1 0 0 1 0 0 1 0 0 1 0 0 0.492723 0.337015 0.662933 0.538947 0.33701 0.662937 
2700.4 0.538895 0.337075 0.662873 1 0 0 1 0 0 1 0 0 1 0 0 0.492607 0.33711 0.662838 0.538895 0.337075 0.662873 
2712.4 0.539192 0.336941 0.663007 1 0 0 1 0 0 1 0 0 1 0 0 0.492899 0.336984 0.662964 0.539192 0.336941 0.663007 
2724.4 0.539009 0.336995 0.662953 1 0 0 1 0 0 1 0 0 1 0 0 0.492798 0.337058 0.66289 0.539009 0.336995 0.662953 
2736.4 0.538923 0.336987 0.66296 1 0 0 1 0 0 1 0 0 1 0 0 0.492628 0.337132 0.662816 0.538923 0.336987 0.66296 
2748.4 0.539086 0.336879 0.663069 1 0 0 1 0 0 1 0 0 1 0 0 0.492813 0.336978 0.66297 0.539086 0.336879 0.663069 
2760.4 0.539113 0.336969 0.662979 1 0 0 1 0 0 1 0 0 1 0 0 0.492903 0.337021 0.662926 0.539113 0.336969 0.662979 
2772.4 0.539091 0.336882 0.663066 1 0 0 1 0 0 1 0 0 1 0 0 0.49283 0.336946 0.663002 0.539091 0.336882 0.663066 
2784.4 0.538903 0.33697 0.662977 1 0 0 1 0 0 1 0 0 1 0 0 0.492661 0.337004 0.662944 0.538903 0.33697 0.662977 
2796.4 0.539042 0.3369 0.663048 1 0 0 1 0 0 1 0 0 1 0 0 0.492786 0.336929 0.663019 0.539042 0.3369 0.663048 
2808.4 0.538922 0.336939 0.663009 1 0 0 1 0 0 1 0 0 1 0 0 0.492663 0.33698 0.662967 0.538922 0.336939 0.663009 
2820.4 0.539012 0.336824 0.663124 1 0 0 1 0 0 1 0 0 1 0 0 0.492744 0.336869 0.663078 0.539012 0.336824 0.663124 
2832.4 0.539072 0.336783 0.663165 1 0 0 1 0 0 1 0 0 1 0 0 0.492805 0.336824 0.663124 0.539072 0.336783 0.663165 
2844.4 0.538901 0.336943 0.663005 1 0 0 1 0 0 1 0 0 1 0 0 0.49267 0.336981 0.662967 0.538901 0.336943 0.663005 
2856.4 0.538908 0.336996 0.662952 1 0 0 1 0 0 1 0 0 1 0 0 0.492665 0.337038 0.66291 0.538908 0.336996 0.662952 
2868.4 0.538877 0.336971 0.662977 1 0 0 1 0 0 1 0 0 1 0 0 0.492669 0.337009 0.662939 0.538877 0.336971 0.662977 
2880.4 0.539115 0.336752 0.663195 1 0 0 1 0 0 1 0 0 1 0 0 0.492875 0.336804 0.663144 0.539115 0.336752 0.663195 
2892.4 0.53899 0.33684 0.663108 1 0 0 1 0 0 1 0 0 1 0 0 0.492824 0.3369 0.663048 0.53899 0.33684 0.663108 
2904.4 0.539006 0.336813 0.663135 1 0 0 1 0 0 1 0 0 1 0 0 0.492802 0.33696 0.662988 0.539006 0.336813 0.663135 
2916.4 0.538715 0.336839 0.663109 1 0 0 1 0 0 1 0 0 1 0 0 0.492524 0.336993 0.662955 0.538715 0.336839 0.663109 
2928.4 0.538807 0.336776 0.663172 1 0 0 1 0 0 1 0 0 1 0 0 0.492626 0.33687 0.663078 0.538807 0.336776 0.663172 
2940.4 0.538895 0.336643 0.663305 1 0 0 1 0 0 1 0 0 1 0 0 0.492689 0.336705 0.663243 0.538895 0.336643 0.663305 
2952.4 0.539107 0.336542 0.663405 1 0 0 1 0 0 1 0 0 1 0 0 0.492859 0.336612 0.663336 0.539107 0.336542 0.663405 
2964.4 0.538893 0.336831 0.663117 1 0 0 1 0 0 1 0 0 1 0 0 0.492607 0.33693 0.663018 0.538893 0.336831 0.663117 
2976.4 0.538908 0.336887 0.663061 1 0 0 1 0 0 1 0 0 1 0 0 0.492698 0.336939 0.663009 0.538908 0.336887 0.663061 
2988.4 0.538948 0.336931 0.663017 1 0 0 1 0 0 1 0 0 1 0 0 0.492737 0.336972 0.662976 0.538948 0.336931 0.663017 
3000.4 0.539081 0.33688 0.663068 1 0 0 1 0 0 1 0 0 1 0 0 0.492845 0.336907 0.663041 0.539081 0.33688 0.663068 
3012.4 0.539088 0.336982 0.662966 1 0 0 1 0 0 1 0 0 1 0 0 0.492824 0.337041 0.662907 0.539088 0.336982 0.662966 
3024.4 0.538978 0.336986 0.662962 1 0 0 1 0 0 1 0 0 1 0 0 0.492714 0.337069 0.662879 0.538978 0.336986 0.662962 
3036.4 0.538994 0.336779 0.663169 1 0 0 1 0 0 1 0 0 1 0 0 0.492736 0.336865 0.663083 0.538994 0.336779 0.663169 
3048.4 0.538822 0.336782 0.663166 1 0 0 1 0 0 1 0 0 1 0 0 0.492541 0.336866 0.663082 0.538822 0.336782 0.663166 
3060.4 0.538905 0.336765 0.663183 1 0 0 1 0 0 1 0 0 1 0 0 0.492563 0.336831 0.663116 0.538905 0.336765 0.663183 
3072.4 0.538946 0.336861 0.663087 1 0 0 1 0 0 1 0 0 1 0 0 0.492668 0.336852 0.663096 0.538946 0.336861 0.663087 
3084.4 0.538889 0.3368 0.663148 1 0 0 1 0 0 1 0 0 1 0 0 0.492614 0.336802 0.663146 0.538889 0.3368 0.663148 
3096.4 0.53883 0.33666 0.663288 1 0 0 1 0 0 1 0 0 1 0 0 0.492494 0.336757 0.663191 0.53883 0.33666 0.663288 
3108.4 0.538993 0.336649 0.663299 1 0 0 1 0 0 1 0 0 1 0 0 0.492704 0.33674 0.663208 0.538993 0.336649 0.663299 
3120.4 0.539002 0.336846 0.663102 1 0 0 1 0 0 1 0 0 1 0 0 0.492738 0.336943 0.663004 0.539002 0.336846 0.663102 
3132.4 0.538824 0.337196 0.662752 1 0 0 1 0 0 1 0 0 1 0 0 0.492615 0.337274 0.662674 0.538824 0.337196 0.662752 
3144.4 0.539024 0.337237 0.662711 1 0 0 1 0 0 1 0 0 1 0 0 0.492714 0.33737 0.662578 0.539024 0.337237 0.662711 
3156.4 0.53921 0.337033 0.662915 1 0 0 1 0 0 1 0 0 1 0 0 0.492891 0.337131 0.662817 0.53921 0.337033 0.662915 
3168.4 0.539087 0.336954 0.662994 1 0 0 1 0 0 1 0 0 1 0 0 0.492782 0.337002 0.662946 0.539087 0.336954 0.662994 
3180.4 0.539008 0.336959 0.662989 1 0 0 1 0 0 1 0 0 1 0 0 0.492696 0.336999 0.662949 0.539008 0.336959 0.662989 
3192.4 0.538824 0.337026 0.662922 1 0 0 1 0 0 1 0 0 1 0 0 0.492491 0.337095 0.662853 0.538824 0.337026 0.662922 
3204.4 0.539067 0.336913 0.663034 1 0 0 1 0 0 1 0 0 1 0 0 0.492762 0.336941 0.663007 0.539067 0.336913 0.663034 
3216.4 0.539039 0.33707 0.662878 1 0 0 1 0 0 1 0 0 1 0 0 0.492774 0.33707 0.662878 0.539039 0.33707 0.662878 
3228.4 0.539008 0.337041 0.662907 1 0 0 1 0 0 1 0 0 1 0 0 0.4927 0.337077 0.662871 0.539008 0.337041 0.662907 
3240.4 0.539255 0.336876 0.663072 1 0 0 1 0 0 1 0 0 1 0 0 0.492938 0.336891 0.663057 0.539255 0.336876 0.663072 
3252.4 0.538948 0.337082 0.662866 1 0 0 1 0 0 1 0 0 1 0 0 0.492682 0.337068 0.66288 0.538948 0.337082 0.662866 
3264.4 0.539085 0.336969 0.662979 1 0 0 1 0 0 1 0 0 1 0 0 0.492751 0.336992 0.662956 0.539085 0.336969 0.662979 
3276.4 0.539144 0.336882 0.663066 1 0 0 1 0 0 1 0 0 1 0 0 0.492837 0.336876 0.663072 0.539144 0.336882 0.663066 
3288.4 0.538991 0.336968 0.66298 1 0 0 1 0 0 1 0 0 1 0 0 0.4927 0.336975 0.662972 0.538991 0.336968 0.66298 
3300.4 0.539215 0.336849 0.663099 1 0 0 1 0 0 1 0 0 1 0 0 0.492901 0.33689 0.663058 0.539215 0.336849 0.663099 
3312.4 0.539034 0.33698 0.662967 1 0 0 1 0 0 1 0 0 1 0 0 0.492788 0.337027 0.662921 0.539034 0.33698 0.662967 
3324.4 0.539102 0.33716 0.662788 1 0 0 1 0 0 1 0 0 1 0 0 0.492869 0.337226 0.662722 0.539102 0.33716 0.662788 
3336.4 0.539098 0.337261 0.662687 1 0 0 1 0 0 1 0 0 1 0 0 0.492919 0.337294 0.662654 0.539098 0.337261 0.662687 
3348.4 0.539235 0.336981 0.662967 1 0 0 1 0 0 1 0 0 1 0 0 0.492923 0.337071 0.662877 0.539235 0.336981 0.662967 
3360.4 0.539036 0.336903 0.663045 1 0 0 1 0 0 1 0 0 1 0 0 0.492758 0.33696 0.662988 0.539036 0.336903 0.663045 
3372.4 0.538751 0.337056 0.662892 1 0 0 1 0 0 1 0 0 1 0 0 0.492497 0.337085 0.662863 0.538751 0.337056 0.662892 
3384.4 0.538958 0.337017 0.66293 1 0 0 1 0 0 1 0 0 1 0 0 0.492659 0.337014 0.662934 0.538958 0.337017 0.66293 
3396.4 0.53907 0.337013 0.662935 1 0 0 1 0 0 1 0 0 1 0 0 0.492788 0.337007 0.662941 0.53907 0.337013 0.662935 
3408.4 0.539049 0.336965 0.662983 1 0 0 1 0 0 1 0 0 1 0 0 0.492743 0.337028 0.66292 0.539049 0.336965 0.662983 
3420.4 0.539195 0.336659 0.663289 1 0 0 1 0 0 1 0 0 1 0 0 0.492945 0.336707 0.663241 0.539195 0.336659 0.663289 
3432.4 0.538997 0.336759 0.663189 1 0 0 1 0 0 1 0 0 1 0 0 0.492788 0.336798 0.66315 0.538997 0.336759 0.663189 
3444.4 0.538876 0.336938 0.66301 1 0 0 1 0 0 1 0 0 1 0 0 0.492634 0.337003 0.662945 0.538876 0.336938 0.66301 
3456.4 0.53903 0.336851 0.663097 1 0 0 1 0 0 1 0 0 1 0 0 0.492822 0.336879 0.663069 0.53903 0.336851 0.663097 
3468.4 0.538961 0.336889 0.663059 1 0 0 1 0 0 1 0 0 1 0 0 0.492688 0.336962 0.662986 0.538961 0.336889 0.663059 
3480.4 0.539054 0.336839 0.663109 1 0 0 1 0 0 1 0 0 1 0 0 0.492763 0.336901 0.663047 0.539054 0.336839 0.663109 
3492.4 0.539031 0.33694 0.663008 1 0 0 1 0 0 1 0 0 1 0 0 0.492735 0.336998 0.66295 0.539031 0.33694 0.663008 
3504.4 0.539028 0.336955 0.662993 1 0 0 1 0 0 1 0 0 1 0 0 0.492781 0.336976 0.662972 0.539028 0.336955 0.662993 
3516.4 0.538986 0.337012 0.662936 1 0 0 1 0 0 1 0 0 1 0 0 0.492737 0.337049 0.662899 0.538986 0.337012 0.662936 
3528.4 0.539176 0.337046 0.662902 1 0 0 1 0 0 1 0 0 1 0 0 0.492953 0.337056 0.662892 0.539176 0.337046 0.662902 
3540.4 0.539219 0.337009 0.662939 1 0 0 1 0 0 1 0 0 1 0 0 0.492956 0.337038 0.66291 0.539219 0.337009 0.662939 
3552.4 0.538964 0.337037 0.662911 1 0 0 1 0 0 1 0 0 1 0 0 0.49271 0.337071 0.662877 0.538964 0.337037 0.662911 
3564.4 0.539074 0.336903 0.663045 1 0 0 1 0 0 1 0 0 1 0 0 0.492861 0.336896 0.663052 0.539074 0.336903 0.663045 
3576.4 0.53892 0.336979 0.662969 1 0 0 1 0 0 1 0 0 1 0 0 0.492715 0.337001 0.662947 0.53892 0.336979 0.662969 
3588.4 0.53904 0.33697 0.662978 1 0 0 1 0 0 1 0 0 1 0 0 0.492806 0.337049 0.662899 0.53904 0.33697 0.662978 
3600.4 0.539128 0.336924 0.663024 1 0 0 1 0 0 1 0 0 1 0 0 0.492925 0.336993 0.662955 0.539128 0.336924 0.663024 
3612.4 0.539207 0.336881 0.663067 1 0 0 1 0 0 1 0 0 1 0 0 0.492978 0.336943 0.663005 0.539207 0.336881 0.663067 
3624.4 0.539032 0.336951 0.662997 1 0 0 1 0 0 1 0 0 1 0 0 0.492754 0.337022 0.662926 0.539032 0.336951 0.662997 
3636.4 0.538973 0.336961 0.662987 1 0 0 1 0 0 1 0 0 1 0 0 0.492676 0.337002 0.662946 0.538973 0.336961 0.662987 
3648.4 0.539283 0.336764 0.663184 1 0 0 1 0 0 1 0 0 1 0 0 0.493006 0.336773 0.663175 0.539283 0.336764 0.663184 
3660.4 0.539057 0.336895 0.663053 1 0 0 1 0 0 1 0 0 1 0 0 0.492827 0.33693 0.663018 0.539057 0.336895 0.663053 
3672.4 0.53921 0.336849 0.663099 1 0 0 1 0 0 1 0 0 1 0 0 0.492977 0.336912 0.663036 0.53921 0.336849 0.663099 
3684.4 0.539091 0.336874 0.663073 1 0 0 1 0 0 1 0 0 1 0 0 0.49285 0.336943 0.663005 0.539091 0.336874 0.663073 
3696.4 0.539097 0.336801 0.663147 1 0 0 1 0 0 1 0 0 1 0 0 0.492863 0.336838 0.66311 0.539097 0.336801 0.663147 
3708.4 0.539128 0.336716 0.663232 1 0 0 1 0 0 1 0 0 1 0 0 0.492867 0.336773 0.663175 0.539128 0.336716 0.663232 
3720.4 0.538969 0.336817 0.663131 1 0 0 1 0 0 1 0 0 1 0 0 0.492728 0.336879 0.663069 0.538969 0.336817 0.663131 
3732.4 0.538965 0.336817 0.663131 1 0 0 1 0 0 1 0 0 1 0 0 0.492704 0.336922 0.663026 0.538965 0.336817 0.663131 
3744.4 0.539177 0.336724 0.663224 1 0 0 1 0 0 1 0 0 1 0 0 0.492955 0.336778 0.66317 0.539177 0.336724 0.663224 
3756.4 0.53894 0.336729 0.663219 1 0 0 1 0 0 1 0 0 1 0 0 0.492787 0.336748 0.6632 0.53894 0.336729 0.663219 
3768.4 0.538977 0.336582 0.663366 1 0 0 1 0 0 1 0 0 1 0 0 0.492752 0.33668 0.663268 0.538977 0.336582 0.663366 
3780.4 0.538997 0.336587 0.663361 1 0 0 1 0 0 1 0 0 1 0 0 0.492749 0.336698 0.66325 0.538997 0.336587 0.663361 
3792.4 0.539055 0.336649 0.663299 1 0 0 1 0 0 1 0 0 1 0 0 0.49277 0.336708 0.66324 0.539055 0.336649 0.663299 
3804.4 0.538825 0.336833 0.663115 1 0 0 1 0 0 1 0 0 1 0 0 0.492606 0.336841 0.663107 0.538825 0.336833 0.663115 
3816.4 0.539041 0.336644 0.663304 1 0 0 1 0 0 1 0 0 1 0 0 0.492811 0.336673 0.663275 0.539041 0.336644 0.663304 
3828.4 0.539315 0.336429 0.663519 1 0 0 1 0 0 1 0 0 1 0 0 0.493018 0.336513 0.663435 0.539315 0.336429 0.663519 
3840.4 0.5389 0.336585 0.663363 1 0 0 1 0 0 1 0 0 1 0 0 0.492669 0.336644 0.663304 0.5389 0.336585 0.663363 
3852.4 0.538963 0.336495 0.663453 1 0 0 1 0 0 1 0 0 1 0 0 0.492657 0.336562 0.663386 0.538963 0.336495 0.663453 
3864.4 0.53901 0.336442 0.663506 1 0 0 1 0 0 1 0 0 1 0 0 0.492744 0.336464 0.663484 0.53901 0.336442 0.663506 
3876.4 0.538858 0.336539 0.663409 1 0 0 1 0 0 1 0 0 1 0 0 0.492637 0.336556 0.663392 0.538858 0.336539 0.663409 
3888.4 0.539158 0.336449 0.663499 1 0 0 1 0 0 1 0 0 1 0 0 0.492868 0.336478 0.66347 0.539158 0.336449 0.663499 
3900.4 0.539196 0.336556 0.663391 1 0 0 1 0 0 1 0 0 1 0 0 0.492954 0.336526 0.663422 0.539196 0.336556 0.663391 
3912.4 0.539029 0.336647 0.663301 1 0 0 1 0 0 1 0 0 1 0 0 0.492811 0.336591 0.663357 0.539029 0.336647 0.663301 
3924.4 0.539158 0.336528 0.66342 1 0 0 1 0 0 1 0 0 1 0 0 0.492916 0.336504 0.663444 0.539158 0.336528 0.66342 
3936.4 0.538943 0.33671 0.663238 1 0 0 1 0 0 1 0 0 1 0 0 0.492667 0.336726 0.663221 0.538943 0.33671 0.663238 
3948.4 0.538954 0.336557 0.663391 1 0 0 1 0 0 1 0 0 1 0 0 0.492679 0.336541 0.663407 0.538954 0.336557 0.663391 
3960.4 0.538982 0.336335 0.663612 1 0 0 1 0 0 1 0 0 1 0 0 0.492768 0.336262 0.663686 0.538982 0.336335 0.663612 
3972.4 0.539082 0.336429 0.663519 1 0 0 1 0 0 1 0 0 1 0 0 0.492797 0.33639 0.663558 0.539082 0.336429 0.663519 
3984.4 0.539127 0.336708 0.66324 1 0 0 1 0 0 1 0 0 1 0 0 0.49282 0.336685 0.663263 0.539127 0.336708 0.66324 
3996.4 0.539149 0.336804 0.663144 1 0 0 1 0 0 1 0 0 1 0 0 0.492861 0.336794 0.663154 0.539149 0.336804 0.663144 
4008.4 0.539365 0.336704 0.663244 1 0 0 1 0 0 1 0 0 1 0 0 0.49307 0.336728 0.66322 0.539365 0.336704 0.663244 
4020.4 0.539045 0.336781 0.663167 1 0 0 1 0 0 1 0 0 1 0 0 0.492743 0.33683 0.663118 0.539045 0.336781 0.663167 
4032.4 0.539079 0.336636 0.663312 1 0 0 1 0 0 1 0 0 1 0 0 0.492726 0.336691 0.663257 0.539079 0.336636 0.663312 
4044.4 0.539294 0.336514 0.663434 1 0 0 1 0 0 1 0 0 1 0 0 0.493007 0.336503 0.663445 0.539294 0.336514 0.663434 
4056.4 0.539062 0.336756 0.663192 1 0 0 1 0 0 1 0 0 1 0 0 0.492744 0.336777 0.663171 0.539062 0.336756 0.663192 
4068.4 0.539383 0.336595 0.663353 1 0 0 1 0 0 1 0 0 1 0 0 0.493064 0.336585 0.663363 0.539383 0.336595 0.663353 
4080.4 0.539082 0.3367 0.663248 1 0 0 1 0 0 1 0 0 1 0 0 0.492785 0.336674 0.663273 0.539082 0.3367 0.663248 
4092.4 0.53919 0.336781 0.663167 1 0 0 1 0 0 1 0 0 1 0 0 0.492858 0.336805 0.663143 0.53919 0.336781 0.663167 
4104.4 0.539133 0.336873 0.663075 1 0 0 1 0 0 1 0 0 1 0 0 0.492916 0.336862 0.663086 0.539133 0.336873 0.663075 
4116.4 0.539153 0.336697 0.663251 1 0 0 1 0 0 1 0 0 1 0 0 0.492885 0.336718 0.66323 0.539153 0.336697 0.663251 
4128.4 0.539322 0.336523 0.663425 1 0 0 1 0 0 1 0 0 1 0 0 0.493066 0.336536 0.663412 0.539322 0.336523 0.663425 
4140.4 0.538994 0.336809 0.663139 1 0 0 1 0 0 1 0 0 1 0 0 0.492701 0.336807 0.663141 0.538994 0.336809 0.663139 
4152.4 0.539207 0.336825 0.663122 1 0 0 1 0 0 1 0 0 1 0 0 0.492871 0.336785 0.663163 0.539207 0.336825 0.663122 
4164.4 0.539263 0.336921 0.663027 1 0 0 1 0 0 1 0 0 1 0 0 0.492922 0.33686 0.663088 0.539263 0.336921 0.663027 
4176.4 0.539268 0.336956 0.662992 1 0 0 1 0 0 1 0 0 1 0 0 0.492882 0.336931 0.663016 0.539268 0.336956 0.662992 
4188.4 0.539563 0.336766 0.663182 1 0 0 1 0 0 1 0 0 1 0 0 0.493237 0.336698 0.66325 0.539563 0.336766 0.663182 
4200.4 0.539079 0.336929 0.663019 1 0 0 1 0 0 1 0 0 1 0 0 0.49269 0.336965 0.662983 0.539079 0.336929 0.663019 
4212.4 0.539098 0.336912 0.663036 1 0 0 1 0 0 1 0 0 1 0 0 0.492763 0.336981 0.662967 0.539098 0.336912 0.663036 
4224.4 0.539218 0.336838 0.66311 1 0 0 1 0 0 1 0 0 1 0 0 0.492966 0.336876 0.663072 0.539218 0.336838 0.66311 
4236.4 0.539119 0.33678 0.663168 1 0 0 1 0 0 1 0 0 1 0 0 0.492813 0.336863 0.663085 0.539119 0.33678 0.663168 
4248.4 0.539076 0.336736 0.663212 1 0 0 1 0 0 1 0 0 1 0 0 0.492901 0.33674 0.663208 0.539076 0.336736 0.663212 
4260.4 0.539118 0.336729 0.663219 1 0 0 1 0 0 1 0 0 1 0 0 0.492877 0.336805 0.663143 0.539118 0.336729 0.663219 
4272.4 0.539037 0.336776 0.663172 1 0 0 1 0 0 1 0 0 1 0 0 0.492766 0.336907 0.663041 0.539037 0.336776 0.663172 
4284.4 0.539054 0.336782 0.663114 1 0 0 1 0 0 1 0 0 1 0 0 0.492853 0.33685 0.663046 0.539054 0.336782 0.663114 
4296.4 0.539221 0.336813 0.663082 1 0 0 1 0 0 1 0 0 1 0 0 0.493001 0.336861 0.663035 0.539221 0.336813 0.663082 
4308.4 0.539117 0.336862 0.663034 1 0 0 1 0 0 1 0 0 1 0 0 0.4929 0.336875 0.66302 0.539117 0.336862 0.663034 
4320.4 0.53921 0.336705 0.663087 1 0 0 1 0 0 1 0 0 1 0 0 0.492911 0.336768 0.663024 0.53921 0.336705 0.663087 
4332.4 0.539133 0.33658 0.663212 1 0 0 1 0 0 1 0 0 1 0 0 0.492931 0.336578 0.663213 0.539133 0.33658 0.663212 
4344.4 0.538964 0.3366 0.663139 1 0 0 1 0 0 1 0 0 1 0 0 0.492687 0.336636 0.663104 0.538964 0.3366 0.663139 
4356.4 0.539118 0.336629 0.663058 1 0 0 1 0 0 1 0 0 1 0 0 0.492859 0.336623 0.663064 0.539118 0.336629 0.663058 
4368.4 0.539237 0.336637 0.662999 1 0 0 1 0 0 1 0 0 1 0 0 0.492996 0.33662 0.663015 0.539237 0.336637 0.662999 
4380.4 0.539066 0.336637 0.662946 1 0 0 1 0 0 1 0 0 1 0 0 0.492798 0.336685 0.662898 0.539066 0.336637 0.662946 
4392.4 0.539154 0.336477 0.663055 1 0 0 1 0 0 1 0 0 1 0 0 0.492943 0.336504 0.663027 0.539154 0.336477 0.663055 
4404.4 22.6129 0.336422 0.662901 1 0 0 1 0 0 1 0 0 1 0 0 20.3988 0.336435 0.662888 22.6129 0.336422 0.662901 
4416.4 23.038 0.336435 0.662576 1 0 0 1 0 0 1 0 0 1 0 0 21.0785 0.336475 0.662536 23.038 0.336435 0.662576 
4428.4 22.433 0.336158 0.662332 1 0 0 1 0 0 1 0 0 1 0 0 21.1749 0.336196 0.662294 22.433 0.336158 0.662332 
4440.4 0.539877 0.335929 0.662144 1 0 0 1 0 0 1 0 0 1 0 0 0.493685 0.335999 0.662074 0.539877 0.335929 0.662144 
4452.4 22.3526 0.335766 0.661734 1 0 0 1 0 0 1 0 0 1 0 0 19.6631 0.33585 0.66165 22.3526 0.335766 0.661734 
4464.4 0.540836 0.335379 0.661131 1 0 0 1 0 0 1 0 0 1 0 0 0.494693 0.335431 0.66108 0.540836 0.335379 0.661131 
4476.4 65.7818 0.335191 0.660382 1 0 0 1 0 0 1 0 0 1 0 0 60.3214 0.335181 0.660392 65.7818 0.335191 0.660382 
4488.4 22.0183 0.33458 0.659326 1 0 0 1 0 0 1 0 0 1 0 0 19.4445 0.334612 0.659294 22.0183 0.33458 0.659326 
4500.4 0.542238 0.334347 0.658674 1 0 0 1 0 0 1 0 0 1 0 0 0.496309 0.334306 0.658715 0.542238 0.334347 0.658674 
4512.4 0.542579 0.334202 0.658142 1 0 0 1 0 0 1 0 0 1 0 0 0.49659 0.33418 0.658164 0.542579 0.334202 0.658142 
4524.4 0.543164 0.333889 0.657726 1 0 0 1 0 0 1 0 0 1 0 0 0.497178 0.333852 0.657762 0.543164 0.333889 0.657726 
4536.4 0.543649 0.333411 0.656537 1 0 0 1 0 0 1 0 0 1 0 0 0.497812 0.333362 0.656586 0.543649 0.333411 0.656537 
4548.4 22.2864 0.332824 0.655353 1 0 0 1 0 0 1 0 0 1 0 0 20.375 0.332825 0.655352 22.2864 0.332824 0.655353 
